((1.1,10.10),(2.2,3.3)); 12
((1.1,10.10),(3.3,4.4)); 2
((1.1,10.10),(5.5,6.6)); 50
((1.1,10.10),(5.5,7.7)); 46
((1.1,10.10),(5.5,8.8)); 46
((1.1,10.10),(5.5,9.9)); 46
((1.1,10.10),(6.6,7.7)); 46
((1.1,10.10),(6.6,8.8)); 46
((1.1,10.10),(6.6,9.9)); 46
((1.1,10.10),(7.7,8.8)); 50
((1.1,10.10),(7.7,9.9)); 42
((1.1,10.10),(8.8,9.9)); 42
((1.1,11.11),(10.10,5.5)); 50
((1.1,11.11),(10.10,6.6)); 50
((1.1,11.11),(10.10,7.7)); 50
((1.1,11.11),(10.10,8.8)); 50
((1.1,11.11),(10.10,9.9)); 50
((1.1,11.11),(2.2,3.3)); 12
((1.1,11.11),(3.3,4.4)); 2
((1.1,11.11),(5.5,6.6)); 50
((1.1,11.11),(5.5,7.7)); 50
((1.1,11.11),(5.5,8.8)); 50
((1.1,11.11),(5.5,9.9)); 50
((1.1,11.11),(6.6,7.7)); 50
((1.1,11.11),(6.6,8.8)); 50
((1.1,11.11),(6.6,9.9)); 50
((1.1,11.11),(7.7,8.8)); 50
((1.1,11.11),(7.7,9.9)); 50
((1.1,11.11),(8.8,9.9)); 50
((1.1,2.2),(10.10,11.11)); 50
((1.1,2.2),(10.10,3.3)); 28
((1.1,2.2),(10.10,4.4)); 47
((1.1,2.2),(10.10,5.5)); 50
((1.1,2.2),(10.10,6.6)); 50
((1.1,2.2),(10.10,7.7)); 50
((1.1,2.2),(10.10,8.8)); 50
((1.1,2.2),(10.10,9.9)); 50
((1.1,2.2),(11.11,3.3)); 28
((1.1,2.2),(11.11,4.4)); 47
((1.1,2.2),(11.11,5.5)); 50
((1.1,2.2),(11.11,6.6)); 50
((1.1,2.2),(11.11,7.7)); 50
((1.1,2.2),(11.11,8.8)); 50
((1.1,2.2),(11.11,9.9)); 50
((1.1,2.2),(3.3,4.4)); 28
((1.1,2.2),(3.3,5.5)); 28
((1.1,2.2),(3.3,6.6)); 28
((1.1,2.2),(3.3,7.7)); 28
((1.1,2.2),(3.3,8.8)); 28
((1.1,2.2),(3.3,9.9)); 28
((1.1,2.2),(4.4,5.5)); 47
((1.1,2.2),(4.4,6.6)); 47
((1.1,2.2),(4.4,7.7)); 47
((1.1,2.2),(4.4,8.8)); 47
((1.1,2.2),(4.4,9.9)); 47
((1.1,2.2),(5.5,6.6)); 50
((1.1,2.2),(5.5,7.7)); 50
((1.1,2.2),(5.5,8.8)); 50
((1.1,2.2),(5.5,9.9)); 50
((1.1,2.2),(6.6,7.7)); 50
((1.1,2.2),(6.6,8.8)); 50
((1.1,2.2),(6.6,9.9)); 50
((1.1,2.2),(7.7,8.8)); 50
((1.1,2.2),(7.7,9.9)); 50
((1.1,2.2),(8.8,9.9)); 50
((1.1,3.3),(10.10,11.11)); 50
((1.1,3.3),(10.10,2.2)); 10
((1.1,3.3),(10.10,4.4)); 47
((1.1,3.3),(10.10,5.5)); 50
((1.1,3.3),(10.10,6.6)); 50
((1.1,3.3),(10.10,7.7)); 50
((1.1,3.3),(10.10,8.8)); 50
((1.1,3.3),(10.10,9.9)); 50
((1.1,3.3),(11.11,2.2)); 10
((1.1,3.3),(11.11,4.4)); 47
((1.1,3.3),(11.11,5.5)); 50
((1.1,3.3),(11.11,6.6)); 50
((1.1,3.3),(11.11,7.7)); 50
((1.1,3.3),(11.11,8.8)); 50
((1.1,3.3),(11.11,9.9)); 50
((1.1,3.3),(2.2,4.4)); 10
((1.1,3.3),(2.2,5.5)); 10
((1.1,3.3),(2.2,6.6)); 10
((1.1,3.3),(2.2,7.7)); 10
((1.1,3.3),(2.2,8.8)); 10
((1.1,3.3),(2.2,9.9)); 10
((1.1,3.3),(4.4,5.5)); 47
((1.1,3.3),(4.4,6.6)); 47
((1.1,3.3),(4.4,7.7)); 47
((1.1,3.3),(4.4,8.8)); 47
((1.1,3.3),(4.4,9.9)); 47
((1.1,3.3),(5.5,6.6)); 50
((1.1,3.3),(5.5,7.7)); 50
((1.1,3.3),(5.5,8.8)); 50
((1.1,3.3),(5.5,9.9)); 50
((1.1,3.3),(6.6,7.7)); 50
((1.1,3.3),(6.6,8.8)); 50
((1.1,3.3),(6.6,9.9)); 50
((1.1,3.3),(7.7,8.8)); 50
((1.1,3.3),(7.7,9.9)); 50
((1.1,3.3),(8.8,9.9)); 50
((1.1,4.4),(10.10,11.11)); 50
((1.1,4.4),(10.10,2.2)); 3
((1.1,4.4),(10.10,3.3)); 1
((1.1,4.4),(10.10,5.5)); 50
((1.1,4.4),(10.10,6.6)); 50
((1.1,4.4),(10.10,7.7)); 50
((1.1,4.4),(10.10,8.8)); 50
((1.1,4.4),(10.10,9.9)); 50
((1.1,4.4),(11.11,2.2)); 3
((1.1,4.4),(11.11,3.3)); 1
((1.1,4.4),(11.11,5.5)); 50
((1.1,4.4),(11.11,6.6)); 50
((1.1,4.4),(11.11,7.7)); 50
((1.1,4.4),(11.11,8.8)); 50
((1.1,4.4),(11.11,9.9)); 50
((1.1,4.4),(2.2,3.3)); 12
((1.1,4.4),(2.2,5.5)); 3
((1.1,4.4),(2.2,6.6)); 3
((1.1,4.4),(2.2,7.7)); 3
((1.1,4.4),(2.2,8.8)); 3
((1.1,4.4),(2.2,9.9)); 3
((1.1,4.4),(3.3,5.5)); 1
((1.1,4.4),(3.3,6.6)); 1
((1.1,4.4),(3.3,7.7)); 1
((1.1,4.4),(3.3,8.8)); 1
((1.1,4.4),(3.3,9.9)); 1
((1.1,4.4),(5.5,6.6)); 50
((1.1,4.4),(5.5,7.7)); 50
((1.1,4.4),(5.5,8.8)); 50
((1.1,4.4),(5.5,9.9)); 50
((1.1,4.4),(6.6,7.7)); 50
((1.1,4.4),(6.6,8.8)); 50
((1.1,4.4),(6.6,9.9)); 50
((1.1,4.4),(7.7,8.8)); 50
((1.1,4.4),(7.7,9.9)); 50
((1.1,4.4),(8.8,9.9)); 50
((1.1,5.5),(10.10,9.9)); 4
((1.1,5.5),(2.2,3.3)); 12
((1.1,5.5),(3.3,4.4)); 2
((1.1,5.5),(7.7,8.8)); 50
((1.1,5.5),(7.7,9.9)); 11
((1.1,5.5),(8.8,9.9)); 11
((1.1,6.6),(10.10,9.9)); 4
((1.1,6.6),(2.2,3.3)); 12
((1.1,6.6),(3.3,4.4)); 2
((1.1,6.6),(5.5,7.7)); 1
((1.1,6.6),(5.5,8.8)); 1
((1.1,6.6),(7.7,8.8)); 50
((1.1,6.6),(7.7,9.9)); 11
((1.1,6.6),(8.8,9.9)); 11
((1.1,7.7),(10.10,5.5)); 4
((1.1,7.7),(10.10,6.6)); 4
((1.1,7.7),(10.10,9.9)); 8
((1.1,7.7),(2.2,3.3)); 12
((1.1,7.7),(3.3,4.4)); 2
((1.1,7.7),(5.5,6.6)); 49
((1.1,7.7),(5.5,9.9)); 11
((1.1,7.7),(6.6,9.9)); 11
((1.1,8.8),(10.10,5.5)); 4
((1.1,8.8),(10.10,6.6)); 4
((1.1,8.8),(10.10,9.9)); 8
((1.1,8.8),(2.2,3.3)); 12
((1.1,8.8),(3.3,4.4)); 2
((1.1,8.8),(5.5,6.6)); 49
((1.1,8.8),(5.5,9.9)); 11
((1.1,8.8),(6.6,9.9)); 11
((1.1,8.8),(7.7,9.9)); 1
((1.1,9.9),(2.2,3.3)); 12
((1.1,9.9),(3.3,4.4)); 2
((1.1,9.9),(5.5,6.6)); 50
((1.1,9.9),(5.5,7.7)); 28
((1.1,9.9),(5.5,8.8)); 28
((1.1,9.9),(6.6,7.7)); 28
((1.1,9.9),(6.6,8.8)); 28
((1.1,9.9),(7.7,8.8)); 49
((10.10,11.11),(2.2,3.3)); 50
((10.10,11.11),(2.2,4.4)); 50
((10.10,11.11),(3.3,4.4)); 50
((10.10,11.11),(5.5,6.6)); 50
((10.10,11.11),(5.5,7.7)); 46
((10.10,11.11),(5.5,8.8)); 46
((10.10,11.11),(5.5,9.9)); 46
((10.10,11.11),(6.6,7.7)); 46
((10.10,11.11),(6.6,8.8)); 46
((10.10,11.11),(6.6,9.9)); 46
((10.10,11.11),(7.7,8.8)); 50
((10.10,11.11),(7.7,9.9)); 42
((10.10,11.11),(8.8,9.9)); 42
((10.10,2.2),(3.3,4.4)); 4
((10.10,2.2),(5.5,6.6)); 50
((10.10,2.2),(5.5,7.7)); 46
((10.10,2.2),(5.5,8.8)); 46
((10.10,2.2),(5.5,9.9)); 46
((10.10,2.2),(6.6,7.7)); 46
((10.10,2.2),(6.6,8.8)); 46
((10.10,2.2),(6.6,9.9)); 46
((10.10,2.2),(7.7,8.8)); 50
((10.10,2.2),(7.7,9.9)); 42
((10.10,2.2),(8.8,9.9)); 42
((10.10,3.3),(5.5,6.6)); 50
((10.10,3.3),(5.5,7.7)); 46
((10.10,3.3),(5.5,8.8)); 46
((10.10,3.3),(5.5,9.9)); 46
((10.10,3.3),(6.6,7.7)); 46
((10.10,3.3),(6.6,8.8)); 46
((10.10,3.3),(6.6,9.9)); 46
((10.10,3.3),(7.7,8.8)); 50
((10.10,3.3),(7.7,9.9)); 42
((10.10,3.3),(8.8,9.9)); 42
((10.10,4.4),(2.2,3.3)); 46
((10.10,4.4),(5.5,6.6)); 50
((10.10,4.4),(5.5,7.7)); 46
((10.10,4.4),(5.5,8.8)); 46
((10.10,4.4),(5.5,9.9)); 46
((10.10,4.4),(6.6,7.7)); 46
((10.10,4.4),(6.6,8.8)); 46
((10.10,4.4),(6.6,9.9)); 46
((10.10,4.4),(7.7,8.8)); 50
((10.10,4.4),(7.7,9.9)); 42
((10.10,4.4),(8.8,9.9)); 42
((10.10,5.5),(11.11,2.2)); 50
((10.10,5.5),(11.11,3.3)); 50
((10.10,5.5),(11.11,4.4)); 50
((10.10,5.5),(11.11,7.7)); 4
((10.10,5.5),(11.11,8.8)); 4
((10.10,5.5),(2.2,3.3)); 50
((10.10,5.5),(2.2,4.4)); 50
((10.10,5.5),(2.2,7.7)); 4
((10.10,5.5),(2.2,8.8)); 4
((10.10,5.5),(3.3,4.4)); 50
((10.10,5.5),(3.3,7.7)); 4
((10.10,5.5),(3.3,8.8)); 4
((10.10,5.5),(4.4,7.7)); 4
((10.10,5.5),(4.4,8.8)); 4
((10.10,5.5),(7.7,8.8)); 50
((10.10,5.5),(7.7,9.9)); 11
((10.10,5.5),(8.8,9.9)); 11
((10.10,6.6),(11.11,2.2)); 50
((10.10,6.6),(11.11,3.3)); 50
((10.10,6.6),(11.11,4.4)); 50
((10.10,6.6),(11.11,7.7)); 4
((10.10,6.6),(11.11,8.8)); 4
((10.10,6.6),(2.2,3.3)); 50
((10.10,6.6),(2.2,4.4)); 50
((10.10,6.6),(2.2,7.7)); 4
((10.10,6.6),(2.2,8.8)); 4
((10.10,6.6),(3.3,4.4)); 50
((10.10,6.6),(3.3,7.7)); 4
((10.10,6.6),(3.3,8.8)); 4
((10.10,6.6),(4.4,7.7)); 4
((10.10,6.6),(4.4,8.8)); 4
((10.10,6.6),(5.5,7.7)); 1
((10.10,6.6),(5.5,8.8)); 1
((10.10,6.6),(7.7,8.8)); 50
((10.10,6.6),(7.7,9.9)); 11
((10.10,6.6),(8.8,9.9)); 11
((10.10,7.7),(11.11,2.2)); 50
((10.10,7.7),(11.11,3.3)); 50
((10.10,7.7),(11.11,4.4)); 50
((10.10,7.7),(2.2,3.3)); 50
((10.10,7.7),(2.2,4.4)); 50
((10.10,7.7),(3.3,4.4)); 50
((10.10,7.7),(5.5,6.6)); 49
((10.10,7.7),(5.5,9.9)); 11
((10.10,7.7),(6.6,9.9)); 11
((10.10,8.8),(11.11,2.2)); 50
((10.10,8.8),(11.11,3.3)); 50
((10.10,8.8),(11.11,4.4)); 50
((10.10,8.8),(2.2,3.3)); 50
((10.10,8.8),(2.2,4.4)); 50
((10.10,8.8),(3.3,4.4)); 50
((10.10,8.8),(5.5,6.6)); 49
((10.10,8.8),(5.5,9.9)); 11
((10.10,8.8),(6.6,9.9)); 11
((10.10,8.8),(7.7,9.9)); 1
((10.10,9.9),(11.11,2.2)); 50
((10.10,9.9),(11.11,3.3)); 50
((10.10,9.9),(11.11,4.4)); 50
((10.10,9.9),(11.11,5.5)); 4
((10.10,9.9),(11.11,6.6)); 4
((10.10,9.9),(11.11,7.7)); 8
((10.10,9.9),(11.11,8.8)); 8
((10.10,9.9),(2.2,3.3)); 50
((10.10,9.9),(2.2,4.4)); 50
((10.10,9.9),(2.2,5.5)); 4
((10.10,9.9),(2.2,6.6)); 4
((10.10,9.9),(2.2,7.7)); 8
((10.10,9.9),(2.2,8.8)); 8
((10.10,9.9),(3.3,4.4)); 50
((10.10,9.9),(3.3,5.5)); 4
((10.10,9.9),(3.3,6.6)); 4
((10.10,9.9),(3.3,7.7)); 8
((10.10,9.9),(3.3,8.8)); 8
((10.10,9.9),(4.4,5.5)); 4
((10.10,9.9),(4.4,6.6)); 4
((10.10,9.9),(4.4,7.7)); 8
((10.10,9.9),(4.4,8.8)); 8
((10.10,9.9),(5.5,6.6)); 50
((10.10,9.9),(5.5,7.7)); 28
((10.10,9.9),(5.5,8.8)); 28
((10.10,9.9),(6.6,7.7)); 28
((10.10,9.9),(6.6,8.8)); 28
((10.10,9.9),(7.7,8.8)); 49
((11.11,2.2),(3.3,4.4)); 4
((11.11,2.2),(5.5,6.6)); 50
((11.11,2.2),(5.5,7.7)); 50
((11.11,2.2),(5.5,8.8)); 50
((11.11,2.2),(5.5,9.9)); 50
((11.11,2.2),(6.6,7.7)); 50
((11.11,2.2),(6.6,8.8)); 50
((11.11,2.2),(6.6,9.9)); 50
((11.11,2.2),(7.7,8.8)); 50
((11.11,2.2),(7.7,9.9)); 50
((11.11,2.2),(8.8,9.9)); 50
((11.11,3.3),(5.5,6.6)); 50
((11.11,3.3),(5.5,7.7)); 50
((11.11,3.3),(5.5,8.8)); 50
((11.11,3.3),(5.5,9.9)); 50
((11.11,3.3),(6.6,7.7)); 50
((11.11,3.3),(6.6,8.8)); 50
((11.11,3.3),(6.6,9.9)); 50
((11.11,3.3),(7.7,8.8)); 50
((11.11,3.3),(7.7,9.9)); 50
((11.11,3.3),(8.8,9.9)); 50
((11.11,4.4),(2.2,3.3)); 46
((11.11,4.4),(5.5,6.6)); 50
((11.11,4.4),(5.5,7.7)); 50
((11.11,4.4),(5.5,8.8)); 50
((11.11,4.4),(5.5,9.9)); 50
((11.11,4.4),(6.6,7.7)); 50
((11.11,4.4),(6.6,8.8)); 50
((11.11,4.4),(6.6,9.9)); 50
((11.11,4.4),(7.7,8.8)); 50
((11.11,4.4),(7.7,9.9)); 50
((11.11,4.4),(8.8,9.9)); 50
((11.11,5.5),(2.2,3.3)); 50
((11.11,5.5),(2.2,4.4)); 50
((11.11,5.5),(3.3,4.4)); 50
((11.11,5.5),(7.7,8.8)); 50
((11.11,5.5),(7.7,9.9)); 11
((11.11,5.5),(8.8,9.9)); 11
((11.11,6.6),(2.2,3.3)); 50
((11.11,6.6),(2.2,4.4)); 50
((11.11,6.6),(3.3,4.4)); 50
((11.11,6.6),(5.5,7.7)); 1
((11.11,6.6),(5.5,8.8)); 1
((11.11,6.6),(7.7,8.8)); 50
((11.11,6.6),(7.7,9.9)); 11
((11.11,6.6),(8.8,9.9)); 11
((11.11,7.7),(2.2,3.3)); 50
((11.11,7.7),(2.2,4.4)); 50
((11.11,7.7),(3.3,4.4)); 50
((11.11,7.7),(5.5,6.6)); 49
((11.11,7.7),(5.5,9.9)); 11
((11.11,7.7),(6.6,9.9)); 11
((11.11,8.8),(2.2,3.3)); 50
((11.11,8.8),(2.2,4.4)); 50
((11.11,8.8),(3.3,4.4)); 50
((11.11,8.8),(5.5,6.6)); 49
((11.11,8.8),(5.5,9.9)); 11
((11.11,8.8),(6.6,9.9)); 11
((11.11,8.8),(7.7,9.9)); 1
((11.11,9.9),(2.2,3.3)); 50
((11.11,9.9),(2.2,4.4)); 50
((11.11,9.9),(3.3,4.4)); 50
((11.11,9.9),(5.5,6.6)); 50
((11.11,9.9),(5.5,7.7)); 28
((11.11,9.9),(5.5,8.8)); 28
((11.11,9.9),(6.6,7.7)); 28
((11.11,9.9),(6.6,8.8)); 28
((11.11,9.9),(7.7,8.8)); 49
((2.2,3.3),(4.4,5.5)); 46
((2.2,3.3),(4.4,6.6)); 46
((2.2,3.3),(4.4,7.7)); 46
((2.2,3.3),(4.4,8.8)); 46
((2.2,3.3),(4.4,9.9)); 46
((2.2,3.3),(5.5,6.6)); 50
((2.2,3.3),(5.5,7.7)); 50
((2.2,3.3),(5.5,8.8)); 50
((2.2,3.3),(5.5,9.9)); 50
((2.2,3.3),(6.6,7.7)); 50
((2.2,3.3),(6.6,8.8)); 50
((2.2,3.3),(6.6,9.9)); 50
((2.2,3.3),(7.7,8.8)); 50
((2.2,3.3),(7.7,9.9)); 50
((2.2,3.3),(8.8,9.9)); 50
((2.2,4.4),(5.5,6.6)); 50
((2.2,4.4),(5.5,7.7)); 50
((2.2,4.4),(5.5,8.8)); 50
((2.2,4.4),(5.5,9.9)); 50
((2.2,4.4),(6.6,7.7)); 50
((2.2,4.4),(6.6,8.8)); 50
((2.2,4.4),(6.6,9.9)); 50
((2.2,4.4),(7.7,8.8)); 50
((2.2,4.4),(7.7,9.9)); 50
((2.2,4.4),(8.8,9.9)); 50
((2.2,5.5),(3.3,4.4)); 4
((2.2,5.5),(7.7,8.8)); 50
((2.2,5.5),(7.7,9.9)); 11
((2.2,5.5),(8.8,9.9)); 11
((2.2,6.6),(3.3,4.4)); 4
((2.2,6.6),(5.5,7.7)); 1
((2.2,6.6),(5.5,8.8)); 1
((2.2,6.6),(7.7,8.8)); 50
((2.2,6.6),(7.7,9.9)); 11
((2.2,6.6),(8.8,9.9)); 11
((2.2,7.7),(3.3,4.4)); 4
((2.2,7.7),(5.5,6.6)); 49
((2.2,7.7),(5.5,9.9)); 11
((2.2,7.7),(6.6,9.9)); 11
((2.2,8.8),(3.3,4.4)); 4
((2.2,8.8),(5.5,6.6)); 49
((2.2,8.8),(5.5,9.9)); 11
((2.2,8.8),(6.6,9.9)); 11
((2.2,8.8),(7.7,9.9)); 1
((2.2,9.9),(3.3,4.4)); 4
((2.2,9.9),(5.5,6.6)); 50
((2.2,9.9),(5.5,7.7)); 28
((2.2,9.9),(5.5,8.8)); 28
((2.2,9.9),(6.6,7.7)); 28
((2.2,9.9),(6.6,8.8)); 28
((2.2,9.9),(7.7,8.8)); 49
((3.3,4.4),(5.5,6.6)); 50
((3.3,4.4),(5.5,7.7)); 50
((3.3,4.4),(5.5,8.8)); 50
((3.3,4.4),(5.5,9.9)); 50
((3.3,4.4),(6.6,7.7)); 50
((3.3,4.4),(6.6,8.8)); 50
((3.3,4.4),(6.6,9.9)); 50
((3.3,4.4),(7.7,8.8)); 50
((3.3,4.4),(7.7,9.9)); 50
((3.3,4.4),(8.8,9.9)); 50
((3.3,5.5),(7.7,8.8)); 50
((3.3,5.5),(7.7,9.9)); 11
((3.3,5.5),(8.8,9.9)); 11
((3.3,6.6),(5.5,7.7)); 1
((3.3,6.6),(5.5,8.8)); 1
((3.3,6.6),(7.7,8.8)); 50
((3.3,6.6),(7.7,9.9)); 11
((3.3,6.6),(8.8,9.9)); 11
((3.3,7.7),(5.5,6.6)); 49
((3.3,7.7),(5.5,9.9)); 11
((3.3,7.7),(6.6,9.9)); 11
((3.3,8.8),(5.5,6.6)); 49
((3.3,8.8),(5.5,9.9)); 11
((3.3,8.8),(6.6,9.9)); 11
((3.3,8.8),(7.7,9.9)); 1
((3.3,9.9),(5.5,6.6)); 50
((3.3,9.9),(5.5,7.7)); 28
((3.3,9.9),(5.5,8.8)); 28
((3.3,9.9),(6.6,7.7)); 28
((3.3,9.9),(6.6,8.8)); 28
((3.3,9.9),(7.7,8.8)); 49
((4.4,5.5),(7.7,8.8)); 50
((4.4,5.5),(7.7,9.9)); 11
((4.4,5.5),(8.8,9.9)); 11
((4.4,6.6),(5.5,7.7)); 1
((4.4,6.6),(5.5,8.8)); 1
((4.4,6.6),(7.7,8.8)); 50
((4.4,6.6),(7.7,9.9)); 11
((4.4,6.6),(8.8,9.9)); 11
((4.4,7.7),(5.5,6.6)); 49
((4.4,7.7),(5.5,9.9)); 11
((4.4,7.7),(6.6,9.9)); 11
((4.4,8.8),(5.5,6.6)); 49
((4.4,8.8),(5.5,9.9)); 11
((4.4,8.8),(6.6,9.9)); 11
((4.4,8.8),(7.7,9.9)); 1
((4.4,9.9),(5.5,6.6)); 50
((4.4,9.9),(5.5,7.7)); 28
((4.4,9.9),(5.5,8.8)); 28
((4.4,9.9),(6.6,7.7)); 28
((4.4,9.9),(6.6,8.8)); 28
((4.4,9.9),(7.7,8.8)); 49
((5.5,6.6),(7.7,8.8)); 50
((5.5,6.6),(7.7,9.9)); 49
((5.5,6.6),(8.8,9.9)); 49
((5.5,7.7),(6.6,9.9)); 1
((5.5,8.8),(6.6,9.9)); 1
((5.5,8.8),(7.7,9.9)); 1
((5.5,9.9),(7.7,8.8)); 49
((6.6,8.8),(7.7,9.9)); 1
((6.6,9.9),(7.7,8.8)); 49
