((1.1,10.10),(2.2,3.3)); 23
((1.1,10.10),(2.2,4.4)); 2
((1.1,10.10),(3.3,4.4)); 9
((1.1,10.10),(5.5,6.6)); 99
((1.1,10.10),(5.5,7.7)); 80
((1.1,10.10),(5.5,8.8)); 80
((1.1,10.10),(5.5,9.9)); 77
((1.1,10.10),(6.6,7.7)); 81
((1.1,10.10),(6.6,8.8)); 81
((1.1,10.10),(6.6,9.9)); 78
((1.1,10.10),(7.7,8.8)); 100
((1.1,10.10),(7.7,9.9)); 85
((1.1,10.10),(8.8,9.9)); 85
((1.1,11.11),(10.10,5.5)); 100
((1.1,11.11),(10.10,6.6)); 100
((1.1,11.11),(10.10,7.7)); 100
((1.1,11.11),(10.10,8.8)); 100
((1.1,11.11),(10.10,9.9)); 100
((1.1,11.11),(2.2,3.3)); 23
((1.1,11.11),(2.2,4.4)); 2
((1.1,11.11),(3.3,4.4)); 9
((1.1,11.11),(5.5,6.6)); 100
((1.1,11.11),(5.5,7.7)); 100
((1.1,11.11),(5.5,8.8)); 100
((1.1,11.11),(5.5,9.9)); 100
((1.1,11.11),(6.6,7.7)); 100
((1.1,11.11),(6.6,8.8)); 100
((1.1,11.11),(6.6,9.9)); 100
((1.1,11.11),(7.7,8.8)); 100
((1.1,11.11),(7.7,9.9)); 100
((1.1,11.11),(8.8,9.9)); 100
((1.1,2.2),(10.10,11.11)); 100
((1.1,2.2),(10.10,3.3)); 55
((1.1,2.2),(10.10,4.4)); 91
((1.1,2.2),(10.10,5.5)); 100
((1.1,2.2),(10.10,6.6)); 100
((1.1,2.2),(10.10,7.7)); 100
((1.1,2.2),(10.10,8.8)); 100
((1.1,2.2),(10.10,9.9)); 100
((1.1,2.2),(11.11,3.3)); 55
((1.1,2.2),(11.11,4.4)); 91
((1.1,2.2),(11.11,5.5)); 100
((1.1,2.2),(11.11,6.6)); 100
((1.1,2.2),(11.11,7.7)); 100
((1.1,2.2),(11.11,8.8)); 100
((1.1,2.2),(11.11,9.9)); 100
((1.1,2.2),(3.3,4.4)); 55
((1.1,2.2),(3.3,5.5)); 55
((1.1,2.2),(3.3,6.6)); 55
((1.1,2.2),(3.3,7.7)); 55
((1.1,2.2),(3.3,8.8)); 55
((1.1,2.2),(3.3,9.9)); 55
((1.1,2.2),(4.4,5.5)); 91
((1.1,2.2),(4.4,6.6)); 91
((1.1,2.2),(4.4,7.7)); 91
((1.1,2.2),(4.4,8.8)); 91
((1.1,2.2),(4.4,9.9)); 91
((1.1,2.2),(5.5,6.6)); 100
((1.1,2.2),(5.5,7.7)); 100
((1.1,2.2),(5.5,8.8)); 100
((1.1,2.2),(5.5,9.9)); 100
((1.1,2.2),(6.6,7.7)); 100
((1.1,2.2),(6.6,8.8)); 100
((1.1,2.2),(6.6,9.9)); 100
((1.1,2.2),(7.7,8.8)); 100
((1.1,2.2),(7.7,9.9)); 100
((1.1,2.2),(8.8,9.9)); 100
((1.1,3.3),(10.10,11.11)); 100
((1.1,3.3),(10.10,2.2)); 22
((1.1,3.3),(10.10,4.4)); 86
((1.1,3.3),(10.10,5.5)); 100
((1.1,3.3),(10.10,6.6)); 100
((1.1,3.3),(10.10,7.7)); 100
((1.1,3.3),(10.10,8.8)); 100
((1.1,3.3),(10.10,9.9)); 100
((1.1,3.3),(11.11,2.2)); 22
((1.1,3.3),(11.11,4.4)); 86
((1.1,3.3),(11.11,5.5)); 100
((1.1,3.3),(11.11,6.6)); 100
((1.1,3.3),(11.11,7.7)); 100
((1.1,3.3),(11.11,8.8)); 100
((1.1,3.3),(11.11,9.9)); 100
((1.1,3.3),(2.2,4.4)); 22
((1.1,3.3),(2.2,5.5)); 22
((1.1,3.3),(2.2,6.6)); 22
((1.1,3.3),(2.2,7.7)); 22
((1.1,3.3),(2.2,8.8)); 22
((1.1,3.3),(2.2,9.9)); 22
((1.1,3.3),(4.4,5.5)); 86
((1.1,3.3),(4.4,6.6)); 86
((1.1,3.3),(4.4,7.7)); 86
((1.1,3.3),(4.4,8.8)); 86
((1.1,3.3),(4.4,9.9)); 86
((1.1,3.3),(5.5,6.6)); 100
((1.1,3.3),(5.5,7.7)); 100
((1.1,3.3),(5.5,8.8)); 100
((1.1,3.3),(5.5,9.9)); 100
((1.1,3.3),(6.6,7.7)); 100
((1.1,3.3),(6.6,8.8)); 100
((1.1,3.3),(6.6,9.9)); 100
((1.1,3.3),(7.7,8.8)); 100
((1.1,3.3),(7.7,9.9)); 100
((1.1,3.3),(8.8,9.9)); 100
((1.1,4.4),(10.10,11.11)); 100
((1.1,4.4),(10.10,2.2)); 7
((1.1,4.4),(10.10,3.3)); 5
((1.1,4.4),(10.10,5.5)); 100
((1.1,4.4),(10.10,6.6)); 100
((1.1,4.4),(10.10,7.7)); 100
((1.1,4.4),(10.10,8.8)); 100
((1.1,4.4),(10.10,9.9)); 100
((1.1,4.4),(11.11,2.2)); 7
((1.1,4.4),(11.11,3.3)); 5
((1.1,4.4),(11.11,5.5)); 100
((1.1,4.4),(11.11,6.6)); 100
((1.1,4.4),(11.11,7.7)); 100
((1.1,4.4),(11.11,8.8)); 100
((1.1,4.4),(11.11,9.9)); 100
((1.1,4.4),(2.2,3.3)); 23
((1.1,4.4),(2.2,5.5)); 7
((1.1,4.4),(2.2,6.6)); 7
((1.1,4.4),(2.2,7.7)); 7
((1.1,4.4),(2.2,8.8)); 7
((1.1,4.4),(2.2,9.9)); 7
((1.1,4.4),(3.3,5.5)); 5
((1.1,4.4),(3.3,6.6)); 5
((1.1,4.4),(3.3,7.7)); 5
((1.1,4.4),(3.3,8.8)); 5
((1.1,4.4),(3.3,9.9)); 5
((1.1,4.4),(5.5,6.6)); 100
((1.1,4.4),(5.5,7.7)); 100
((1.1,4.4),(5.5,8.8)); 100
((1.1,4.4),(5.5,9.9)); 100
((1.1,4.4),(6.6,7.7)); 100
((1.1,4.4),(6.6,8.8)); 100
((1.1,4.4),(6.6,9.9)); 100
((1.1,4.4),(7.7,8.8)); 100
((1.1,4.4),(7.7,9.9)); 100
((1.1,4.4),(8.8,9.9)); 100
((1.1,5.5),(10.10,7.7)); 9
((1.1,5.5),(10.10,8.8)); 9
((1.1,5.5),(10.10,9.9)); 12
((1.1,5.5),(2.2,3.3)); 23
((1.1,5.5),(2.2,4.4)); 2
((1.1,5.5),(3.3,4.4)); 9
((1.1,5.5),(6.6,7.7)); 2
((1.1,5.5),(6.6,8.8)); 2
((1.1,5.5),(6.6,9.9)); 1
((1.1,5.5),(7.7,8.8)); 100
((1.1,5.5),(7.7,9.9)); 26
((1.1,5.5),(8.8,9.9)); 26
((1.1,6.6),(10.10,5.5)); 1
((1.1,6.6),(10.10,7.7)); 9
((1.1,6.6),(10.10,8.8)); 9
((1.1,6.6),(10.10,9.9)); 12
((1.1,6.6),(2.2,3.3)); 23
((1.1,6.6),(2.2,4.4)); 2
((1.1,6.6),(3.3,4.4)); 9
((1.1,6.6),(5.5,9.9)); 1
((1.1,6.6),(7.7,8.8)); 100
((1.1,6.6),(7.7,9.9)); 25
((1.1,6.6),(8.8,9.9)); 25
((1.1,7.7),(10.10,5.5)); 11
((1.1,7.7),(10.10,6.6)); 10
((1.1,7.7),(10.10,9.9)); 9
((1.1,7.7),(2.2,3.3)); 23
((1.1,7.7),(2.2,4.4)); 2
((1.1,7.7),(3.3,4.4)); 9
((1.1,7.7),(5.5,6.6)); 98
((1.1,7.7),(5.5,9.9)); 24
((1.1,7.7),(6.6,9.9)); 23
((1.1,8.8),(10.10,5.5)); 11
((1.1,8.8),(10.10,6.6)); 10
((1.1,8.8),(10.10,9.9)); 9
((1.1,8.8),(2.2,3.3)); 23
((1.1,8.8),(2.2,4.4)); 2
((1.1,8.8),(3.3,4.4)); 9
((1.1,8.8),(5.5,6.6)); 98
((1.1,8.8),(5.5,9.9)); 24
((1.1,8.8),(6.6,9.9)); 23
((1.1,9.9),(10.10,5.5)); 11
((1.1,9.9),(10.10,6.6)); 10
((1.1,9.9),(10.10,7.7)); 6
((1.1,9.9),(10.10,8.8)); 6
((1.1,9.9),(2.2,3.3)); 23
((1.1,9.9),(2.2,4.4)); 2
((1.1,9.9),(3.3,4.4)); 9
((1.1,9.9),(5.5,6.6)); 98
((1.1,9.9),(5.5,7.7)); 50
((1.1,9.9),(5.5,8.8)); 50
((1.1,9.9),(6.6,7.7)); 52
((1.1,9.9),(6.6,8.8)); 52
((1.1,9.9),(7.7,8.8)); 100
((10.10,11.11),(2.2,3.3)); 100
((10.10,11.11),(2.2,4.4)); 100
((10.10,11.11),(3.3,4.4)); 100
((10.10,11.11),(5.5,6.6)); 99
((10.10,11.11),(5.5,7.7)); 80
((10.10,11.11),(5.5,8.8)); 80
((10.10,11.11),(5.5,9.9)); 77
((10.10,11.11),(6.6,7.7)); 81
((10.10,11.11),(6.6,8.8)); 81
((10.10,11.11),(6.6,9.9)); 78
((10.10,11.11),(7.7,8.8)); 100
((10.10,11.11),(7.7,9.9)); 85
((10.10,11.11),(8.8,9.9)); 85
((10.10,2.2),(3.3,4.4)); 13
((10.10,2.2),(5.5,6.6)); 99
((10.10,2.2),(5.5,7.7)); 80
((10.10,2.2),(5.5,8.8)); 80
((10.10,2.2),(5.5,9.9)); 77
((10.10,2.2),(6.6,7.7)); 81
((10.10,2.2),(6.6,8.8)); 81
((10.10,2.2),(6.6,9.9)); 78
((10.10,2.2),(7.7,8.8)); 100
((10.10,2.2),(7.7,9.9)); 85
((10.10,2.2),(8.8,9.9)); 85
((10.10,3.3),(2.2,4.4)); 4
((10.10,3.3),(5.5,6.6)); 99
((10.10,3.3),(5.5,7.7)); 80
((10.10,3.3),(5.5,8.8)); 80
((10.10,3.3),(5.5,9.9)); 77
((10.10,3.3),(6.6,7.7)); 81
((10.10,3.3),(6.6,8.8)); 81
((10.10,3.3),(6.6,9.9)); 78
((10.10,3.3),(7.7,8.8)); 100
((10.10,3.3),(7.7,9.9)); 85
((10.10,3.3),(8.8,9.9)); 85
((10.10,4.4),(2.2,3.3)); 83
((10.10,4.4),(5.5,6.6)); 99
((10.10,4.4),(5.5,7.7)); 80
((10.10,4.4),(5.5,8.8)); 80
((10.10,4.4),(5.5,9.9)); 77
((10.10,4.4),(6.6,7.7)); 81
((10.10,4.4),(6.6,8.8)); 81
((10.10,4.4),(6.6,9.9)); 78
((10.10,4.4),(7.7,8.8)); 100
((10.10,4.4),(7.7,9.9)); 85
((10.10,4.4),(8.8,9.9)); 85
((10.10,5.5),(11.11,2.2)); 100
((10.10,5.5),(11.11,3.3)); 100
((10.10,5.5),(11.11,4.4)); 100
((10.10,5.5),(11.11,6.6)); 1
((10.10,5.5),(11.11,7.7)); 11
((10.10,5.5),(11.11,8.8)); 11
((10.10,5.5),(11.11,9.9)); 11
((10.10,5.5),(2.2,3.3)); 100
((10.10,5.5),(2.2,4.4)); 100
((10.10,5.5),(2.2,6.6)); 1
((10.10,5.5),(2.2,7.7)); 11
((10.10,5.5),(2.2,8.8)); 11
((10.10,5.5),(2.2,9.9)); 11
((10.10,5.5),(3.3,4.4)); 100
((10.10,5.5),(3.3,6.6)); 1
((10.10,5.5),(3.3,7.7)); 11
((10.10,5.5),(3.3,8.8)); 11
((10.10,5.5),(3.3,9.9)); 11
((10.10,5.5),(4.4,6.6)); 1
((10.10,5.5),(4.4,7.7)); 11
((10.10,5.5),(4.4,8.8)); 11
((10.10,5.5),(4.4,9.9)); 11
((10.10,5.5),(6.6,7.7)); 2
((10.10,5.5),(6.6,8.8)); 2
((10.10,5.5),(6.6,9.9)); 1
((10.10,5.5),(7.7,8.8)); 100
((10.10,5.5),(7.7,9.9)); 26
((10.10,5.5),(8.8,9.9)); 26
((10.10,6.6),(11.11,2.2)); 100
((10.10,6.6),(11.11,3.3)); 100
((10.10,6.6),(11.11,4.4)); 100
((10.10,6.6),(11.11,7.7)); 10
((10.10,6.6),(11.11,8.8)); 10
((10.10,6.6),(11.11,9.9)); 10
((10.10,6.6),(2.2,3.3)); 100
((10.10,6.6),(2.2,4.4)); 100
((10.10,6.6),(2.2,7.7)); 10
((10.10,6.6),(2.2,8.8)); 10
((10.10,6.6),(2.2,9.9)); 10
((10.10,6.6),(3.3,4.4)); 100
((10.10,6.6),(3.3,7.7)); 10
((10.10,6.6),(3.3,8.8)); 10
((10.10,6.6),(3.3,9.9)); 10
((10.10,6.6),(4.4,7.7)); 10
((10.10,6.6),(4.4,8.8)); 10
((10.10,6.6),(4.4,9.9)); 10
((10.10,6.6),(5.5,9.9)); 1
((10.10,6.6),(7.7,8.8)); 100
((10.10,6.6),(7.7,9.9)); 25
((10.10,6.6),(8.8,9.9)); 25
((10.10,7.7),(11.11,2.2)); 100
((10.10,7.7),(11.11,3.3)); 100
((10.10,7.7),(11.11,4.4)); 100
((10.10,7.7),(11.11,5.5)); 9
((10.10,7.7),(11.11,6.6)); 9
((10.10,7.7),(11.11,9.9)); 6
((10.10,7.7),(2.2,3.3)); 100
((10.10,7.7),(2.2,4.4)); 100
((10.10,7.7),(2.2,5.5)); 9
((10.10,7.7),(2.2,6.6)); 9
((10.10,7.7),(2.2,9.9)); 6
((10.10,7.7),(3.3,4.4)); 100
((10.10,7.7),(3.3,5.5)); 9
((10.10,7.7),(3.3,6.6)); 9
((10.10,7.7),(3.3,9.9)); 6
((10.10,7.7),(4.4,5.5)); 9
((10.10,7.7),(4.4,6.6)); 9
((10.10,7.7),(4.4,9.9)); 6
((10.10,7.7),(5.5,6.6)); 98
((10.10,7.7),(5.5,9.9)); 24
((10.10,7.7),(6.6,9.9)); 23
((10.10,8.8),(11.11,2.2)); 100
((10.10,8.8),(11.11,3.3)); 100
((10.10,8.8),(11.11,4.4)); 100
((10.10,8.8),(11.11,5.5)); 9
((10.10,8.8),(11.11,6.6)); 9
((10.10,8.8),(11.11,9.9)); 6
((10.10,8.8),(2.2,3.3)); 100
((10.10,8.8),(2.2,4.4)); 100
((10.10,8.8),(2.2,5.5)); 9
((10.10,8.8),(2.2,6.6)); 9
((10.10,8.8),(2.2,9.9)); 6
((10.10,8.8),(3.3,4.4)); 100
((10.10,8.8),(3.3,5.5)); 9
((10.10,8.8),(3.3,6.6)); 9
((10.10,8.8),(3.3,9.9)); 6
((10.10,8.8),(4.4,5.5)); 9
((10.10,8.8),(4.4,6.6)); 9
((10.10,8.8),(4.4,9.9)); 6
((10.10,8.8),(5.5,6.6)); 98
((10.10,8.8),(5.5,9.9)); 24
((10.10,8.8),(6.6,9.9)); 23
((10.10,9.9),(11.11,2.2)); 100
((10.10,9.9),(11.11,3.3)); 100
((10.10,9.9),(11.11,4.4)); 100
((10.10,9.9),(11.11,5.5)); 12
((10.10,9.9),(11.11,6.6)); 12
((10.10,9.9),(11.11,7.7)); 9
((10.10,9.9),(11.11,8.8)); 9
((10.10,9.9),(2.2,3.3)); 100
((10.10,9.9),(2.2,4.4)); 100
((10.10,9.9),(2.2,5.5)); 12
((10.10,9.9),(2.2,6.6)); 12
((10.10,9.9),(2.2,7.7)); 9
((10.10,9.9),(2.2,8.8)); 9
((10.10,9.9),(3.3,4.4)); 100
((10.10,9.9),(3.3,5.5)); 12
((10.10,9.9),(3.3,6.6)); 12
((10.10,9.9),(3.3,7.7)); 9
((10.10,9.9),(3.3,8.8)); 9
((10.10,9.9),(4.4,5.5)); 12
((10.10,9.9),(4.4,6.6)); 12
((10.10,9.9),(4.4,7.7)); 9
((10.10,9.9),(4.4,8.8)); 9
((10.10,9.9),(5.5,6.6)); 98
((10.10,9.9),(5.5,7.7)); 50
((10.10,9.9),(5.5,8.8)); 50
((10.10,9.9),(6.6,7.7)); 52
((10.10,9.9),(6.6,8.8)); 52
((10.10,9.9),(7.7,8.8)); 100
((11.11,2.2),(3.3,4.4)); 13
((11.11,2.2),(5.5,6.6)); 100
((11.11,2.2),(5.5,7.7)); 100
((11.11,2.2),(5.5,8.8)); 100
((11.11,2.2),(5.5,9.9)); 100
((11.11,2.2),(6.6,7.7)); 100
((11.11,2.2),(6.6,8.8)); 100
((11.11,2.2),(6.6,9.9)); 100
((11.11,2.2),(7.7,8.8)); 100
((11.11,2.2),(7.7,9.9)); 100
((11.11,2.2),(8.8,9.9)); 100
((11.11,3.3),(2.2,4.4)); 4
((11.11,3.3),(5.5,6.6)); 100
((11.11,3.3),(5.5,7.7)); 100
((11.11,3.3),(5.5,8.8)); 100
((11.11,3.3),(5.5,9.9)); 100
((11.11,3.3),(6.6,7.7)); 100
((11.11,3.3),(6.6,8.8)); 100
((11.11,3.3),(6.6,9.9)); 100
((11.11,3.3),(7.7,8.8)); 100
((11.11,3.3),(7.7,9.9)); 100
((11.11,3.3),(8.8,9.9)); 100
((11.11,4.4),(2.2,3.3)); 83
((11.11,4.4),(5.5,6.6)); 100
((11.11,4.4),(5.5,7.7)); 100
((11.11,4.4),(5.5,8.8)); 100
((11.11,4.4),(5.5,9.9)); 100
((11.11,4.4),(6.6,7.7)); 100
((11.11,4.4),(6.6,8.8)); 100
((11.11,4.4),(6.6,9.9)); 100
((11.11,4.4),(7.7,8.8)); 100
((11.11,4.4),(7.7,9.9)); 100
((11.11,4.4),(8.8,9.9)); 100
((11.11,5.5),(2.2,3.3)); 100
((11.11,5.5),(2.2,4.4)); 100
((11.11,5.5),(3.3,4.4)); 100
((11.11,5.5),(6.6,7.7)); 2
((11.11,5.5),(6.6,8.8)); 2
((11.11,5.5),(6.6,9.9)); 1
((11.11,5.5),(7.7,8.8)); 100
((11.11,5.5),(7.7,9.9)); 26
((11.11,5.5),(8.8,9.9)); 26
((11.11,6.6),(2.2,3.3)); 100
((11.11,6.6),(2.2,4.4)); 100
((11.11,6.6),(3.3,4.4)); 100
((11.11,6.6),(5.5,9.9)); 1
((11.11,6.6),(7.7,8.8)); 100
((11.11,6.6),(7.7,9.9)); 25
((11.11,6.6),(8.8,9.9)); 25
((11.11,7.7),(2.2,3.3)); 100
((11.11,7.7),(2.2,4.4)); 100
((11.11,7.7),(3.3,4.4)); 100
((11.11,7.7),(5.5,6.6)); 98
((11.11,7.7),(5.5,9.9)); 24
((11.11,7.7),(6.6,9.9)); 23
((11.11,8.8),(2.2,3.3)); 100
((11.11,8.8),(2.2,4.4)); 100
((11.11,8.8),(3.3,4.4)); 100
((11.11,8.8),(5.5,6.6)); 98
((11.11,8.8),(5.5,9.9)); 24
((11.11,8.8),(6.6,9.9)); 23
((11.11,9.9),(2.2,3.3)); 100
((11.11,9.9),(2.2,4.4)); 100
((11.11,9.9),(3.3,4.4)); 100
((11.11,9.9),(5.5,6.6)); 98
((11.11,9.9),(5.5,7.7)); 50
((11.11,9.9),(5.5,8.8)); 50
((11.11,9.9),(6.6,7.7)); 52
((11.11,9.9),(6.6,8.8)); 52
((11.11,9.9),(7.7,8.8)); 100
((2.2,3.3),(4.4,5.5)); 83
((2.2,3.3),(4.4,6.6)); 83
((2.2,3.3),(4.4,7.7)); 83
((2.2,3.3),(4.4,8.8)); 83
((2.2,3.3),(4.4,9.9)); 83
((2.2,3.3),(5.5,6.6)); 100
((2.2,3.3),(5.5,7.7)); 100
((2.2,3.3),(5.5,8.8)); 100
((2.2,3.3),(5.5,9.9)); 100
((2.2,3.3),(6.6,7.7)); 100
((2.2,3.3),(6.6,8.8)); 100
((2.2,3.3),(6.6,9.9)); 100
((2.2,3.3),(7.7,8.8)); 100
((2.2,3.3),(7.7,9.9)); 100
((2.2,3.3),(8.8,9.9)); 100
((2.2,4.4),(3.3,5.5)); 4
((2.2,4.4),(3.3,6.6)); 4
((2.2,4.4),(3.3,7.7)); 4
((2.2,4.4),(3.3,8.8)); 4
((2.2,4.4),(3.3,9.9)); 4
((2.2,4.4),(5.5,6.6)); 100
((2.2,4.4),(5.5,7.7)); 100
((2.2,4.4),(5.5,8.8)); 100
((2.2,4.4),(5.5,9.9)); 100
((2.2,4.4),(6.6,7.7)); 100
((2.2,4.4),(6.6,8.8)); 100
((2.2,4.4),(6.6,9.9)); 100
((2.2,4.4),(7.7,8.8)); 100
((2.2,4.4),(7.7,9.9)); 100
((2.2,4.4),(8.8,9.9)); 100
((2.2,5.5),(3.3,4.4)); 13
((2.2,5.5),(6.6,7.7)); 2
((2.2,5.5),(6.6,8.8)); 2
((2.2,5.5),(6.6,9.9)); 1
((2.2,5.5),(7.7,8.8)); 100
((2.2,5.5),(7.7,9.9)); 26
((2.2,5.5),(8.8,9.9)); 26
((2.2,6.6),(3.3,4.4)); 13
((2.2,6.6),(5.5,9.9)); 1
((2.2,6.6),(7.7,8.8)); 100
((2.2,6.6),(7.7,9.9)); 25
((2.2,6.6),(8.8,9.9)); 25
((2.2,7.7),(3.3,4.4)); 13
((2.2,7.7),(5.5,6.6)); 98
((2.2,7.7),(5.5,9.9)); 24
((2.2,7.7),(6.6,9.9)); 23
((2.2,8.8),(3.3,4.4)); 13
((2.2,8.8),(5.5,6.6)); 98
((2.2,8.8),(5.5,9.9)); 24
((2.2,8.8),(6.6,9.9)); 23
((2.2,9.9),(3.3,4.4)); 13
((2.2,9.9),(5.5,6.6)); 98
((2.2,9.9),(5.5,7.7)); 50
((2.2,9.9),(5.5,8.8)); 50
((2.2,9.9),(6.6,7.7)); 52
((2.2,9.9),(6.6,8.8)); 52
((2.2,9.9),(7.7,8.8)); 100
((3.3,4.4),(5.5,6.6)); 100
((3.3,4.4),(5.5,7.7)); 100
((3.3,4.4),(5.5,8.8)); 100
((3.3,4.4),(5.5,9.9)); 100
((3.3,4.4),(6.6,7.7)); 100
((3.3,4.4),(6.6,8.8)); 100
((3.3,4.4),(6.6,9.9)); 100
((3.3,4.4),(7.7,8.8)); 100
((3.3,4.4),(7.7,9.9)); 100
((3.3,4.4),(8.8,9.9)); 100
((3.3,5.5),(6.6,7.7)); 2
((3.3,5.5),(6.6,8.8)); 2
((3.3,5.5),(6.6,9.9)); 1
((3.3,5.5),(7.7,8.8)); 100
((3.3,5.5),(7.7,9.9)); 26
((3.3,5.5),(8.8,9.9)); 26
((3.3,6.6),(5.5,9.9)); 1
((3.3,6.6),(7.7,8.8)); 100
((3.3,6.6),(7.7,9.9)); 25
((3.3,6.6),(8.8,9.9)); 25
((3.3,7.7),(5.5,6.6)); 98
((3.3,7.7),(5.5,9.9)); 24
((3.3,7.7),(6.6,9.9)); 23
((3.3,8.8),(5.5,6.6)); 98
((3.3,8.8),(5.5,9.9)); 24
((3.3,8.8),(6.6,9.9)); 23
((3.3,9.9),(5.5,6.6)); 98
((3.3,9.9),(5.5,7.7)); 50
((3.3,9.9),(5.5,8.8)); 50
((3.3,9.9),(6.6,7.7)); 52
((3.3,9.9),(6.6,8.8)); 52
((3.3,9.9),(7.7,8.8)); 100
((4.4,5.5),(6.6,7.7)); 2
((4.4,5.5),(6.6,8.8)); 2
((4.4,5.5),(6.6,9.9)); 1
((4.4,5.5),(7.7,8.8)); 100
((4.4,5.5),(7.7,9.9)); 26
((4.4,5.5),(8.8,9.9)); 26
((4.4,6.6),(5.5,9.9)); 1
((4.4,6.6),(7.7,8.8)); 100
((4.4,6.6),(7.7,9.9)); 25
((4.4,6.6),(8.8,9.9)); 25
((4.4,7.7),(5.5,6.6)); 98
((4.4,7.7),(5.5,9.9)); 24
((4.4,7.7),(6.6,9.9)); 23
((4.4,8.8),(5.5,6.6)); 98
((4.4,8.8),(5.5,9.9)); 24
((4.4,8.8),(6.6,9.9)); 23
((4.4,9.9),(5.5,6.6)); 98
((4.4,9.9),(5.5,7.7)); 50
((4.4,9.9),(5.5,8.8)); 50
((4.4,9.9),(6.6,7.7)); 52
((4.4,9.9),(6.6,8.8)); 52
((4.4,9.9),(7.7,8.8)); 100
((5.5,6.6),(7.7,8.8)); 100
((5.5,6.6),(7.7,9.9)); 98
((5.5,6.6),(8.8,9.9)); 98
((5.5,9.9),(6.6,7.7)); 2
((5.5,9.9),(6.6,8.8)); 2
((5.5,9.9),(7.7,8.8)); 100
((6.6,9.9),(7.7,8.8)); 100
