((1.1,10.10),(2.2,3.3)); 24
((1.1,10.10),(2.2,4.4)); 6
((1.1,10.10),(3.3,4.4)); 8
((1.1,10.10),(5.5,6.6)); 99
((1.1,10.10),(5.5,7.7)); 90
((1.1,10.10),(5.5,8.8)); 91
((1.1,10.10),(5.5,9.9)); 79
((1.1,10.10),(6.6,7.7)); 91
((1.1,10.10),(6.6,8.8)); 92
((1.1,10.10),(6.6,9.9)); 80
((1.1,10.10),(7.7,8.8)); 99
((1.1,10.10),(7.7,9.9)); 85
((1.1,10.10),(8.8,9.9)); 84
((1.1,11.11),(10.10,5.5)); 100
((1.1,11.11),(10.10,6.6)); 100
((1.1,11.11),(10.10,7.7)); 100
((1.1,11.11),(10.10,8.8)); 100
((1.1,11.11),(10.10,9.9)); 100
((1.1,11.11),(2.2,3.3)); 24
((1.1,11.11),(2.2,4.4)); 6
((1.1,11.11),(3.3,4.4)); 8
((1.1,11.11),(5.5,6.6)); 100
((1.1,11.11),(5.5,7.7)); 100
((1.1,11.11),(5.5,8.8)); 100
((1.1,11.11),(5.5,9.9)); 100
((1.1,11.11),(6.6,7.7)); 100
((1.1,11.11),(6.6,8.8)); 100
((1.1,11.11),(6.6,9.9)); 100
((1.1,11.11),(7.7,8.8)); 100
((1.1,11.11),(7.7,9.9)); 100
((1.1,11.11),(8.8,9.9)); 100
((1.1,2.2),(10.10,11.11)); 100
((1.1,2.2),(10.10,3.3)); 46
((1.1,2.2),(10.10,4.4)); 90
((1.1,2.2),(10.10,5.5)); 100
((1.1,2.2),(10.10,6.6)); 100
((1.1,2.2),(10.10,7.7)); 100
((1.1,2.2),(10.10,8.8)); 100
((1.1,2.2),(10.10,9.9)); 100
((1.1,2.2),(11.11,3.3)); 46
((1.1,2.2),(11.11,4.4)); 90
((1.1,2.2),(11.11,5.5)); 100
((1.1,2.2),(11.11,6.6)); 100
((1.1,2.2),(11.11,7.7)); 100
((1.1,2.2),(11.11,8.8)); 100
((1.1,2.2),(11.11,9.9)); 100
((1.1,2.2),(3.3,4.4)); 46
((1.1,2.2),(3.3,5.5)); 46
((1.1,2.2),(3.3,6.6)); 46
((1.1,2.2),(3.3,7.7)); 46
((1.1,2.2),(3.3,8.8)); 46
((1.1,2.2),(3.3,9.9)); 46
((1.1,2.2),(4.4,5.5)); 90
((1.1,2.2),(4.4,6.6)); 90
((1.1,2.2),(4.4,7.7)); 90
((1.1,2.2),(4.4,8.8)); 90
((1.1,2.2),(4.4,9.9)); 90
((1.1,2.2),(5.5,6.6)); 100
((1.1,2.2),(5.5,7.7)); 100
((1.1,2.2),(5.5,8.8)); 100
((1.1,2.2),(5.5,9.9)); 100
((1.1,2.2),(6.6,7.7)); 100
((1.1,2.2),(6.6,8.8)); 100
((1.1,2.2),(6.6,9.9)); 100
((1.1,2.2),(7.7,8.8)); 100
((1.1,2.2),(7.7,9.9)); 100
((1.1,2.2),(8.8,9.9)); 100
((1.1,3.3),(10.10,11.11)); 100
((1.1,3.3),(10.10,2.2)); 30
((1.1,3.3),(10.10,4.4)); 86
((1.1,3.3),(10.10,5.5)); 100
((1.1,3.3),(10.10,6.6)); 100
((1.1,3.3),(10.10,7.7)); 100
((1.1,3.3),(10.10,8.8)); 100
((1.1,3.3),(10.10,9.9)); 100
((1.1,3.3),(11.11,2.2)); 30
((1.1,3.3),(11.11,4.4)); 86
((1.1,3.3),(11.11,5.5)); 100
((1.1,3.3),(11.11,6.6)); 100
((1.1,3.3),(11.11,7.7)); 100
((1.1,3.3),(11.11,8.8)); 100
((1.1,3.3),(11.11,9.9)); 100
((1.1,3.3),(2.2,4.4)); 30
((1.1,3.3),(2.2,5.5)); 30
((1.1,3.3),(2.2,6.6)); 30
((1.1,3.3),(2.2,7.7)); 30
((1.1,3.3),(2.2,8.8)); 30
((1.1,3.3),(2.2,9.9)); 30
((1.1,3.3),(4.4,5.5)); 86
((1.1,3.3),(4.4,6.6)); 86
((1.1,3.3),(4.4,7.7)); 86
((1.1,3.3),(4.4,8.8)); 86
((1.1,3.3),(4.4,9.9)); 86
((1.1,3.3),(5.5,6.6)); 100
((1.1,3.3),(5.5,7.7)); 100
((1.1,3.3),(5.5,8.8)); 100
((1.1,3.3),(5.5,9.9)); 100
((1.1,3.3),(6.6,7.7)); 100
((1.1,3.3),(6.6,8.8)); 100
((1.1,3.3),(6.6,9.9)); 100
((1.1,3.3),(7.7,8.8)); 100
((1.1,3.3),(7.7,9.9)); 100
((1.1,3.3),(8.8,9.9)); 100
((1.1,4.4),(10.10,11.11)); 100
((1.1,4.4),(10.10,2.2)); 4
((1.1,4.4),(10.10,3.3)); 6
((1.1,4.4),(10.10,5.5)); 100
((1.1,4.4),(10.10,6.6)); 100
((1.1,4.4),(10.10,7.7)); 100
((1.1,4.4),(10.10,8.8)); 100
((1.1,4.4),(10.10,9.9)); 100
((1.1,4.4),(11.11,2.2)); 4
((1.1,4.4),(11.11,3.3)); 6
((1.1,4.4),(11.11,5.5)); 100
((1.1,4.4),(11.11,6.6)); 100
((1.1,4.4),(11.11,7.7)); 100
((1.1,4.4),(11.11,8.8)); 100
((1.1,4.4),(11.11,9.9)); 100
((1.1,4.4),(2.2,3.3)); 24
((1.1,4.4),(2.2,5.5)); 4
((1.1,4.4),(2.2,6.6)); 4
((1.1,4.4),(2.2,7.7)); 4
((1.1,4.4),(2.2,8.8)); 4
((1.1,4.4),(2.2,9.9)); 4
((1.1,4.4),(3.3,5.5)); 6
((1.1,4.4),(3.3,6.6)); 6
((1.1,4.4),(3.3,7.7)); 6
((1.1,4.4),(3.3,8.8)); 6
((1.1,4.4),(3.3,9.9)); 6
((1.1,4.4),(5.5,6.6)); 100
((1.1,4.4),(5.5,7.7)); 100
((1.1,4.4),(5.5,8.8)); 100
((1.1,4.4),(5.5,9.9)); 100
((1.1,4.4),(6.6,7.7)); 100
((1.1,4.4),(6.6,8.8)); 100
((1.1,4.4),(6.6,9.9)); 100
((1.1,4.4),(7.7,8.8)); 100
((1.1,4.4),(7.7,9.9)); 100
((1.1,4.4),(8.8,9.9)); 100
((1.1,5.5),(10.10,6.6)); 1
((1.1,5.5),(10.10,7.7)); 3
((1.1,5.5),(10.10,8.8)); 2
((1.1,5.5),(10.10,9.9)); 7
((1.1,5.5),(2.2,3.3)); 24
((1.1,5.5),(2.2,4.4)); 6
((1.1,5.5),(3.3,4.4)); 8
((1.1,5.5),(6.6,7.7)); 1
((1.1,5.5),(6.6,8.8)); 1
((1.1,5.5),(6.6,9.9)); 1
((1.1,5.5),(7.7,8.8)); 96
((1.1,5.5),(7.7,9.9)); 17
((1.1,5.5),(8.8,9.9)); 16
((1.1,6.6),(10.10,7.7)); 2
((1.1,6.6),(10.10,8.8)); 1
((1.1,6.6),(10.10,9.9)); 6
((1.1,6.6),(2.2,3.3)); 24
((1.1,6.6),(2.2,4.4)); 6
((1.1,6.6),(3.3,4.4)); 8
((1.1,6.6),(5.5,7.7)); 1
((1.1,6.6),(5.5,8.8)); 1
((1.1,6.6),(5.5,9.9)); 1
((1.1,6.6),(7.7,8.8)); 96
((1.1,6.6),(7.7,9.9)); 18
((1.1,6.6),(8.8,9.9)); 17
((1.1,7.7),(10.10,5.5)); 7
((1.1,7.7),(10.10,6.6)); 7
((1.1,7.7),(10.10,9.9)); 6
((1.1,7.7),(2.2,3.3)); 24
((1.1,7.7),(2.2,4.4)); 6
((1.1,7.7),(3.3,4.4)); 8
((1.1,7.7),(5.5,6.6)); 98
((1.1,7.7),(5.5,8.8)); 4
((1.1,7.7),(5.5,9.9)); 26
((1.1,7.7),(6.6,8.8)); 4
((1.1,7.7),(6.6,9.9)); 26
((1.1,7.7),(8.8,9.9)); 1
((1.1,8.8),(10.10,5.5)); 7
((1.1,8.8),(10.10,6.6)); 7
((1.1,8.8),(10.10,7.7)); 1
((1.1,8.8),(10.10,9.9)); 7
((1.1,8.8),(2.2,3.3)); 24
((1.1,8.8),(2.2,4.4)); 6
((1.1,8.8),(3.3,4.4)); 8
((1.1,8.8),(5.5,6.6)); 98
((1.1,8.8),(5.5,9.9)); 25
((1.1,8.8),(6.6,9.9)); 25
((1.1,8.8),(7.7,9.9)); 1
((1.1,9.9),(10.10,5.5)); 14
((1.1,9.9),(10.10,6.6)); 14
((1.1,9.9),(10.10,7.7)); 9
((1.1,9.9),(10.10,8.8)); 9
((1.1,9.9),(2.2,3.3)); 24
((1.1,9.9),(2.2,4.4)); 6
((1.1,9.9),(3.3,4.4)); 8
((1.1,9.9),(5.5,6.6)); 98
((1.1,9.9),(5.5,7.7)); 57
((1.1,9.9),(5.5,8.8)); 59
((1.1,9.9),(6.6,7.7)); 56
((1.1,9.9),(6.6,8.8)); 58
((1.1,9.9),(7.7,8.8)); 98
((10.10,11.11),(2.2,3.3)); 100
((10.10,11.11),(2.2,4.4)); 100
((10.10,11.11),(3.3,4.4)); 100
((10.10,11.11),(5.5,6.6)); 99
((10.10,11.11),(5.5,7.7)); 90
((10.10,11.11),(5.5,8.8)); 91
((10.10,11.11),(5.5,9.9)); 79
((10.10,11.11),(6.6,7.7)); 91
((10.10,11.11),(6.6,8.8)); 92
((10.10,11.11),(6.6,9.9)); 80
((10.10,11.11),(7.7,8.8)); 99
((10.10,11.11),(7.7,9.9)); 85
((10.10,11.11),(8.8,9.9)); 84
((10.10,2.2),(3.3,4.4)); 7
((10.10,2.2),(5.5,6.6)); 99
((10.10,2.2),(5.5,7.7)); 90
((10.10,2.2),(5.5,8.8)); 91
((10.10,2.2),(5.5,9.9)); 79
((10.10,2.2),(6.6,7.7)); 91
((10.10,2.2),(6.6,8.8)); 92
((10.10,2.2),(6.6,9.9)); 80
((10.10,2.2),(7.7,8.8)); 99
((10.10,2.2),(7.7,9.9)); 85
((10.10,2.2),(8.8,9.9)); 84
((10.10,3.3),(2.2,4.4)); 7
((10.10,3.3),(5.5,6.6)); 99
((10.10,3.3),(5.5,7.7)); 90
((10.10,3.3),(5.5,8.8)); 91
((10.10,3.3),(5.5,9.9)); 79
((10.10,3.3),(6.6,7.7)); 91
((10.10,3.3),(6.6,8.8)); 92
((10.10,3.3),(6.6,9.9)); 80
((10.10,3.3),(7.7,8.8)); 99
((10.10,3.3),(7.7,9.9)); 85
((10.10,3.3),(8.8,9.9)); 84
((10.10,4.4),(2.2,3.3)); 86
((10.10,4.4),(5.5,6.6)); 99
((10.10,4.4),(5.5,7.7)); 90
((10.10,4.4),(5.5,8.8)); 91
((10.10,4.4),(5.5,9.9)); 79
((10.10,4.4),(6.6,7.7)); 91
((10.10,4.4),(6.6,8.8)); 92
((10.10,4.4),(6.6,9.9)); 80
((10.10,4.4),(7.7,8.8)); 99
((10.10,4.4),(7.7,9.9)); 85
((10.10,4.4),(8.8,9.9)); 84
((10.10,5.5),(11.11,2.2)); 100
((10.10,5.5),(11.11,3.3)); 100
((10.10,5.5),(11.11,4.4)); 100
((10.10,5.5),(11.11,7.7)); 7
((10.10,5.5),(11.11,8.8)); 7
((10.10,5.5),(11.11,9.9)); 14
((10.10,5.5),(2.2,3.3)); 100
((10.10,5.5),(2.2,4.4)); 100
((10.10,5.5),(2.2,7.7)); 7
((10.10,5.5),(2.2,8.8)); 7
((10.10,5.5),(2.2,9.9)); 14
((10.10,5.5),(3.3,4.4)); 100
((10.10,5.5),(3.3,7.7)); 7
((10.10,5.5),(3.3,8.8)); 7
((10.10,5.5),(3.3,9.9)); 14
((10.10,5.5),(4.4,7.7)); 7
((10.10,5.5),(4.4,8.8)); 7
((10.10,5.5),(4.4,9.9)); 14
((10.10,5.5),(6.6,7.7)); 1
((10.10,5.5),(6.6,8.8)); 1
((10.10,5.5),(6.6,9.9)); 1
((10.10,5.5),(7.7,8.8)); 96
((10.10,5.5),(7.7,9.9)); 17
((10.10,5.5),(8.8,9.9)); 16
((10.10,6.6),(11.11,2.2)); 100
((10.10,6.6),(11.11,3.3)); 100
((10.10,6.6),(11.11,4.4)); 100
((10.10,6.6),(11.11,5.5)); 1
((10.10,6.6),(11.11,7.7)); 7
((10.10,6.6),(11.11,8.8)); 7
((10.10,6.6),(11.11,9.9)); 14
((10.10,6.6),(2.2,3.3)); 100
((10.10,6.6),(2.2,4.4)); 100
((10.10,6.6),(2.2,5.5)); 1
((10.10,6.6),(2.2,7.7)); 7
((10.10,6.6),(2.2,8.8)); 7
((10.10,6.6),(2.2,9.9)); 14
((10.10,6.6),(3.3,4.4)); 100
((10.10,6.6),(3.3,5.5)); 1
((10.10,6.6),(3.3,7.7)); 7
((10.10,6.6),(3.3,8.8)); 7
((10.10,6.6),(3.3,9.9)); 14
((10.10,6.6),(4.4,5.5)); 1
((10.10,6.6),(4.4,7.7)); 7
((10.10,6.6),(4.4,8.8)); 7
((10.10,6.6),(4.4,9.9)); 14
((10.10,6.6),(5.5,7.7)); 1
((10.10,6.6),(5.5,8.8)); 1
((10.10,6.6),(5.5,9.9)); 1
((10.10,6.6),(7.7,8.8)); 96
((10.10,6.6),(7.7,9.9)); 18
((10.10,6.6),(8.8,9.9)); 17
((10.10,7.7),(11.11,2.2)); 100
((10.10,7.7),(11.11,3.3)); 100
((10.10,7.7),(11.11,4.4)); 100
((10.10,7.7),(11.11,5.5)); 3
((10.10,7.7),(11.11,6.6)); 2
((10.10,7.7),(11.11,8.8)); 1
((10.10,7.7),(11.11,9.9)); 9
((10.10,7.7),(2.2,3.3)); 100
((10.10,7.7),(2.2,4.4)); 100
((10.10,7.7),(2.2,5.5)); 3
((10.10,7.7),(2.2,6.6)); 2
((10.10,7.7),(2.2,8.8)); 1
((10.10,7.7),(2.2,9.9)); 9
((10.10,7.7),(3.3,4.4)); 100
((10.10,7.7),(3.3,5.5)); 3
((10.10,7.7),(3.3,6.6)); 2
((10.10,7.7),(3.3,8.8)); 1
((10.10,7.7),(3.3,9.9)); 9
((10.10,7.7),(4.4,5.5)); 3
((10.10,7.7),(4.4,6.6)); 2
((10.10,7.7),(4.4,8.8)); 1
((10.10,7.7),(4.4,9.9)); 9
((10.10,7.7),(5.5,6.6)); 98
((10.10,7.7),(5.5,8.8)); 4
((10.10,7.7),(5.5,9.9)); 26
((10.10,7.7),(6.6,8.8)); 4
((10.10,7.7),(6.6,9.9)); 26
((10.10,7.7),(8.8,9.9)); 1
((10.10,8.8),(11.11,2.2)); 100
((10.10,8.8),(11.11,3.3)); 100
((10.10,8.8),(11.11,4.4)); 100
((10.10,8.8),(11.11,5.5)); 2
((10.10,8.8),(11.11,6.6)); 1
((10.10,8.8),(11.11,9.9)); 9
((10.10,8.8),(2.2,3.3)); 100
((10.10,8.8),(2.2,4.4)); 100
((10.10,8.8),(2.2,5.5)); 2
((10.10,8.8),(2.2,6.6)); 1
((10.10,8.8),(2.2,9.9)); 9
((10.10,8.8),(3.3,4.4)); 100
((10.10,8.8),(3.3,5.5)); 2
((10.10,8.8),(3.3,6.6)); 1
((10.10,8.8),(3.3,9.9)); 9
((10.10,8.8),(4.4,5.5)); 2
((10.10,8.8),(4.4,6.6)); 1
((10.10,8.8),(4.4,9.9)); 9
((10.10,8.8),(5.5,6.6)); 98
((10.10,8.8),(5.5,9.9)); 25
((10.10,8.8),(6.6,9.9)); 25
((10.10,8.8),(7.7,9.9)); 1
((10.10,9.9),(11.11,2.2)); 100
((10.10,9.9),(11.11,3.3)); 100
((10.10,9.9),(11.11,4.4)); 100
((10.10,9.9),(11.11,5.5)); 7
((10.10,9.9),(11.11,6.6)); 6
((10.10,9.9),(11.11,7.7)); 6
((10.10,9.9),(11.11,8.8)); 7
((10.10,9.9),(2.2,3.3)); 100
((10.10,9.9),(2.2,4.4)); 100
((10.10,9.9),(2.2,5.5)); 7
((10.10,9.9),(2.2,6.6)); 6
((10.10,9.9),(2.2,7.7)); 6
((10.10,9.9),(2.2,8.8)); 7
((10.10,9.9),(3.3,4.4)); 100
((10.10,9.9),(3.3,5.5)); 7
((10.10,9.9),(3.3,6.6)); 6
((10.10,9.9),(3.3,7.7)); 6
((10.10,9.9),(3.3,8.8)); 7
((10.10,9.9),(4.4,5.5)); 7
((10.10,9.9),(4.4,6.6)); 6
((10.10,9.9),(4.4,7.7)); 6
((10.10,9.9),(4.4,8.8)); 7
((10.10,9.9),(5.5,6.6)); 98
((10.10,9.9),(5.5,7.7)); 57
((10.10,9.9),(5.5,8.8)); 59
((10.10,9.9),(6.6,7.7)); 56
((10.10,9.9),(6.6,8.8)); 58
((10.10,9.9),(7.7,8.8)); 98
((11.11,2.2),(3.3,4.4)); 7
((11.11,2.2),(5.5,6.6)); 100
((11.11,2.2),(5.5,7.7)); 100
((11.11,2.2),(5.5,8.8)); 100
((11.11,2.2),(5.5,9.9)); 100
((11.11,2.2),(6.6,7.7)); 100
((11.11,2.2),(6.6,8.8)); 100
((11.11,2.2),(6.6,9.9)); 100
((11.11,2.2),(7.7,8.8)); 100
((11.11,2.2),(7.7,9.9)); 100
((11.11,2.2),(8.8,9.9)); 100
((11.11,3.3),(2.2,4.4)); 7
((11.11,3.3),(5.5,6.6)); 100
((11.11,3.3),(5.5,7.7)); 100
((11.11,3.3),(5.5,8.8)); 100
((11.11,3.3),(5.5,9.9)); 100
((11.11,3.3),(6.6,7.7)); 100
((11.11,3.3),(6.6,8.8)); 100
((11.11,3.3),(6.6,9.9)); 100
((11.11,3.3),(7.7,8.8)); 100
((11.11,3.3),(7.7,9.9)); 100
((11.11,3.3),(8.8,9.9)); 100
((11.11,4.4),(2.2,3.3)); 86
((11.11,4.4),(5.5,6.6)); 100
((11.11,4.4),(5.5,7.7)); 100
((11.11,4.4),(5.5,8.8)); 100
((11.11,4.4),(5.5,9.9)); 100
((11.11,4.4),(6.6,7.7)); 100
((11.11,4.4),(6.6,8.8)); 100
((11.11,4.4),(6.6,9.9)); 100
((11.11,4.4),(7.7,8.8)); 100
((11.11,4.4),(7.7,9.9)); 100
((11.11,4.4),(8.8,9.9)); 100
((11.11,5.5),(2.2,3.3)); 100
((11.11,5.5),(2.2,4.4)); 100
((11.11,5.5),(3.3,4.4)); 100
((11.11,5.5),(6.6,7.7)); 1
((11.11,5.5),(6.6,8.8)); 1
((11.11,5.5),(6.6,9.9)); 1
((11.11,5.5),(7.7,8.8)); 96
((11.11,5.5),(7.7,9.9)); 17
((11.11,5.5),(8.8,9.9)); 16
((11.11,6.6),(2.2,3.3)); 100
((11.11,6.6),(2.2,4.4)); 100
((11.11,6.6),(3.3,4.4)); 100
((11.11,6.6),(5.5,7.7)); 1
((11.11,6.6),(5.5,8.8)); 1
((11.11,6.6),(5.5,9.9)); 1
((11.11,6.6),(7.7,8.8)); 96
((11.11,6.6),(7.7,9.9)); 18
((11.11,6.6),(8.8,9.9)); 17
((11.11,7.7),(2.2,3.3)); 100
((11.11,7.7),(2.2,4.4)); 100
((11.11,7.7),(3.3,4.4)); 100
((11.11,7.7),(5.5,6.6)); 98
((11.11,7.7),(5.5,8.8)); 4
((11.11,7.7),(5.5,9.9)); 26
((11.11,7.7),(6.6,8.8)); 4
((11.11,7.7),(6.6,9.9)); 26
((11.11,7.7),(8.8,9.9)); 1
((11.11,8.8),(2.2,3.3)); 100
((11.11,8.8),(2.2,4.4)); 100
((11.11,8.8),(3.3,4.4)); 100
((11.11,8.8),(5.5,6.6)); 98
((11.11,8.8),(5.5,9.9)); 25
((11.11,8.8),(6.6,9.9)); 25
((11.11,8.8),(7.7,9.9)); 1
((11.11,9.9),(2.2,3.3)); 100
((11.11,9.9),(2.2,4.4)); 100
((11.11,9.9),(3.3,4.4)); 100
((11.11,9.9),(5.5,6.6)); 98
((11.11,9.9),(5.5,7.7)); 57
((11.11,9.9),(5.5,8.8)); 59
((11.11,9.9),(6.6,7.7)); 56
((11.11,9.9),(6.6,8.8)); 58
((11.11,9.9),(7.7,8.8)); 98
((2.2,3.3),(4.4,5.5)); 86
((2.2,3.3),(4.4,6.6)); 86
((2.2,3.3),(4.4,7.7)); 86
((2.2,3.3),(4.4,8.8)); 86
((2.2,3.3),(4.4,9.9)); 86
((2.2,3.3),(5.5,6.6)); 100
((2.2,3.3),(5.5,7.7)); 100
((2.2,3.3),(5.5,8.8)); 100
((2.2,3.3),(5.5,9.9)); 100
((2.2,3.3),(6.6,7.7)); 100
((2.2,3.3),(6.6,8.8)); 100
((2.2,3.3),(6.6,9.9)); 100
((2.2,3.3),(7.7,8.8)); 100
((2.2,3.3),(7.7,9.9)); 100
((2.2,3.3),(8.8,9.9)); 100
((2.2,4.4),(3.3,5.5)); 7
((2.2,4.4),(3.3,6.6)); 7
((2.2,4.4),(3.3,7.7)); 7
((2.2,4.4),(3.3,8.8)); 7
((2.2,4.4),(3.3,9.9)); 7
((2.2,4.4),(5.5,6.6)); 100
((2.2,4.4),(5.5,7.7)); 100
((2.2,4.4),(5.5,8.8)); 100
((2.2,4.4),(5.5,9.9)); 100
((2.2,4.4),(6.6,7.7)); 100
((2.2,4.4),(6.6,8.8)); 100
((2.2,4.4),(6.6,9.9)); 100
((2.2,4.4),(7.7,8.8)); 100
((2.2,4.4),(7.7,9.9)); 100
((2.2,4.4),(8.8,9.9)); 100
((2.2,5.5),(3.3,4.4)); 7
((2.2,5.5),(6.6,7.7)); 1
((2.2,5.5),(6.6,8.8)); 1
((2.2,5.5),(6.6,9.9)); 1
((2.2,5.5),(7.7,8.8)); 96
((2.2,5.5),(7.7,9.9)); 17
((2.2,5.5),(8.8,9.9)); 16
((2.2,6.6),(3.3,4.4)); 7
((2.2,6.6),(5.5,7.7)); 1
((2.2,6.6),(5.5,8.8)); 1
((2.2,6.6),(5.5,9.9)); 1
((2.2,6.6),(7.7,8.8)); 96
((2.2,6.6),(7.7,9.9)); 18
((2.2,6.6),(8.8,9.9)); 17
((2.2,7.7),(3.3,4.4)); 7
((2.2,7.7),(5.5,6.6)); 98
((2.2,7.7),(5.5,8.8)); 4
((2.2,7.7),(5.5,9.9)); 26
((2.2,7.7),(6.6,8.8)); 4
((2.2,7.7),(6.6,9.9)); 26
((2.2,7.7),(8.8,9.9)); 1
((2.2,8.8),(3.3,4.4)); 7
((2.2,8.8),(5.5,6.6)); 98
((2.2,8.8),(5.5,9.9)); 25
((2.2,8.8),(6.6,9.9)); 25
((2.2,8.8),(7.7,9.9)); 1
((2.2,9.9),(3.3,4.4)); 7
((2.2,9.9),(5.5,6.6)); 98
((2.2,9.9),(5.5,7.7)); 57
((2.2,9.9),(5.5,8.8)); 59
((2.2,9.9),(6.6,7.7)); 56
((2.2,9.9),(6.6,8.8)); 58
((2.2,9.9),(7.7,8.8)); 98
((3.3,4.4),(5.5,6.6)); 100
((3.3,4.4),(5.5,7.7)); 100
((3.3,4.4),(5.5,8.8)); 100
((3.3,4.4),(5.5,9.9)); 100
((3.3,4.4),(6.6,7.7)); 100
((3.3,4.4),(6.6,8.8)); 100
((3.3,4.4),(6.6,9.9)); 100
((3.3,4.4),(7.7,8.8)); 100
((3.3,4.4),(7.7,9.9)); 100
((3.3,4.4),(8.8,9.9)); 100
((3.3,5.5),(6.6,7.7)); 1
((3.3,5.5),(6.6,8.8)); 1
((3.3,5.5),(6.6,9.9)); 1
((3.3,5.5),(7.7,8.8)); 96
((3.3,5.5),(7.7,9.9)); 17
((3.3,5.5),(8.8,9.9)); 16
((3.3,6.6),(5.5,7.7)); 1
((3.3,6.6),(5.5,8.8)); 1
((3.3,6.6),(5.5,9.9)); 1
((3.3,6.6),(7.7,8.8)); 96
((3.3,6.6),(7.7,9.9)); 18
((3.3,6.6),(8.8,9.9)); 17
((3.3,7.7),(5.5,6.6)); 98
((3.3,7.7),(5.5,8.8)); 4
((3.3,7.7),(5.5,9.9)); 26
((3.3,7.7),(6.6,8.8)); 4
((3.3,7.7),(6.6,9.9)); 26
((3.3,7.7),(8.8,9.9)); 1
((3.3,8.8),(5.5,6.6)); 98
((3.3,8.8),(5.5,9.9)); 25
((3.3,8.8),(6.6,9.9)); 25
((3.3,8.8),(7.7,9.9)); 1
((3.3,9.9),(5.5,6.6)); 98
((3.3,9.9),(5.5,7.7)); 57
((3.3,9.9),(5.5,8.8)); 59
((3.3,9.9),(6.6,7.7)); 56
((3.3,9.9),(6.6,8.8)); 58
((3.3,9.9),(7.7,8.8)); 98
((4.4,5.5),(6.6,7.7)); 1
((4.4,5.5),(6.6,8.8)); 1
((4.4,5.5),(6.6,9.9)); 1
((4.4,5.5),(7.7,8.8)); 96
((4.4,5.5),(7.7,9.9)); 17
((4.4,5.5),(8.8,9.9)); 16
((4.4,6.6),(5.5,7.7)); 1
((4.4,6.6),(5.5,8.8)); 1
((4.4,6.6),(5.5,9.9)); 1
((4.4,6.6),(7.7,8.8)); 96
((4.4,6.6),(7.7,9.9)); 18
((4.4,6.6),(8.8,9.9)); 17
((4.4,7.7),(5.5,6.6)); 98
((4.4,7.7),(5.5,8.8)); 4
((4.4,7.7),(5.5,9.9)); 26
((4.4,7.7),(6.6,8.8)); 4
((4.4,7.7),(6.6,9.9)); 26
((4.4,7.7),(8.8,9.9)); 1
((4.4,8.8),(5.5,6.6)); 98
((4.4,8.8),(5.5,9.9)); 25
((4.4,8.8),(6.6,9.9)); 25
((4.4,8.8),(7.7,9.9)); 1
((4.4,9.9),(5.5,6.6)); 98
((4.4,9.9),(5.5,7.7)); 57
((4.4,9.9),(5.5,8.8)); 59
((4.4,9.9),(6.6,7.7)); 56
((4.4,9.9),(6.6,8.8)); 58
((4.4,9.9),(7.7,8.8)); 98
((5.5,6.6),(7.7,8.8)); 100
((5.5,6.6),(7.7,9.9)); 99
((5.5,6.6),(8.8,9.9)); 99
((5.5,7.7),(6.6,9.9)); 1
((5.5,8.8),(6.6,9.9)); 1
((5.5,8.8),(7.7,9.9)); 4
((5.5,9.9),(7.7,8.8)); 96
((6.6,8.8),(7.7,9.9)); 4
((6.6,9.9),(7.7,8.8)); 96
