((1,10),(11,2)); 2
((1,10),(11,3)); 5
((1,10),(11,4)); 3
((1,10),(11,5)); 4
((1,10),(11,6)); 3
((1,10),(11,7)); 2
((1,10),(11,8)); 2
((1,10),(11,9)); 1
((1,10),(2,3)); 32
((1,10),(2,4)); 15
((1,10),(2,5)); 1
((1,10),(2,6)); 1
((1,10),(2,7)); 1
((1,10),(2,8)); 1
((1,10),(3,4)); 24
((1,10),(3,5)); 2
((1,10),(3,6)); 2
((1,10),(3,7)); 1
((1,10),(3,8)); 1
((1,10),(3,9)); 1
((1,10),(4,5)); 1
((1,10),(4,6)); 1
((1,10),(4,7)); 1
((1,10),(4,8)); 1
((1,10),(5,6)); 81
((1,10),(5,7)); 67
((1,10),(5,8)); 59
((1,10),(5,9)); 50
((1,10),(6,7)); 65
((1,10),(6,8)); 60
((1,10),(6,9)); 51
((1,10),(7,8)); 81
((1,10),(7,9)); 52
((1,10),(8,9)); 49
((1,11),(10,2)); 4
((1,11),(10,3)); 2
((1,11),(10,4)); 5
((1,11),(10,5)); 93
((1,11),(10,6)); 94
((1,11),(10,7)); 94
((1,11),(10,8)); 93
((1,11),(10,9)); 93
((1,11),(2,3)); 32
((1,11),(2,4)); 16
((1,11),(2,5)); 3
((1,11),(2,6)); 3
((1,11),(2,7)); 4
((1,11),(2,8)); 3
((1,11),(2,9)); 3
((1,11),(3,4)); 24
((1,11),(3,5)); 2
((1,11),(3,6)); 2
((1,11),(3,7)); 2
((1,11),(3,8)); 2
((1,11),(3,9)); 2
((1,11),(4,5)); 4
((1,11),(4,6)); 4
((1,11),(4,7)); 5
((1,11),(4,8)); 4
((1,11),(4,9)); 4
((1,11),(5,6)); 98
((1,11),(5,7)); 96
((1,11),(5,8)); 95
((1,11),(5,9)); 94
((1,11),(6,7)); 96
((1,11),(6,8)); 96
((1,11),(6,9)); 94
((1,11),(7,8)); 98
((1,11),(7,9)); 93
((1,11),(8,9)); 93
((1,2),(10,11)); 94
((1,2),(10,3)); 32
((1,2),(10,4)); 62
((1,2),(10,5)); 98
((1,2),(10,6)); 98
((1,2),(10,7)); 99
((1,2),(10,8)); 98
((1,2),(10,9)); 99
((1,2),(11,3)); 35
((1,2),(11,4)); 60
((1,2),(11,5)); 95
((1,2),(11,6)); 95
((1,2),(11,7)); 94
((1,2),(11,8)); 94
((1,2),(11,9)); 95
((1,2),(3,4)); 30
((1,2),(3,5)); 33
((1,2),(3,6)); 33
((1,2),(3,7)); 32
((1,2),(3,8)); 32
((1,2),(3,9)); 33
((1,2),(4,5)); 61
((1,2),(4,6)); 61
((1,2),(4,7)); 62
((1,2),(4,8)); 61
((1,2),(4,9)); 61
((1,2),(5,6)); 99
((1,2),(5,7)); 98
((1,2),(5,8)); 98
((1,2),(5,9)); 99
((1,2),(6,7)); 98
((1,2),(6,8)); 98
((1,2),(6,9)); 99
((1,2),(7,8)); 98
((1,2),(7,9)); 98
((1,2),(8,9)); 98
((1,3),(10,11)); 93
((1,3),(10,2)); 36
((1,3),(10,4)); 56
((1,3),(10,5)); 98
((1,3),(10,6)); 98
((1,3),(10,7)); 99
((1,3),(10,8)); 98
((1,3),(10,9)); 99
((1,3),(11,2)); 33
((1,3),(11,4)); 55
((1,3),(11,5)); 94
((1,3),(11,6)); 94
((1,3),(11,7)); 93
((1,3),(11,8)); 93
((1,3),(11,9)); 94
((1,3),(2,4)); 34
((1,3),(2,5)); 36
((1,3),(2,6)); 36
((1,3),(2,7)); 37
((1,3),(2,8)); 36
((1,3),(2,9)); 35
((1,3),(4,5)); 55
((1,3),(4,6)); 55
((1,3),(4,7)); 56
((1,3),(4,8)); 55
((1,3),(4,9)); 55
((1,3),(5,6)); 100
((1,3),(5,7)); 99
((1,3),(5,8)); 99
((1,3),(5,9)); 99
((1,3),(6,7)); 99
((1,3),(6,8)); 99
((1,3),(6,9)); 99
((1,3),(7,8)); 99
((1,3),(7,9)); 98
((1,3),(8,9)); 98
((1,4),(10,11)); 92
((1,4),(10,2)); 23
((1,4),(10,3)); 20
((1,4),(10,5)); 98
((1,4),(10,6)); 98
((1,4),(10,7)); 99
((1,4),(10,8)); 98
((1,4),(10,9)); 99
((1,4),(11,2)); 24
((1,4),(11,3)); 21
((1,4),(11,5)); 93
((1,4),(11,6)); 93
((1,4),(11,7)); 92
((1,4),(11,8)); 92
((1,4),(11,9)); 93
((1,4),(2,3)); 36
((1,4),(2,5)); 24
((1,4),(2,6)); 24
((1,4),(2,7)); 24
((1,4),(2,8)); 24
((1,4),(2,9)); 23
((1,4),(3,5)); 22
((1,4),(3,6)); 22
((1,4),(3,7)); 21
((1,4),(3,8)); 21
((1,4),(3,9)); 21
((1,4),(5,6)); 100
((1,4),(5,7)); 99
((1,4),(5,8)); 99
((1,4),(5,9)); 99
((1,4),(6,7)); 99
((1,4),(6,8)); 99
((1,4),(6,9)); 99
((1,4),(7,8)); 99
((1,4),(7,9)); 98
((1,4),(8,9)); 98
((1,5),(10,11)); 3
((1,5),(10,2)); 1
((1,5),(10,4)); 1
((1,5),(10,6)); 11
((1,5),(10,7)); 17
((1,5),(10,8)); 19
((1,5),(10,9)); 17
((1,5),(11,2)); 2
((1,5),(11,3)); 4
((1,5),(11,4)); 3
((1,5),(11,6)); 1
((1,5),(11,7)); 1
((1,5),(11,8)); 2
((1,5),(2,3)); 31
((1,5),(2,4)); 15
((1,5),(2,6)); 1
((1,5),(2,7)); 2
((1,5),(2,8)); 1
((1,5),(3,4)); 23
((1,5),(4,7)); 1
((1,5),(6,7)); 18
((1,5),(6,8)); 16
((1,5),(6,9)); 7
((1,5),(7,8)); 64
((1,5),(7,9)); 19
((1,5),(8,9)); 20
((1,6),(10,11)); 3
((1,6),(10,2)); 1
((1,6),(10,4)); 1
((1,6),(10,5)); 8
((1,6),(10,7)); 19
((1,6),(10,8)); 18
((1,6),(10,9)); 16
((1,6),(11,2)); 2
((1,6),(11,3)); 4
((1,6),(11,4)); 3
((1,6),(11,5)); 1
((1,6),(11,7)); 1
((1,6),(11,8)); 2
((1,6),(2,3)); 31
((1,6),(2,4)); 15
((1,6),(2,7)); 2
((1,6),(2,8)); 1
((1,6),(3,4)); 23
((1,6),(4,7)); 1
((1,6),(5,7)); 16
((1,6),(5,8)); 14
((1,6),(5,9)); 7
((1,6),(7,8)); 64
((1,6),(7,9)); 20
((1,6),(8,9)); 21
((1,7),(10,11)); 4
((1,7),(10,5)); 16
((1,7),(10,6)); 16
((1,7),(10,8)); 7
((1,7),(10,9)); 15
((1,7),(11,2)); 2
((1,7),(11,3)); 5
((1,7),(11,4)); 3
((1,7),(11,5)); 3
((1,7),(11,6)); 3
((1,7),(11,8)); 1
((1,7),(11,9)); 2
((1,7),(2,3)); 31
((1,7),(2,4)); 14
((1,7),(3,4)); 23
((1,7),(3,5)); 1
((1,7),(3,6)); 1
((1,7),(3,9)); 1
((1,7),(5,6)); 66
((1,7),(5,8)); 16
((1,7),(5,9)); 23
((1,7),(6,8)); 15
((1,7),(6,9)); 24
((1,7),(8,9)); 10
((1,8),(10,11)); 5
((1,8),(10,2)); 1
((1,8),(10,3)); 1
((1,8),(10,4)); 1
((1,8),(10,5)); 22
((1,8),(10,6)); 22
((1,8),(10,7)); 12
((1,8),(10,9)); 19
((1,8),(11,2)); 3
((1,8),(11,3)); 5
((1,8),(11,4)); 4
((1,8),(11,5)); 3
((1,8),(11,6)); 2
((1,8),(11,7)); 1
((1,8),(11,9)); 2
((1,8),(2,3)); 32
((1,8),(2,4)); 15
((1,8),(2,5)); 1
((1,8),(2,6)); 1
((1,8),(2,7)); 2
((1,8),(2,9)); 1
((1,8),(3,4)); 24
((1,8),(3,5)); 1
((1,8),(3,6)); 1
((1,8),(3,7)); 1
((1,8),(3,9)); 1
((1,8),(4,5)); 1
((1,8),(4,6)); 1
((1,8),(4,7)); 1
((1,8),(4,9)); 1
((1,8),(5,6)); 70
((1,8),(5,7)); 20
((1,8),(5,9)); 25
((1,8),(6,7)); 21
((1,8),(6,9)); 26
((1,8),(7,9)); 17
((1,9),(10,11)); 6
((1,9),(10,2)); 1
((1,9),(10,4)); 1
((1,9),(10,5)); 33
((1,9),(10,6)); 33
((1,9),(10,7)); 33
((1,9),(10,8)); 32
((1,9),(11,2)); 2
((1,9),(11,3)); 4
((1,9),(11,4)); 3
((1,9),(11,5)); 6
((1,9),(11,6)); 6
((1,9),(11,7)); 5
((1,9),(11,8)); 5
((1,9),(2,3)); 32
((1,9),(2,4)); 16
((1,9),(2,5)); 1
((1,9),(2,6)); 1
((1,9),(2,7)); 2
((1,9),(2,8)); 1
((1,9),(3,4)); 24
((1,9),(3,5)); 1
((1,9),(3,6)); 1
((1,9),(3,7)); 1
((1,9),(3,8)); 1
((1,9),(4,5)); 1
((1,9),(4,6)); 1
((1,9),(4,7)); 2
((1,9),(4,8)); 1
((1,9),(5,6)); 86
((1,9),(5,7)); 58
((1,9),(5,8)); 55
((1,9),(6,7)); 56
((1,9),(6,8)); 53
((1,9),(7,8)); 73
((10,11),(2,3)); 94
((10,11),(2,4)); 92
((10,11),(2,5)); 4
((10,11),(2,6)); 4
((10,11),(2,7)); 5
((10,11),(2,8)); 5
((10,11),(2,9)); 6
((10,11),(3,4)); 91
((10,11),(3,5)); 4
((10,11),(3,6)); 4
((10,11),(3,7)); 5
((10,11),(3,8)); 5
((10,11),(3,9)); 6
((10,11),(4,5)); 4
((10,11),(4,6)); 4
((10,11),(4,7)); 5
((10,11),(4,8)); 5
((10,11),(4,9)); 6
((10,11),(5,6)); 82
((10,11),(5,7)); 67
((10,11),(5,8)); 60
((10,11),(5,9)); 52
((10,11),(6,7)); 66
((10,11),(6,8)); 61
((10,11),(6,9)); 53
((10,11),(7,8)); 82
((10,11),(7,9)); 55
((10,11),(8,9)); 52
((10,2),(11,3)); 4
((10,2),(11,4)); 4
((10,2),(11,5)); 4
((10,2),(11,6)); 3
((10,2),(11,7)); 2
((10,2),(11,8)); 3
((10,2),(11,9)); 1
((10,2),(3,4)); 21
((10,2),(3,5)); 1
((10,2),(3,6)); 1
((10,2),(3,8)); 1
((10,2),(3,9)); 1
((10,2),(5,6)); 80
((10,2),(5,7)); 66
((10,2),(5,8)); 59
((10,2),(5,9)); 50
((10,2),(6,7)); 64
((10,2),(6,8)); 60
((10,2),(6,9)); 51
((10,2),(7,8)); 80
((10,2),(7,9)); 52
((10,2),(8,9)); 50
((10,3),(11,2)); 2
((10,3),(11,4)); 4
((10,3),(11,5)); 4
((10,3),(11,6)); 3
((10,3),(11,7)); 2
((10,3),(11,8)); 2
((10,3),(11,9)); 1
((10,3),(2,4)); 18
((10,3),(2,5)); 1
((10,3),(2,6)); 1
((10,3),(2,7)); 1
((10,3),(2,8)); 1
((10,3),(5,6)); 81
((10,3),(5,7)); 67
((10,3),(5,8)); 59
((10,3),(5,9)); 50
((10,3),(6,7)); 65
((10,3),(6,8)); 60
((10,3),(6,9)); 51
((10,3),(7,8)); 81
((10,3),(7,9)); 52
((10,3),(8,9)); 49
((10,4),(11,2)); 4
((10,4),(11,3)); 5
((10,4),(11,5)); 4
((10,4),(11,6)); 3
((10,4),(11,7)); 2
((10,4),(11,8)); 3
((10,4),(11,9)); 1
((10,4),(2,3)); 61
((10,4),(2,5)); 2
((10,4),(2,6)); 2
((10,4),(2,7)); 1
((10,4),(2,8)); 2
((10,4),(2,9)); 1
((10,4),(3,5)); 2
((10,4),(3,6)); 2
((10,4),(3,7)); 1
((10,4),(3,8)); 2
((10,4),(3,9)); 1
((10,4),(5,6)); 81
((10,4),(5,7)); 67
((10,4),(5,8)); 60
((10,4),(5,9)); 50
((10,4),(6,7)); 65
((10,4),(6,8)); 61
((10,4),(6,9)); 51
((10,4),(7,8)); 81
((10,4),(7,9)); 52
((10,4),(8,9)); 50
((10,5),(11,2)); 92
((10,5),(11,3)); 92
((10,5),(11,4)); 92
((10,5),(11,6)); 8
((10,5),(11,7)); 15
((10,5),(11,8)); 20
((10,5),(11,9)); 29
((10,5),(2,3)); 98
((10,5),(2,4)); 98
((10,5),(2,6)); 9
((10,5),(2,7)); 17
((10,5),(2,8)); 22
((10,5),(2,9)); 33
((10,5),(3,4)); 98
((10,5),(3,6)); 8
((10,5),(3,7)); 16
((10,5),(3,8)); 21
((10,5),(3,9)); 33
((10,5),(4,6)); 8
((10,5),(4,7)); 16
((10,5),(4,8)); 21
((10,5),(4,9)); 33
((10,5),(6,7)); 18
((10,5),(6,8)); 16
((10,5),(6,9)); 11
((10,5),(7,8)); 65
((10,5),(7,9)); 26
((10,5),(8,9)); 27
((10,6),(11,2)); 93
((10,6),(11,3)); 93
((10,6),(11,4)); 93
((10,6),(11,5)); 10
((10,6),(11,7)); 14
((10,6),(11,8)); 20
((10,6),(11,9)); 30
((10,6),(2,3)); 98
((10,6),(2,4)); 98
((10,6),(2,5)); 11
((10,6),(2,7)); 17
((10,6),(2,8)); 22
((10,6),(2,9)); 33
((10,6),(3,4)); 98
((10,6),(3,5)); 11
((10,6),(3,7)); 16
((10,6),(3,8)); 21
((10,6),(3,9)); 33
((10,6),(4,5)); 11
((10,6),(4,7)); 16
((10,6),(4,8)); 21
((10,6),(4,9)); 33
((10,6),(5,7)); 15
((10,6),(5,8)); 16
((10,6),(5,9)); 13
((10,6),(7,8)); 66
((10,6),(7,9)); 26
((10,6),(8,9)); 26
((10,7),(11,2)); 93
((10,7),(11,3)); 93
((10,7),(11,4)); 93
((10,7),(11,5)); 18
((10,7),(11,6)); 20
((10,7),(11,8)); 12
((10,7),(11,9)); 30
((10,7),(2,3)); 99
((10,7),(2,4)); 99
((10,7),(2,5)); 17
((10,7),(2,6)); 19
((10,7),(2,8)); 12
((10,7),(2,9)); 33
((10,7),(3,4)); 99
((10,7),(3,5)); 17
((10,7),(3,6)); 19
((10,7),(3,8)); 12
((10,7),(3,9)); 33
((10,7),(4,5)); 17
((10,7),(4,6)); 19
((10,7),(4,8)); 12
((10,7),(4,9)); 33
((10,7),(5,6)); 67
((10,7),(5,8)); 19
((10,7),(5,9)); 29
((10,7),(6,8)); 16
((10,7),(6,9)); 29
((10,7),(8,9)); 15
((10,8),(11,2)); 92
((10,8),(11,3)); 93
((10,8),(11,4)); 92
((10,8),(11,5)); 20
((10,8),(11,6)); 19
((10,8),(11,7)); 6
((10,8),(11,9)); 30
((10,8),(2,3)); 98
((10,8),(2,4)); 98
((10,8),(2,5)); 19
((10,8),(2,6)); 18
((10,8),(2,7)); 8
((10,8),(2,9)); 32
((10,8),(3,4)); 98
((10,8),(3,5)); 20
((10,8),(3,6)); 19
((10,8),(3,7)); 7
((10,8),(3,9)); 33
((10,8),(4,5)); 19
((10,8),(4,6)); 18
((10,8),(4,7)); 7
((10,8),(4,9)); 32
((10,8),(5,6)); 68
((10,8),(5,7)); 16
((10,8),(5,9)); 32
((10,8),(6,7)); 18
((10,8),(6,9)); 31
((10,8),(7,9)); 13
((10,9),(11,2)); 93
((10,9),(11,3)); 93
((10,9),(11,4)); 93
((10,9),(11,5)); 19
((10,9),(11,6)); 17
((10,9),(11,7)); 15
((10,9),(11,8)); 18
((10,9),(2,3)); 99
((10,9),(2,4)); 99
((10,9),(2,5)); 17
((10,9),(2,6)); 16
((10,9),(2,7)); 15
((10,9),(2,8)); 18
((10,9),(3,4)); 99
((10,9),(3,5)); 17
((10,9),(3,6)); 16
((10,9),(3,7)); 15
((10,9),(3,8)); 18
((10,9),(4,5)); 17
((10,9),(4,6)); 16
((10,9),(4,7)); 15
((10,9),(4,8)); 18
((10,9),(5,6)); 76
((10,9),(5,7)); 45
((10,9),(5,8)); 41
((10,9),(6,7)); 45
((10,9),(6,8)); 43
((10,9),(7,8)); 72
((11,2),(3,4)); 22
((11,2),(3,5)); 2
((11,2),(3,6)); 2
((11,2),(3,7)); 2
((11,2),(3,8)); 2
((11,2),(3,9)); 2
((11,2),(4,5)); 3
((11,2),(4,6)); 3
((11,2),(4,7)); 4
((11,2),(4,8)); 3
((11,2),(4,9)); 3
((11,2),(5,6)); 97
((11,2),(5,7)); 95
((11,2),(5,8)); 94
((11,2),(5,9)); 93
((11,2),(6,7)); 95
((11,2),(6,8)); 95
((11,2),(6,9)); 93
((11,2),(7,8)); 97
((11,2),(7,9)); 92
((11,2),(8,9)); 92
((11,3),(2,4)); 20
((11,3),(2,5)); 4
((11,3),(2,6)); 4
((11,3),(2,7)); 5
((11,3),(2,8)); 5
((11,3),(2,9)); 3
((11,3),(4,5)); 4
((11,3),(4,6)); 4
((11,3),(4,7)); 5
((11,3),(4,8)); 5
((11,3),(4,9)); 4
((11,3),(5,6)); 98
((11,3),(5,7)); 96
((11,3),(5,8)); 95
((11,3),(5,9)); 93
((11,3),(6,7)); 96
((11,3),(6,8)); 96
((11,3),(6,9)); 93
((11,3),(7,8)); 99
((11,3),(7,9)); 92
((11,3),(8,9)); 92
((11,4),(2,3)); 58
((11,4),(2,5)); 5
((11,4),(2,6)); 5
((11,4),(2,7)); 5
((11,4),(2,8)); 5
((11,4),(2,9)); 4
((11,4),(3,5)); 5
((11,4),(3,6)); 5
((11,4),(3,7)); 5
((11,4),(3,8)); 5
((11,4),(3,9)); 4
((11,4),(5,6)); 98
((11,4),(5,7)); 96
((11,4),(5,8)); 95
((11,4),(5,9)); 93
((11,4),(6,7)); 96
((11,4),(6,8)); 96
((11,4),(6,9)); 93
((11,4),(7,8)); 98
((11,4),(7,9)); 92
((11,4),(8,9)); 92
((11,5),(2,3)); 94
((11,5),(2,4)); 92
((11,5),(2,6)); 2
((11,5),(2,7)); 4
((11,5),(2,8)); 4
((11,5),(2,9)); 6
((11,5),(3,4)); 91
((11,5),(3,6)); 1
((11,5),(3,7)); 3
((11,5),(3,8)); 3
((11,5),(3,9)); 6
((11,5),(4,6)); 1
((11,5),(4,7)); 3
((11,5),(4,8)); 3
((11,5),(4,9)); 6
((11,5),(6,7)); 18
((11,5),(6,8)); 15
((11,5),(6,9)); 8
((11,5),(7,8)); 65
((11,5),(7,9)); 21
((11,5),(8,9)); 22
((11,6),(2,3)); 94
((11,6),(2,4)); 92
((11,6),(2,5)); 1
((11,6),(2,7)); 4
((11,6),(2,8)); 3
((11,6),(2,9)); 6
((11,6),(3,4)); 91
((11,6),(3,5)); 1
((11,6),(3,7)); 3
((11,6),(3,8)); 2
((11,6),(3,9)); 6
((11,6),(4,5)); 1
((11,6),(4,7)); 3
((11,6),(4,8)); 2
((11,6),(4,9)); 6
((11,6),(5,7)); 16
((11,6),(5,8)); 14
((11,6),(5,9)); 8
((11,6),(7,8)); 65
((11,6),(7,9)); 22
((11,6),(8,9)); 22
((11,7),(2,3)); 93
((11,7),(2,4)); 91
((11,7),(2,5)); 1
((11,7),(2,6)); 1
((11,7),(2,9)); 5
((11,7),(3,4)); 90
((11,7),(3,5)); 1
((11,7),(3,6)); 1
((11,7),(3,9)); 5
((11,7),(4,5)); 1
((11,7),(4,6)); 1
((11,7),(4,9)); 5
((11,7),(5,6)); 66
((11,7),(5,8)); 16
((11,7),(5,9)); 23
((11,7),(6,8)); 14
((11,7),(6,9)); 24
((11,7),(8,9)); 10
((11,8),(2,3)); 93
((11,8),(2,4)); 92
((11,8),(2,5)); 2
((11,8),(2,6)); 2
((11,8),(2,7)); 3
((11,8),(2,9)); 5
((11,8),(3,4)); 90
((11,8),(3,5)); 2
((11,8),(3,6)); 2
((11,8),(3,7)); 1
((11,8),(3,9)); 5
((11,8),(4,5)); 2
((11,8),(4,6)); 2
((11,8),(4,7)); 2
((11,8),(4,9)); 5
((11,8),(5,6)); 71
((11,8),(5,7)); 19
((11,8),(5,9)); 26
((11,8),(6,7)); 21
((11,8),(6,9)); 27
((11,8),(7,9)); 17
((11,9),(2,3)); 95
((11,9),(2,4)); 93
((11,9),(2,5)); 1
((11,9),(2,6)); 1
((11,9),(2,7)); 3
((11,9),(2,8)); 3
((11,9),(3,4)); 92
((11,9),(3,5)); 1
((11,9),(3,6)); 1
((11,9),(3,7)); 3
((11,9),(3,8)); 3
((11,9),(4,5)); 1
((11,9),(4,6)); 1
((11,9),(4,7)); 3
((11,9),(4,8)); 3
((11,9),(5,6)); 84
((11,9),(5,7)); 56
((11,9),(5,8)); 52
((11,9),(6,7)); 54
((11,9),(6,8)); 51
((11,9),(7,8)); 73
((2,3),(4,5)); 59
((2,3),(4,6)); 59
((2,3),(4,7)); 60
((2,3),(4,8)); 59
((2,3),(4,9)); 60
((2,3),(5,6)); 99
((2,3),(5,7)); 98
((2,3),(5,8)); 98
((2,3),(5,9)); 99
((2,3),(6,7)); 98
((2,3),(6,8)); 98
((2,3),(6,9)); 99
((2,3),(7,8)); 98
((2,3),(7,9)); 98
((2,3),(8,9)); 98
((2,4),(3,5)); 19
((2,4),(3,6)); 19
((2,4),(3,7)); 18
((2,4),(3,8)); 19
((2,4),(3,9)); 19
((2,4),(5,6)); 99
((2,4),(5,7)); 98
((2,4),(5,8)); 99
((2,4),(5,9)); 99
((2,4),(6,7)); 98
((2,4),(6,8)); 99
((2,4),(6,9)); 99
((2,4),(7,8)); 98
((2,4),(7,9)); 98
((2,4),(8,9)); 99
((2,5),(3,4)); 22
((2,5),(3,9)); 1
((2,5),(4,7)); 1
((2,5),(4,9)); 1
((2,5),(6,7)); 17
((2,5),(6,8)); 15
((2,5),(6,9)); 7
((2,5),(7,8)); 63
((2,5),(7,9)); 19
((2,5),(8,9)); 20
((2,6),(3,4)); 22
((2,6),(3,5)); 1
((2,6),(3,9)); 1
((2,6),(4,5)); 1
((2,6),(4,7)); 1
((2,6),(4,9)); 1
((2,6),(5,7)); 16
((2,6),(5,8)); 14
((2,6),(5,9)); 8
((2,6),(7,8)); 63
((2,6),(7,9)); 20
((2,6),(8,9)); 21
((2,7),(3,4)); 22
((2,7),(3,5)); 2
((2,7),(3,6)); 2
((2,7),(3,8)); 2
((2,7),(3,9)); 2
((2,7),(4,5)); 1
((2,7),(4,6)); 1
((2,7),(4,8)); 1
((2,7),(4,9)); 1
((2,7),(5,6)); 67
((2,7),(5,8)); 18
((2,7),(5,9)); 24
((2,7),(6,8)); 17
((2,7),(6,9)); 25
((2,7),(8,9)); 12
((2,8),(3,4)); 22
((2,8),(3,5)); 2
((2,8),(3,6)); 2
((2,8),(3,9)); 2
((2,8),(4,5)); 1
((2,8),(4,6)); 1
((2,8),(4,7)); 1
((2,8),(4,9)); 1
((2,8),(5,6)); 71
((2,8),(5,7)); 19
((2,8),(5,9)); 26
((2,8),(6,7)); 20
((2,8),(6,9)); 27
((2,8),(7,9)); 16
((2,9),(3,4)); 21
((2,9),(4,7)); 1
((2,9),(5,6)); 85
((2,9),(5,7)); 57
((2,9),(5,8)); 54
((2,9),(6,7)); 55
((2,9),(6,8)); 52
((2,9),(7,8)); 72
((3,4),(5,6)); 100
((3,4),(5,7)); 99
((3,4),(5,8)); 99
((3,4),(5,9)); 99
((3,4),(6,7)); 99
((3,4),(6,8)); 99
((3,4),(6,9)); 99
((3,4),(7,8)); 99
((3,4),(7,9)); 98
((3,4),(8,9)); 98
((3,5),(4,7)); 1
((3,5),(4,8)); 1
((3,5),(4,9)); 1
((3,5),(6,7)); 18
((3,5),(6,8)); 16
((3,5),(6,9)); 7
((3,5),(7,8)); 65
((3,5),(7,9)); 19
((3,5),(8,9)); 20
((3,6),(4,7)); 1
((3,6),(4,8)); 1
((3,6),(4,9)); 1
((3,6),(5,7)); 16
((3,6),(5,8)); 14
((3,6),(5,9)); 7
((3,6),(7,8)); 65
((3,6),(7,9)); 20
((3,6),(8,9)); 21
((3,7),(4,9)); 1
((3,7),(5,6)); 66
((3,7),(5,8)); 16
((3,7),(5,9)); 23
((3,7),(6,8)); 15
((3,7),(6,9)); 24
((3,7),(8,9)); 10
((3,8),(4,7)); 1
((3,8),(4,9)); 1
((3,8),(5,6)); 70
((3,8),(5,7)); 19
((3,8),(5,9)); 25
((3,8),(6,7)); 20
((3,8),(6,9)); 26
((3,8),(7,9)); 16
((3,9),(4,7)); 1
((3,9),(4,8)); 1
((3,9),(5,6)); 86
((3,9),(5,7)); 58
((3,9),(5,8)); 55
((3,9),(6,7)); 56
((3,9),(6,8)); 53
((3,9),(7,8)); 74
((4,5),(6,7)); 18
((4,5),(6,8)); 16
((4,5),(6,9)); 7
((4,5),(7,8)); 64
((4,5),(7,9)); 19
((4,5),(8,9)); 20
((4,6),(5,7)); 16
((4,6),(5,8)); 14
((4,6),(5,9)); 7
((4,6),(7,8)); 64
((4,6),(7,9)); 20
((4,6),(8,9)); 21
((4,7),(5,6)); 66
((4,7),(5,8)); 17
((4,7),(5,9)); 23
((4,7),(6,8)); 16
((4,7),(6,9)); 24
((4,7),(8,9)); 11
((4,8),(5,6)); 70
((4,8),(5,7)); 19
((4,8),(5,9)); 25
((4,8),(6,7)); 20
((4,8),(6,9)); 26
((4,8),(7,9)); 16
((4,9),(5,6)); 86
((4,9),(5,7)); 58
((4,9),(5,8)); 55
((4,9),(6,7)); 56
((4,9),(6,8)); 53
((4,9),(7,8)); 73
((5,6),(7,8)); 83
((5,6),(7,9)); 66
((5,6),(8,9)); 68
((5,7),(6,8)); 9
((5,7),(6,9)); 16
((5,7),(8,9)); 17
((5,8),(6,7)); 8
((5,8),(6,9)); 15
((5,8),(7,9)); 19
((5,9),(6,7)); 18
((5,9),(6,8)); 17
((5,9),(7,8)); 64
((6,7),(8,9)); 18
((6,8),(7,9)); 18
((6,9),(7,8)); 64
