((1,10),(11,2)); 2
((1,10),(11,3)); 2
((1,10),(11,4)); 3
((1,10),(11,5)); 2
((1,10),(11,6)); 3
((1,10),(11,7)); 5
((1,10),(11,8)); 3
((1,10),(11,9)); 1
((1,10),(2,3)); 31
((1,10),(2,4)); 25
((1,10),(3,4)); 20
((1,10),(4,5)); 1
((1,10),(4,6)); 1
((1,10),(4,7)); 1
((1,10),(4,8)); 1
((1,10),(5,6)); 81
((1,10),(5,7)); 64
((1,10),(5,8)); 66
((1,10),(5,9)); 54
((1,10),(6,7)); 62
((1,10),(6,8)); 63
((1,10),(6,9)); 54
((1,10),(7,8)); 83
((1,10),(7,9)); 54
((1,10),(8,9)); 58
((1,11),(10,4)); 2
((1,11),(10,5)); 98
((1,11),(10,6)); 97
((1,11),(10,7)); 94
((1,11),(10,8)); 97
((1,11),(10,9)); 97
((1,11),(2,3)); 31
((1,11),(2,4)); 23
((1,11),(3,4)); 19
((1,11),(4,5)); 2
((1,11),(4,6)); 2
((1,11),(4,7)); 2
((1,11),(4,8)); 2
((1,11),(4,9)); 2
((1,11),(5,6)); 99
((1,11),(5,7)); 96
((1,11),(5,8)); 99
((1,11),(5,9)); 96
((1,11),(6,7)); 96
((1,11),(6,8)); 98
((1,11),(6,9)); 95
((1,11),(7,8)); 97
((1,11),(7,9)); 94
((1,11),(8,9)); 96
((1,2),(10,11)); 98
((1,2),(10,3)); 42
((1,2),(10,4)); 49
((1,2),(10,5)); 100
((1,2),(10,6)); 100
((1,2),(10,7)); 100
((1,2),(10,8)); 100
((1,2),(10,9)); 100
((1,2),(11,3)); 42
((1,2),(11,4)); 51
((1,2),(11,5)); 98
((1,2),(11,6)); 98
((1,2),(11,7)); 98
((1,2),(11,8)); 98
((1,2),(11,9)); 98
((1,2),(3,4)); 32
((1,2),(3,5)); 42
((1,2),(3,6)); 42
((1,2),(3,7)); 42
((1,2),(3,8)); 42
((1,2),(3,9)); 42
((1,2),(4,5)); 49
((1,2),(4,6)); 49
((1,2),(4,7)); 49
((1,2),(4,8)); 49
((1,2),(4,9)); 49
((1,2),(5,6)); 100
((1,2),(5,7)); 100
((1,2),(5,8)); 100
((1,2),(5,9)); 100
((1,2),(6,7)); 100
((1,2),(6,8)); 100
((1,2),(6,9)); 100
((1,2),(7,8)); 100
((1,2),(7,9)); 100
((1,2),(8,9)); 100
((1,3),(10,11)); 98
((1,3),(10,2)); 27
((1,3),(10,4)); 50
((1,3),(10,5)); 100
((1,3),(10,6)); 100
((1,3),(10,7)); 100
((1,3),(10,8)); 100
((1,3),(10,9)); 100
((1,3),(11,2)); 27
((1,3),(11,4)); 50
((1,3),(11,5)); 98
((1,3),(11,6)); 98
((1,3),(11,7)); 98
((1,3),(11,8)); 98
((1,3),(11,9)); 98
((1,3),(2,4)); 30
((1,3),(2,5)); 27
((1,3),(2,6)); 27
((1,3),(2,7)); 27
((1,3),(2,8)); 27
((1,3),(2,9)); 27
((1,3),(4,5)); 50
((1,3),(4,6)); 50
((1,3),(4,7)); 50
((1,3),(4,8)); 50
((1,3),(4,9)); 50
((1,3),(5,6)); 100
((1,3),(5,7)); 100
((1,3),(5,8)); 100
((1,3),(5,9)); 100
((1,3),(6,7)); 100
((1,3),(6,8)); 100
((1,3),(6,9)); 100
((1,3),(7,8)); 100
((1,3),(7,9)); 100
((1,3),(8,9)); 100
((1,4),(10,11)); 95
((1,4),(10,2)); 26
((1,4),(10,3)); 30
((1,4),(10,5)); 99
((1,4),(10,6)); 99
((1,4),(10,7)); 99
((1,4),(10,8)); 99
((1,4),(10,9)); 100
((1,4),(11,2)); 26
((1,4),(11,3)); 31
((1,4),(11,5)); 96
((1,4),(11,6)); 96
((1,4),(11,7)); 96
((1,4),(11,8)); 96
((1,4),(11,9)); 95
((1,4),(2,3)); 38
((1,4),(2,5)); 26
((1,4),(2,6)); 26
((1,4),(2,7)); 26
((1,4),(2,8)); 26
((1,4),(2,9)); 26
((1,4),(3,5)); 30
((1,4),(3,6)); 30
((1,4),(3,7)); 30
((1,4),(3,8)); 30
((1,4),(3,9)); 30
((1,4),(5,6)); 100
((1,4),(5,7)); 100
((1,4),(5,8)); 100
((1,4),(5,9)); 99
((1,4),(6,7)); 100
((1,4),(6,8)); 100
((1,4),(6,9)); 99
((1,4),(7,8)); 100
((1,4),(7,9)); 99
((1,4),(8,9)); 99
((1,5),(10,6)); 6
((1,5),(10,7)); 17
((1,5),(10,8)); 18
((1,5),(10,9)); 20
((1,5),(11,2)); 2
((1,5),(11,3)); 2
((1,5),(11,4)); 2
((1,5),(11,6)); 1
((1,5),(11,7)); 3
((1,5),(11,8)); 1
((1,5),(11,9)); 1
((1,5),(2,3)); 31
((1,5),(2,4)); 25
((1,5),(3,4)); 20
((1,5),(6,7)); 11
((1,5),(6,8)); 12
((1,5),(6,9)); 11
((1,5),(7,8)); 70
((1,5),(7,9)); 21
((1,5),(8,9)); 24
((1,6),(10,5)); 13
((1,6),(10,7)); 20
((1,6),(10,8)); 22
((1,6),(10,9)); 21
((1,6),(11,2)); 2
((1,6),(11,3)); 2
((1,6),(11,4)); 2
((1,6),(11,7)); 3
((1,6),(11,8)); 1
((1,6),(11,9)); 1
((1,6),(2,3)); 31
((1,6),(2,4)); 25
((1,6),(3,4)); 20
((1,6),(5,7)); 22
((1,6),(5,8)); 25
((1,6),(5,9)); 20
((1,6),(7,8)); 73
((1,6),(7,9)); 28
((1,6),(8,9)); 36
((1,7),(10,11)); 1
((1,7),(10,5)); 19
((1,7),(10,6)); 18
((1,7),(10,8)); 12
((1,7),(10,9)); 18
((1,7),(11,2)); 2
((1,7),(11,3)); 2
((1,7),(11,4)); 2
((1,7),(11,5)); 1
((1,7),(11,6)); 1
((1,7),(11,8)); 1
((1,7),(11,9)); 2
((1,7),(2,3)); 31
((1,7),(2,4)); 25
((1,7),(3,4)); 20
((1,7),(5,6)); 67
((1,7),(5,8)); 19
((1,7),(5,9)); 31
((1,7),(6,8)); 18
((1,7),(6,9)); 29
((1,7),(8,9)); 14
((1,8),(10,5)); 16
((1,8),(10,6)); 15
((1,8),(10,7)); 5
((1,8),(10,9)); 16
((1,8),(11,2)); 2
((1,8),(11,3)); 2
((1,8),(11,4)); 2
((1,8),(11,6)); 1
((1,8),(11,7)); 2
((1,8),(11,9)); 1
((1,8),(2,3)); 31
((1,8),(2,4)); 25
((1,8),(3,4)); 20
((1,8),(5,6)); 63
((1,8),(5,7)); 11
((1,8),(5,9)); 27
((1,8),(6,7)); 9
((1,8),(6,9)); 24
((1,8),(7,9)); 6
((1,9),(10,11)); 2
((1,9),(10,5)); 26
((1,9),(10,6)); 25
((1,9),(10,7)); 28
((1,9),(10,8)); 26
((1,9),(11,2)); 2
((1,9),(11,3)); 2
((1,9),(11,4)); 3
((1,9),(11,5)); 3
((1,9),(11,6)); 4
((1,9),(11,7)); 4
((1,9),(11,8)); 3
((1,9),(2,3)); 31
((1,9),(2,4)); 25
((1,9),(3,4)); 20
((1,9),(4,5)); 1
((1,9),(4,6)); 1
((1,9),(4,7)); 1
((1,9),(4,8)); 1
((1,9),(5,6)); 69
((1,9),(5,7)); 48
((1,9),(5,8)); 49
((1,9),(6,7)); 43
((1,9),(6,8)); 40
((1,9),(7,8)); 80
((10,11),(2,3)); 98
((10,11),(2,4)); 95
((10,11),(2,7)); 1
((10,11),(2,9)); 2
((10,11),(3,4)); 95
((10,11),(3,7)); 1
((10,11),(3,9)); 2
((10,11),(4,7)); 1
((10,11),(4,9)); 2
((10,11),(5,6)); 81
((10,11),(5,7)); 64
((10,11),(5,8)); 66
((10,11),(5,9)); 53
((10,11),(6,7)); 62
((10,11),(6,8)); 63
((10,11),(6,9)); 53
((10,11),(7,8)); 83
((10,11),(7,9)); 53
((10,11),(8,9)); 57
((10,2),(11,3)); 1
((10,2),(11,4)); 3
((10,2),(11,5)); 2
((10,2),(11,6)); 3
((10,2),(11,7)); 5
((10,2),(11,8)); 3
((10,2),(11,9)); 1
((10,2),(3,4)); 17
((10,2),(4,5)); 1
((10,2),(4,6)); 1
((10,2),(4,7)); 1
((10,2),(4,8)); 1
((10,2),(5,6)); 81
((10,2),(5,7)); 64
((10,2),(5,8)); 66
((10,2),(5,9)); 54
((10,2),(6,7)); 62
((10,2),(6,8)); 63
((10,2),(6,9)); 54
((10,2),(7,8)); 83
((10,2),(7,9)); 54
((10,2),(8,9)); 58
((10,3),(11,2)); 1
((10,3),(11,4)); 3
((10,3),(11,5)); 2
((10,3),(11,6)); 3
((10,3),(11,7)); 5
((10,3),(11,8)); 3
((10,3),(11,9)); 1
((10,3),(2,4)); 30
((10,3),(4,5)); 1
((10,3),(4,6)); 1
((10,3),(4,7)); 1
((10,3),(4,8)); 1
((10,3),(5,6)); 81
((10,3),(5,7)); 64
((10,3),(5,8)); 66
((10,3),(5,9)); 54
((10,3),(6,7)); 62
((10,3),(6,8)); 63
((10,3),(6,9)); 54
((10,3),(7,8)); 83
((10,3),(7,9)); 54
((10,3),(8,9)); 58
((10,4),(11,2)); 2
((10,4),(11,3)); 2
((10,4),(11,5)); 2
((10,4),(11,6)); 3
((10,4),(11,7)); 5
((10,4),(11,8)); 3
((10,4),(11,9)); 1
((10,4),(2,3)); 53
((10,4),(5,6)); 81
((10,4),(5,7)); 64
((10,4),(5,8)); 66
((10,4),(5,9)); 54
((10,4),(6,7)); 62
((10,4),(6,8)); 63
((10,4),(6,9)); 54
((10,4),(7,8)); 83
((10,4),(7,9)); 54
((10,4),(8,9)); 58
((10,5),(11,2)); 98
((10,5),(11,3)); 98
((10,5),(11,4)); 98
((10,5),(11,6)); 13
((10,5),(11,7)); 19
((10,5),(11,8)); 16
((10,5),(11,9)); 27
((10,5),(2,3)); 100
((10,5),(2,4)); 99
((10,5),(2,6)); 13
((10,5),(2,7)); 19
((10,5),(2,8)); 16
((10,5),(2,9)); 26
((10,5),(3,4)); 99
((10,5),(3,6)); 13
((10,5),(3,7)); 19
((10,5),(3,8)); 16
((10,5),(3,9)); 26
((10,5),(4,6)); 13
((10,5),(4,7)); 19
((10,5),(4,8)); 16
((10,5),(4,9)); 26
((10,5),(6,7)); 17
((10,5),(6,8)); 14
((10,5),(6,9)); 14
((10,5),(7,8)); 76
((10,5),(7,9)); 27
((10,5),(8,9)); 28
((10,6),(11,2)); 97
((10,6),(11,3)); 97
((10,6),(11,4)); 97
((10,6),(11,5)); 6
((10,6),(11,7)); 17
((10,6),(11,8)); 15
((10,6),(11,9)); 26
((10,6),(2,3)); 100
((10,6),(2,4)); 99
((10,6),(2,5)); 6
((10,6),(2,7)); 18
((10,6),(2,8)); 15
((10,6),(2,9)); 25
((10,6),(3,4)); 99
((10,6),(3,5)); 6
((10,6),(3,7)); 18
((10,6),(3,8)); 15
((10,6),(3,9)); 25
((10,6),(4,5)); 6
((10,6),(4,7)); 18
((10,6),(4,8)); 15
((10,6),(4,9)); 25
((10,6),(5,7)); 19
((10,6),(5,8)); 22
((10,6),(5,9)); 18
((10,6),(7,8)); 76
((10,6),(7,9)); 30
((10,6),(8,9)); 36
((10,7),(11,2)); 94
((10,7),(11,3)); 94
((10,7),(11,4)); 94
((10,7),(11,5)); 17
((10,7),(11,6)); 21
((10,7),(11,8)); 5
((10,7),(11,9)); 27
((10,7),(2,3)); 100
((10,7),(2,4)); 99
((10,7),(2,5)); 17
((10,7),(2,6)); 20
((10,7),(2,8)); 5
((10,7),(2,9)); 28
((10,7),(3,4)); 99
((10,7),(3,5)); 17
((10,7),(3,6)); 20
((10,7),(3,8)); 5
((10,7),(3,9)); 28
((10,7),(4,5)); 17
((10,7),(4,6)); 20
((10,7),(4,8)); 5
((10,7),(4,9)); 28
((10,7),(5,6)); 64
((10,7),(5,8)); 13
((10,7),(5,9)); 28
((10,7),(6,8)); 11
((10,7),(6,9)); 30
((10,7),(8,9)); 14
((10,8),(11,2)); 97
((10,8),(11,3)); 97
((10,8),(11,4)); 97
((10,8),(11,5)); 18
((10,8),(11,6)); 22
((10,8),(11,7)); 12
((10,8),(11,9)); 26
((10,8),(2,3)); 100
((10,8),(2,4)); 99
((10,8),(2,5)); 18
((10,8),(2,6)); 22
((10,8),(2,7)); 12
((10,8),(2,9)); 26
((10,8),(3,4)); 99
((10,8),(3,5)); 18
((10,8),(3,6)); 22
((10,8),(3,7)); 12
((10,8),(3,9)); 26
((10,8),(4,5)); 18
((10,8),(4,6)); 22
((10,8),(4,7)); 12
((10,8),(4,9)); 26
((10,8),(5,6)); 64
((10,8),(5,7)); 11
((10,8),(5,9)); 29
((10,8),(6,7)); 13
((10,8),(6,9)); 28
((10,8),(7,9)); 10
((10,9),(11,2)); 97
((10,9),(11,3)); 97
((10,9),(11,4)); 97
((10,9),(11,5)); 20
((10,9),(11,6)); 21
((10,9),(11,7)); 20
((10,9),(11,8)); 17
((10,9),(2,3)); 100
((10,9),(2,4)); 100
((10,9),(2,5)); 20
((10,9),(2,6)); 21
((10,9),(2,7)); 18
((10,9),(2,8)); 16
((10,9),(3,4)); 100
((10,9),(3,5)); 20
((10,9),(3,6)); 21
((10,9),(3,7)); 18
((10,9),(3,8)); 16
((10,9),(4,5)); 20
((10,9),(4,6)); 21
((10,9),(4,7)); 18
((10,9),(4,8)); 16
((10,9),(5,6)); 68
((10,9),(5,7)); 45
((10,9),(5,8)); 43
((10,9),(6,7)); 40
((10,9),(6,8)); 36
((10,9),(7,8)); 76
((11,2),(3,4)); 17
((11,2),(3,5)); 1
((11,2),(3,6)); 1
((11,2),(3,7)); 1
((11,2),(3,8)); 1
((11,2),(3,9)); 1
((11,2),(4,5)); 2
((11,2),(4,6)); 2
((11,2),(4,7)); 2
((11,2),(4,8)); 2
((11,2),(4,9)); 2
((11,2),(5,6)); 99
((11,2),(5,7)); 96
((11,2),(5,8)); 99
((11,2),(5,9)); 96
((11,2),(6,7)); 96
((11,2),(6,8)); 98
((11,2),(6,9)); 95
((11,2),(7,8)); 97
((11,2),(7,9)); 94
((11,2),(8,9)); 96
((11,3),(2,4)); 30
((11,3),(2,5)); 1
((11,3),(2,6)); 1
((11,3),(2,7)); 1
((11,3),(2,8)); 1
((11,3),(2,9)); 1
((11,3),(4,5)); 2
((11,3),(4,6)); 2
((11,3),(4,7)); 2
((11,3),(4,8)); 2
((11,3),(4,9)); 2
((11,3),(5,6)); 99
((11,3),(5,7)); 96
((11,3),(5,8)); 99
((11,3),(5,9)); 96
((11,3),(6,7)); 96
((11,3),(6,8)); 98
((11,3),(6,9)); 95
((11,3),(7,8)); 97
((11,3),(7,9)); 94
((11,3),(8,9)); 96
((11,4),(2,3)); 53
((11,4),(2,5)); 2
((11,4),(2,6)); 2
((11,4),(2,7)); 2
((11,4),(2,8)); 2
((11,4),(2,9)); 3
((11,4),(3,5)); 2
((11,4),(3,6)); 2
((11,4),(3,7)); 2
((11,4),(3,8)); 2
((11,4),(3,9)); 3
((11,4),(5,6)); 99
((11,4),(5,7)); 96
((11,4),(5,8)); 99
((11,4),(5,9)); 96
((11,4),(6,7)); 96
((11,4),(6,8)); 98
((11,4),(6,9)); 95
((11,4),(7,8)); 97
((11,4),(7,9)); 94
((11,4),(8,9)); 96
((11,5),(2,3)); 98
((11,5),(2,4)); 96
((11,5),(2,7)); 1
((11,5),(2,9)); 3
((11,5),(3,4)); 96
((11,5),(3,7)); 1
((11,5),(3,9)); 3
((11,5),(4,7)); 1
((11,5),(4,9)); 3
((11,5),(6,7)); 11
((11,5),(6,8)); 12
((11,5),(6,9)); 11
((11,5),(7,8)); 70
((11,5),(7,9)); 21
((11,5),(8,9)); 24
((11,6),(2,3)); 98
((11,6),(2,4)); 96
((11,6),(2,5)); 1
((11,6),(2,7)); 1
((11,6),(2,8)); 1
((11,6),(2,9)); 4
((11,6),(3,4)); 96
((11,6),(3,5)); 1
((11,6),(3,7)); 1
((11,6),(3,8)); 1
((11,6),(3,9)); 4
((11,6),(4,5)); 1
((11,6),(4,7)); 1
((11,6),(4,8)); 1
((11,6),(4,9)); 4
((11,6),(5,7)); 23
((11,6),(5,8)); 25
((11,6),(5,9)); 20
((11,6),(7,8)); 74
((11,6),(7,9)); 29
((11,6),(8,9)); 36
((11,7),(2,3)); 98
((11,7),(2,4)); 96
((11,7),(2,5)); 3
((11,7),(2,6)); 3
((11,7),(2,8)); 2
((11,7),(2,9)); 4
((11,7),(3,4)); 96
((11,7),(3,5)); 3
((11,7),(3,6)); 3
((11,7),(3,8)); 2
((11,7),(3,9)); 4
((11,7),(4,5)); 3
((11,7),(4,6)); 3
((11,7),(4,8)); 2
((11,7),(4,9)); 4
((11,7),(5,6)); 66
((11,7),(5,8)); 19
((11,7),(5,9)); 33
((11,7),(6,8)); 17
((11,7),(6,9)); 30
((11,7),(8,9)); 15
((11,8),(2,3)); 98
((11,8),(2,4)); 96
((11,8),(2,5)); 1
((11,8),(2,6)); 1
((11,8),(2,7)); 1
((11,8),(2,9)); 3
((11,8),(3,4)); 96
((11,8),(3,5)); 1
((11,8),(3,6)); 1
((11,8),(3,7)); 1
((11,8),(3,9)); 3
((11,8),(4,5)); 1
((11,8),(4,6)); 1
((11,8),(4,7)); 1
((11,8),(4,9)); 3
((11,8),(5,6)); 63
((11,8),(5,7)); 11
((11,8),(5,9)); 28
((11,8),(6,7)); 9
((11,8),(6,9)); 25
((11,8),(7,9)); 6
((11,9),(2,3)); 98
((11,9),(2,4)); 95
((11,9),(2,5)); 1
((11,9),(2,6)); 1
((11,9),(2,7)); 2
((11,9),(2,8)); 1
((11,9),(3,4)); 95
((11,9),(3,5)); 1
((11,9),(3,6)); 1
((11,9),(3,7)); 2
((11,9),(3,8)); 1
((11,9),(4,5)); 1
((11,9),(4,6)); 1
((11,9),(4,7)); 2
((11,9),(4,8)); 1
((11,9),(5,6)); 69
((11,9),(5,7)); 46
((11,9),(5,8)); 48
((11,9),(6,7)); 41
((11,9),(6,8)); 39
((11,9),(7,8)); 79
((2,3),(4,5)); 53
((2,3),(4,6)); 53
((2,3),(4,7)); 53
((2,3),(4,8)); 53
((2,3),(4,9)); 53
((2,3),(5,6)); 100
((2,3),(5,7)); 100
((2,3),(5,8)); 100
((2,3),(5,9)); 100
((2,3),(6,7)); 100
((2,3),(6,8)); 100
((2,3),(6,9)); 100
((2,3),(7,8)); 100
((2,3),(7,9)); 100
((2,3),(8,9)); 100
((2,4),(3,5)); 30
((2,4),(3,6)); 30
((2,4),(3,7)); 30
((2,4),(3,8)); 30
((2,4),(3,9)); 30
((2,4),(5,6)); 100
((2,4),(5,7)); 100
((2,4),(5,8)); 100
((2,4),(5,9)); 99
((2,4),(6,7)); 100
((2,4),(6,8)); 100
((2,4),(6,9)); 99
((2,4),(7,8)); 100
((2,4),(7,9)); 99
((2,4),(8,9)); 99
((2,5),(3,4)); 17
((2,5),(6,7)); 11
((2,5),(6,8)); 12
((2,5),(6,9)); 11
((2,5),(7,8)); 70
((2,5),(7,9)); 21
((2,5),(8,9)); 24
((2,6),(3,4)); 17
((2,6),(5,7)); 22
((2,6),(5,8)); 25
((2,6),(5,9)); 20
((2,6),(7,8)); 73
((2,6),(7,9)); 28
((2,6),(8,9)); 36
((2,7),(3,4)); 17
((2,7),(5,6)); 67
((2,7),(5,8)); 19
((2,7),(5,9)); 31
((2,7),(6,8)); 18
((2,7),(6,9)); 29
((2,7),(8,9)); 14
((2,8),(3,4)); 17
((2,8),(5,6)); 63
((2,8),(5,7)); 11
((2,8),(5,9)); 27
((2,8),(6,7)); 9
((2,8),(6,9)); 24
((2,8),(7,9)); 6
((2,9),(3,4)); 17
((2,9),(4,5)); 1
((2,9),(4,6)); 1
((2,9),(4,7)); 1
((2,9),(4,8)); 1
((2,9),(5,6)); 69
((2,9),(5,7)); 48
((2,9),(5,8)); 49
((2,9),(6,7)); 43
((2,9),(6,8)); 40
((2,9),(7,8)); 80
((3,4),(5,6)); 100
((3,4),(5,7)); 100
((3,4),(5,8)); 100
((3,4),(5,9)); 99
((3,4),(6,7)); 100
((3,4),(6,8)); 100
((3,4),(6,9)); 99
((3,4),(7,8)); 100
((3,4),(7,9)); 99
((3,4),(8,9)); 99
((3,5),(6,7)); 11
((3,5),(6,8)); 12
((3,5),(6,9)); 11
((3,5),(7,8)); 70
((3,5),(7,9)); 21
((3,5),(8,9)); 24
((3,6),(5,7)); 22
((3,6),(5,8)); 25
((3,6),(5,9)); 20
((3,6),(7,8)); 73
((3,6),(7,9)); 28
((3,6),(8,9)); 36
((3,7),(5,6)); 67
((3,7),(5,8)); 19
((3,7),(5,9)); 31
((3,7),(6,8)); 18
((3,7),(6,9)); 29
((3,7),(8,9)); 14
((3,8),(5,6)); 63
((3,8),(5,7)); 11
((3,8),(5,9)); 27
((3,8),(6,7)); 9
((3,8),(6,9)); 24
((3,8),(7,9)); 6
((3,9),(4,5)); 1
((3,9),(4,6)); 1
((3,9),(4,7)); 1
((3,9),(4,8)); 1
((3,9),(5,6)); 69
((3,9),(5,7)); 48
((3,9),(5,8)); 49
((3,9),(6,7)); 43
((3,9),(6,8)); 40
((3,9),(7,8)); 80
((4,5),(6,7)); 11
((4,5),(6,8)); 12
((4,5),(6,9)); 11
((4,5),(7,8)); 70
((4,5),(7,9)); 21
((4,5),(8,9)); 24
((4,6),(5,7)); 22
((4,6),(5,8)); 25
((4,6),(5,9)); 20
((4,6),(7,8)); 73
((4,6),(7,9)); 28
((4,6),(8,9)); 36
((4,7),(5,6)); 67
((4,7),(5,8)); 19
((4,7),(5,9)); 31
((4,7),(6,8)); 18
((4,7),(6,9)); 29
((4,7),(8,9)); 14
((4,8),(5,6)); 63
((4,8),(5,7)); 11
((4,8),(5,9)); 27
((4,8),(6,7)); 9
((4,8),(6,9)); 24
((4,8),(7,9)); 6
((4,9),(5,6)); 69
((4,9),(5,7)); 48
((4,9),(5,8)); 49
((4,9),(6,7)); 43
((4,9),(6,8)); 40
((4,9),(7,8)); 80
((5,6),(7,8)); 81
((5,6),(7,9)); 66
((5,6),(8,9)); 64
((5,7),(6,8)); 9
((5,7),(6,9)); 18
((5,7),(8,9)); 17
((5,8),(6,7)); 10
((5,8),(6,9)); 20
((5,8),(7,9)); 12
((5,9),(6,7)); 16
((5,9),(6,8)); 16
((5,9),(7,8)); 71
((6,7),(8,9)); 18
((6,8),(7,9)); 11
((6,9),(7,8)); 71
