((1,10),(2,3)); 15
((1,10),(2,4)); 8
((1,10),(3,4)); 8
((1,10),(5,6)); 38
((1,10),(5,7)); 26
((1,10),(5,8)); 28
((1,10),(5,9)); 27
((1,10),(6,7)); 25
((1,10),(6,8)); 26
((1,10),(6,9)); 26
((1,10),(7,8)); 41
((1,10),(7,9)); 22
((1,10),(8,9)); 21
((1,11),(10,4)); 1
((1,11),(10,5)); 49
((1,11),(10,6)); 49
((1,11),(10,7)); 49
((1,11),(10,8)); 49
((1,11),(10,9)); 49
((1,11),(2,3)); 15
((1,11),(2,4)); 8
((1,11),(3,4)); 8
((1,11),(4,5)); 1
((1,11),(4,6)); 1
((1,11),(4,7)); 1
((1,11),(4,8)); 1
((1,11),(4,9)); 1
((1,11),(5,6)); 50
((1,11),(5,7)); 50
((1,11),(5,8)); 50
((1,11),(5,9)); 50
((1,11),(6,7)); 50
((1,11),(6,8)); 50
((1,11),(6,9)); 50
((1,11),(7,8)); 50
((1,11),(7,9)); 50
((1,11),(8,9)); 50
((1,2),(10,11)); 50
((1,2),(10,3)); 15
((1,2),(10,4)); 30
((1,2),(10,5)); 50
((1,2),(10,6)); 50
((1,2),(10,7)); 50
((1,2),(10,8)); 50
((1,2),(10,9)); 50
((1,2),(11,3)); 15
((1,2),(11,4)); 30
((1,2),(11,5)); 50
((1,2),(11,6)); 50
((1,2),(11,7)); 50
((1,2),(11,8)); 50
((1,2),(11,9)); 50
((1,2),(3,4)); 13
((1,2),(3,5)); 15
((1,2),(3,6)); 15
((1,2),(3,7)); 15
((1,2),(3,8)); 15
((1,2),(3,9)); 15
((1,2),(4,5)); 30
((1,2),(4,6)); 30
((1,2),(4,7)); 30
((1,2),(4,8)); 30
((1,2),(4,9)); 30
((1,2),(5,6)); 50
((1,2),(5,7)); 50
((1,2),(5,8)); 50
((1,2),(5,9)); 50
((1,2),(6,7)); 50
((1,2),(6,8)); 50
((1,2),(6,9)); 50
((1,2),(7,8)); 50
((1,2),(7,9)); 50
((1,2),(8,9)); 50
((1,3),(10,11)); 50
((1,3),(10,2)); 20
((1,3),(10,4)); 31
((1,3),(10,5)); 50
((1,3),(10,6)); 50
((1,3),(10,7)); 50
((1,3),(10,8)); 50
((1,3),(10,9)); 50
((1,3),(11,2)); 20
((1,3),(11,4)); 31
((1,3),(11,5)); 50
((1,3),(11,6)); 50
((1,3),(11,7)); 50
((1,3),(11,8)); 50
((1,3),(11,9)); 50
((1,3),(2,4)); 21
((1,3),(2,5)); 20
((1,3),(2,6)); 20
((1,3),(2,7)); 20
((1,3),(2,8)); 20
((1,3),(2,9)); 20
((1,3),(4,5)); 31
((1,3),(4,6)); 31
((1,3),(4,7)); 31
((1,3),(4,8)); 31
((1,3),(4,9)); 31
((1,3),(5,6)); 50
((1,3),(5,7)); 50
((1,3),(5,8)); 50
((1,3),(5,9)); 50
((1,3),(6,7)); 50
((1,3),(6,8)); 50
((1,3),(6,9)); 50
((1,3),(7,8)); 50
((1,3),(7,9)); 50
((1,3),(8,9)); 50
((1,4),(10,11)); 49
((1,4),(10,2)); 12
((1,4),(10,3)); 11
((1,4),(10,5)); 50
((1,4),(10,6)); 50
((1,4),(10,7)); 50
((1,4),(10,8)); 50
((1,4),(10,9)); 50
((1,4),(11,2)); 12
((1,4),(11,3)); 11
((1,4),(11,5)); 49
((1,4),(11,6)); 49
((1,4),(11,7)); 49
((1,4),(11,8)); 49
((1,4),(11,9)); 49
((1,4),(2,3)); 16
((1,4),(2,5)); 12
((1,4),(2,6)); 12
((1,4),(2,7)); 12
((1,4),(2,8)); 12
((1,4),(2,9)); 12
((1,4),(3,5)); 11
((1,4),(3,6)); 11
((1,4),(3,7)); 11
((1,4),(3,8)); 11
((1,4),(3,9)); 11
((1,4),(5,6)); 50
((1,4),(5,7)); 50
((1,4),(5,8)); 50
((1,4),(5,9)); 50
((1,4),(6,7)); 50
((1,4),(6,8)); 50
((1,4),(6,9)); 50
((1,4),(7,8)); 50
((1,4),(7,9)); 50
((1,4),(8,9)); 50
((1,5),(10,11)); 1
((1,5),(10,6)); 2
((1,5),(10,7)); 12
((1,5),(10,8)); 10
((1,5),(10,9)); 12
((1,5),(2,3)); 15
((1,5),(2,4)); 8
((1,5),(3,4)); 8
((1,5),(6,7)); 7
((1,5),(6,8)); 9
((1,5),(6,9)); 5
((1,5),(7,8)); 39
((1,5),(7,9)); 10
((1,5),(8,9)); 9
((1,6),(10,11)); 1
((1,6),(10,5)); 10
((1,6),(10,7)); 16
((1,6),(10,8)); 16
((1,6),(10,9)); 15
((1,6),(2,3)); 15
((1,6),(2,4)); 8
((1,6),(3,4)); 8
((1,6),(5,7)); 14
((1,6),(5,8)); 9
((1,6),(5,9)); 8
((1,6),(7,8)); 38
((1,6),(7,9)); 13
((1,6),(8,9)); 12
((1,7),(10,11)); 1
((1,7),(10,5)); 12
((1,7),(10,6)); 9
((1,7),(10,8)); 1
((1,7),(10,9)); 13
((1,7),(2,3)); 15
((1,7),(2,4)); 8
((1,7),(3,4)); 8
((1,7),(5,6)); 29
((1,7),(5,8)); 5
((1,7),(5,9)); 13
((1,7),(6,8)); 5
((1,7),(6,9)); 12
((1,7),(8,9)); 4
((1,8),(10,11)); 1
((1,8),(10,5)); 12
((1,8),(10,6)); 8
((1,8),(10,7)); 8
((1,8),(10,9)); 16
((1,8),(2,3)); 15
((1,8),(2,4)); 8
((1,8),(3,4)); 8
((1,8),(5,6)); 32
((1,8),(5,7)); 6
((1,8),(5,9)); 13
((1,8),(6,7)); 7
((1,8),(6,9)); 14
((1,8),(7,9)); 6
((1,9),(10,11)); 1
((1,9),(10,5)); 11
((1,9),(10,6)); 9
((1,9),(10,7)); 15
((1,9),(10,8)); 13
((1,9),(2,3)); 15
((1,9),(2,4)); 8
((1,9),(3,4)); 8
((1,9),(5,6)); 37
((1,9),(5,7)); 27
((1,9),(5,8)); 28
((1,9),(6,7)); 25
((1,9),(6,8)); 24
((1,9),(7,8)); 40
((10,11),(2,3)); 50
((10,11),(2,4)); 49
((10,11),(2,5)); 1
((10,11),(2,6)); 1
((10,11),(2,7)); 1
((10,11),(2,8)); 1
((10,11),(2,9)); 1
((10,11),(3,4)); 49
((10,11),(3,5)); 1
((10,11),(3,6)); 1
((10,11),(3,7)); 1
((10,11),(3,8)); 1
((10,11),(3,9)); 1
((10,11),(4,5)); 1
((10,11),(4,6)); 1
((10,11),(4,7)); 1
((10,11),(4,8)); 1
((10,11),(4,9)); 1
((10,11),(5,6)); 38
((10,11),(5,7)); 26
((10,11),(5,8)); 28
((10,11),(5,9)); 27
((10,11),(6,7)); 25
((10,11),(6,8)); 26
((10,11),(6,9)); 26
((10,11),(7,8)); 41
((10,11),(7,9)); 22
((10,11),(8,9)); 21
((10,2),(3,4)); 11
((10,2),(5,6)); 38
((10,2),(5,7)); 26
((10,2),(5,8)); 28
((10,2),(5,9)); 27
((10,2),(6,7)); 25
((10,2),(6,8)); 26
((10,2),(6,9)); 26
((10,2),(7,8)); 41
((10,2),(7,9)); 22
((10,2),(8,9)); 21
((10,3),(2,4)); 13
((10,3),(5,6)); 38
((10,3),(5,7)); 26
((10,3),(5,8)); 28
((10,3),(5,9)); 27
((10,3),(6,7)); 25
((10,3),(6,8)); 26
((10,3),(6,9)); 26
((10,3),(7,8)); 41
((10,3),(7,9)); 22
((10,3),(8,9)); 21
((10,4),(11,2)); 1
((10,4),(11,3)); 1
((10,4),(2,3)); 26
((10,4),(5,6)); 38
((10,4),(5,7)); 26
((10,4),(5,8)); 28
((10,4),(5,9)); 27
((10,4),(6,7)); 25
((10,4),(6,8)); 26
((10,4),(6,9)); 26
((10,4),(7,8)); 41
((10,4),(7,9)); 22
((10,4),(8,9)); 21
((10,5),(11,2)); 49
((10,5),(11,3)); 49
((10,5),(11,4)); 49
((10,5),(11,6)); 10
((10,5),(11,7)); 12
((10,5),(11,8)); 12
((10,5),(11,9)); 11
((10,5),(2,3)); 50
((10,5),(2,4)); 50
((10,5),(2,6)); 10
((10,5),(2,7)); 12
((10,5),(2,8)); 12
((10,5),(2,9)); 11
((10,5),(3,4)); 50
((10,5),(3,6)); 10
((10,5),(3,7)); 12
((10,5),(3,8)); 12
((10,5),(3,9)); 11
((10,5),(4,6)); 10
((10,5),(4,7)); 12
((10,5),(4,8)); 12
((10,5),(4,9)); 11
((10,5),(6,7)); 10
((10,5),(6,8)); 11
((10,5),(6,9)); 11
((10,5),(7,8)); 37
((10,5),(7,9)); 13
((10,5),(8,9)); 12
((10,6),(11,2)); 49
((10,6),(11,3)); 49
((10,6),(11,4)); 49
((10,6),(11,5)); 2
((10,6),(11,7)); 9
((10,6),(11,8)); 8
((10,6),(11,9)); 9
((10,6),(2,3)); 50
((10,6),(2,4)); 50
((10,6),(2,5)); 2
((10,6),(2,7)); 9
((10,6),(2,8)); 8
((10,6),(2,9)); 9
((10,6),(3,4)); 50
((10,6),(3,5)); 2
((10,6),(3,7)); 9
((10,6),(3,8)); 8
((10,6),(3,9)); 9
((10,6),(4,5)); 2
((10,6),(4,7)); 9
((10,6),(4,8)); 8
((10,6),(4,9)); 9
((10,6),(5,7)); 7
((10,6),(5,8)); 7
((10,6),(5,9)); 5
((10,6),(7,8)); 35
((10,6),(7,9)); 9
((10,6),(8,9)); 9
((10,7),(11,2)); 49
((10,7),(11,3)); 49
((10,7),(11,4)); 49
((10,7),(11,5)); 12
((10,7),(11,6)); 16
((10,7),(11,8)); 8
((10,7),(11,9)); 15
((10,7),(2,3)); 50
((10,7),(2,4)); 50
((10,7),(2,5)); 12
((10,7),(2,6)); 16
((10,7),(2,8)); 8
((10,7),(2,9)); 15
((10,7),(3,4)); 50
((10,7),(3,5)); 12
((10,7),(3,6)); 16
((10,7),(3,8)); 8
((10,7),(3,9)); 15
((10,7),(4,5)); 12
((10,7),(4,6)); 16
((10,7),(4,8)); 8
((10,7),(4,9)); 15
((10,7),(5,6)); 33
((10,7),(5,8)); 7
((10,7),(5,9)); 16
((10,7),(6,8)); 9
((10,7),(6,9)); 19
((10,7),(8,9)); 8
((10,8),(11,2)); 49
((10,8),(11,3)); 49
((10,8),(11,4)); 49
((10,8),(11,5)); 10
((10,8),(11,6)); 16
((10,8),(11,7)); 1
((10,8),(11,9)); 13
((10,8),(2,3)); 50
((10,8),(2,4)); 50
((10,8),(2,5)); 10
((10,8),(2,6)); 16
((10,8),(2,7)); 1
((10,8),(2,9)); 13
((10,8),(3,4)); 50
((10,8),(3,5)); 10
((10,8),(3,6)); 16
((10,8),(3,7)); 1
((10,8),(3,9)); 13
((10,8),(4,5)); 10
((10,8),(4,6)); 16
((10,8),(4,7)); 1
((10,8),(4,9)); 13
((10,8),(5,6)); 32
((10,8),(5,7)); 6
((10,8),(5,9)); 13
((10,8),(6,7)); 6
((10,8),(6,9)); 16
((10,8),(7,9)); 5
((10,9),(11,2)); 49
((10,9),(11,3)); 49
((10,9),(11,4)); 49
((10,9),(11,5)); 12
((10,9),(11,6)); 15
((10,9),(11,7)); 13
((10,9),(11,8)); 16
((10,9),(2,3)); 50
((10,9),(2,4)); 50
((10,9),(2,5)); 12
((10,9),(2,6)); 15
((10,9),(2,7)); 13
((10,9),(2,8)); 16
((10,9),(3,4)); 50
((10,9),(3,5)); 12
((10,9),(3,6)); 15
((10,9),(3,7)); 13
((10,9),(3,8)); 16
((10,9),(4,5)); 12
((10,9),(4,6)); 15
((10,9),(4,7)); 13
((10,9),(4,8)); 16
((10,9),(5,6)); 34
((10,9),(5,7)); 21
((10,9),(5,8)); 25
((10,9),(6,7)); 22
((10,9),(6,8)); 25
((10,9),(7,8)); 37
((11,2),(3,4)); 11
((11,2),(4,5)); 1
((11,2),(4,6)); 1
((11,2),(4,7)); 1
((11,2),(4,8)); 1
((11,2),(4,9)); 1
((11,2),(5,6)); 50
((11,2),(5,7)); 50
((11,2),(5,8)); 50
((11,2),(5,9)); 50
((11,2),(6,7)); 50
((11,2),(6,8)); 50
((11,2),(6,9)); 50
((11,2),(7,8)); 50
((11,2),(7,9)); 50
((11,2),(8,9)); 50
((11,3),(2,4)); 13
((11,3),(4,5)); 1
((11,3),(4,6)); 1
((11,3),(4,7)); 1
((11,3),(4,8)); 1
((11,3),(4,9)); 1
((11,3),(5,6)); 50
((11,3),(5,7)); 50
((11,3),(5,8)); 50
((11,3),(5,9)); 50
((11,3),(6,7)); 50
((11,3),(6,8)); 50
((11,3),(6,9)); 50
((11,3),(7,8)); 50
((11,3),(7,9)); 50
((11,3),(8,9)); 50
((11,4),(2,3)); 26
((11,4),(5,6)); 50
((11,4),(5,7)); 50
((11,4),(5,8)); 50
((11,4),(5,9)); 50
((11,4),(6,7)); 50
((11,4),(6,8)); 50
((11,4),(6,9)); 50
((11,4),(7,8)); 50
((11,4),(7,9)); 50
((11,4),(8,9)); 50
((11,5),(2,3)); 50
((11,5),(2,4)); 49
((11,5),(3,4)); 49
((11,5),(6,7)); 7
((11,5),(6,8)); 9
((11,5),(6,9)); 5
((11,5),(7,8)); 39
((11,5),(7,9)); 10
((11,5),(8,9)); 9
((11,6),(2,3)); 50
((11,6),(2,4)); 49
((11,6),(3,4)); 49
((11,6),(5,7)); 14
((11,6),(5,8)); 9
((11,6),(5,9)); 8
((11,6),(7,8)); 38
((11,6),(7,9)); 13
((11,6),(8,9)); 12
((11,7),(2,3)); 50
((11,7),(2,4)); 49
((11,7),(3,4)); 49
((11,7),(5,6)); 29
((11,7),(5,8)); 5
((11,7),(5,9)); 13
((11,7),(6,8)); 5
((11,7),(6,9)); 12
((11,7),(8,9)); 4
((11,8),(2,3)); 50
((11,8),(2,4)); 49
((11,8),(3,4)); 49
((11,8),(5,6)); 32
((11,8),(5,7)); 6
((11,8),(5,9)); 13
((11,8),(6,7)); 7
((11,8),(6,9)); 14
((11,8),(7,9)); 6
((11,9),(2,3)); 50
((11,9),(2,4)); 49
((11,9),(3,4)); 49
((11,9),(5,6)); 37
((11,9),(5,7)); 27
((11,9),(5,8)); 28
((11,9),(6,7)); 25
((11,9),(6,8)); 24
((11,9),(7,8)); 40
((2,3),(4,5)); 26
((2,3),(4,6)); 26
((2,3),(4,7)); 26
((2,3),(4,8)); 26
((2,3),(4,9)); 26
((2,3),(5,6)); 50
((2,3),(5,7)); 50
((2,3),(5,8)); 50
((2,3),(5,9)); 50
((2,3),(6,7)); 50
((2,3),(6,8)); 50
((2,3),(6,9)); 50
((2,3),(7,8)); 50
((2,3),(7,9)); 50
((2,3),(8,9)); 50
((2,4),(3,5)); 13
((2,4),(3,6)); 13
((2,4),(3,7)); 13
((2,4),(3,8)); 13
((2,4),(3,9)); 13
((2,4),(5,6)); 50
((2,4),(5,7)); 50
((2,4),(5,8)); 50
((2,4),(5,9)); 50
((2,4),(6,7)); 50
((2,4),(6,8)); 50
((2,4),(6,9)); 50
((2,4),(7,8)); 50
((2,4),(7,9)); 50
((2,4),(8,9)); 50
((2,5),(3,4)); 11
((2,5),(6,7)); 7
((2,5),(6,8)); 9
((2,5),(6,9)); 5
((2,5),(7,8)); 39
((2,5),(7,9)); 10
((2,5),(8,9)); 9
((2,6),(3,4)); 11
((2,6),(5,7)); 14
((2,6),(5,8)); 9
((2,6),(5,9)); 8
((2,6),(7,8)); 38
((2,6),(7,9)); 13
((2,6),(8,9)); 12
((2,7),(3,4)); 11
((2,7),(5,6)); 29
((2,7),(5,8)); 5
((2,7),(5,9)); 13
((2,7),(6,8)); 5
((2,7),(6,9)); 12
((2,7),(8,9)); 4
((2,8),(3,4)); 11
((2,8),(5,6)); 32
((2,8),(5,7)); 6
((2,8),(5,9)); 13
((2,8),(6,7)); 7
((2,8),(6,9)); 14
((2,8),(7,9)); 6
((2,9),(3,4)); 11
((2,9),(5,6)); 37
((2,9),(5,7)); 27
((2,9),(5,8)); 28
((2,9),(6,7)); 25
((2,9),(6,8)); 24
((2,9),(7,8)); 40
((3,4),(5,6)); 50
((3,4),(5,7)); 50
((3,4),(5,8)); 50
((3,4),(5,9)); 50
((3,4),(6,7)); 50
((3,4),(6,8)); 50
((3,4),(6,9)); 50
((3,4),(7,8)); 50
((3,4),(7,9)); 50
((3,4),(8,9)); 50
((3,5),(6,7)); 7
((3,5),(6,8)); 9
((3,5),(6,9)); 5
((3,5),(7,8)); 39
((3,5),(7,9)); 10
((3,5),(8,9)); 9
((3,6),(5,7)); 14
((3,6),(5,8)); 9
((3,6),(5,9)); 8
((3,6),(7,8)); 38
((3,6),(7,9)); 13
((3,6),(8,9)); 12
((3,7),(5,6)); 29
((3,7),(5,8)); 5
((3,7),(5,9)); 13
((3,7),(6,8)); 5
((3,7),(6,9)); 12
((3,7),(8,9)); 4
((3,8),(5,6)); 32
((3,8),(5,7)); 6
((3,8),(5,9)); 13
((3,8),(6,7)); 7
((3,8),(6,9)); 14
((3,8),(7,9)); 6
((3,9),(5,6)); 37
((3,9),(5,7)); 27
((3,9),(5,8)); 28
((3,9),(6,7)); 25
((3,9),(6,8)); 24
((3,9),(7,8)); 40
((4,5),(6,7)); 7
((4,5),(6,8)); 9
((4,5),(6,9)); 5
((4,5),(7,8)); 39
((4,5),(7,9)); 10
((4,5),(8,9)); 9
((4,6),(5,7)); 14
((4,6),(5,8)); 9
((4,6),(5,9)); 8
((4,6),(7,8)); 38
((4,6),(7,9)); 13
((4,6),(8,9)); 12
((4,7),(5,6)); 29
((4,7),(5,8)); 5
((4,7),(5,9)); 13
((4,7),(6,8)); 5
((4,7),(6,9)); 12
((4,7),(8,9)); 4
((4,8),(5,6)); 32
((4,8),(5,7)); 6
((4,8),(5,9)); 13
((4,8),(6,7)); 7
((4,8),(6,9)); 14
((4,8),(7,9)); 6
((4,9),(5,6)); 37
((4,9),(5,7)); 27
((4,9),(5,8)); 28
((4,9),(6,7)); 25
((4,9),(6,8)); 24
((4,9),(7,8)); 40
((5,6),(7,8)); 38
((5,6),(7,9)); 31
((5,6),(8,9)); 32
((5,7),(6,8)); 6
((5,7),(6,9)); 12
((5,7),(8,9)); 7
((5,8),(6,7)); 6
((5,8),(6,9)); 10
((5,8),(7,9)); 7
((5,9),(6,7)); 7
((5,9),(6,8)); 8
((5,9),(7,8)); 36
((6,7),(8,9)); 7
((6,8),(7,9)); 7
((6,9),(7,8)); 36
