((1,10),(11,2)); 1
((1,10),(11,3)); 1
((1,10),(11,4)); 1
((1,10),(11,5)); 1
((1,10),(11,6)); 1
((1,10),(11,7)); 2
((1,10),(11,8)); 2
((1,10),(11,9)); 2
((1,10),(2,3)); 16
((1,10),(2,4)); 14
((1,10),(3,4)); 16
((1,10),(5,6)); 41
((1,10),(5,7)); 29
((1,10),(5,8)); 28
((1,10),(5,9)); 24
((1,10),(6,7)); 29
((1,10),(6,8)); 29
((1,10),(6,9)); 24
((1,10),(7,8)); 40
((1,10),(7,9)); 25
((1,10),(8,9)); 27
((1,11),(10,2)); 1
((1,11),(10,3)); 2
((1,11),(10,4)); 3
((1,11),(10,5)); 49
((1,11),(10,6)); 49
((1,11),(10,7)); 48
((1,11),(10,8)); 48
((1,11),(10,9)); 48
((1,11),(2,3)); 16
((1,11),(2,4)); 14
((1,11),(2,5)); 1
((1,11),(2,6)); 1
((1,11),(3,4)); 17
((1,11),(3,5)); 2
((1,11),(3,6)); 2
((1,11),(3,7)); 1
((1,11),(3,8)); 1
((1,11),(3,9)); 1
((1,11),(4,5)); 3
((1,11),(4,6)); 3
((1,11),(4,7)); 2
((1,11),(4,8)); 2
((1,11),(4,9)); 2
((1,11),(5,6)); 50
((1,11),(5,7)); 49
((1,11),(5,8)); 49
((1,11),(5,9)); 49
((1,11),(6,7)); 49
((1,11),(6,8)); 49
((1,11),(6,9)); 49
((1,11),(7,8)); 50
((1,11),(7,9)); 49
((1,11),(8,9)); 49
((1,2),(10,11)); 48
((1,2),(10,3)); 20
((1,2),(10,4)); 28
((1,2),(10,5)); 50
((1,2),(10,6)); 50
((1,2),(10,7)); 49
((1,2),(10,8)); 49
((1,2),(10,9)); 49
((1,2),(11,3)); 21
((1,2),(11,4)); 28
((1,2),(11,5)); 48
((1,2),(11,6)); 48
((1,2),(11,7)); 49
((1,2),(11,8)); 49
((1,2),(11,9)); 49
((1,2),(3,4)); 21
((1,2),(3,5)); 20
((1,2),(3,6)); 20
((1,2),(3,7)); 20
((1,2),(3,8)); 20
((1,2),(3,9)); 20
((1,2),(4,5)); 28
((1,2),(4,6)); 28
((1,2),(4,7)); 28
((1,2),(4,8)); 28
((1,2),(4,9)); 28
((1,2),(5,6)); 50
((1,2),(5,7)); 49
((1,2),(5,8)); 49
((1,2),(5,9)); 49
((1,2),(6,7)); 49
((1,2),(6,8)); 49
((1,2),(6,9)); 49
((1,2),(7,8)); 50
((1,2),(7,9)); 50
((1,2),(8,9)); 50
((1,3),(10,11)); 47
((1,3),(10,2)); 14
((1,3),(10,4)); 24
((1,3),(10,5)); 50
((1,3),(10,6)); 50
((1,3),(10,7)); 49
((1,3),(10,8)); 49
((1,3),(10,9)); 49
((1,3),(11,2)); 13
((1,3),(11,4)); 22
((1,3),(11,5)); 47
((1,3),(11,6)); 47
((1,3),(11,7)); 48
((1,3),(11,8)); 48
((1,3),(11,9)); 48
((1,3),(2,4)); 13
((1,3),(2,5)); 14
((1,3),(2,6)); 14
((1,3),(2,7)); 13
((1,3),(2,8)); 13
((1,3),(2,9)); 13
((1,3),(4,5)); 24
((1,3),(4,6)); 24
((1,3),(4,7)); 23
((1,3),(4,8)); 23
((1,3),(4,9)); 23
((1,3),(5,6)); 50
((1,3),(5,7)); 49
((1,3),(5,8)); 49
((1,3),(5,9)); 49
((1,3),(6,7)); 49
((1,3),(6,8)); 49
((1,3),(6,9)); 49
((1,3),(7,8)); 50
((1,3),(7,9)); 50
((1,3),(8,9)); 50
((1,4),(10,11)); 46
((1,4),(10,2)); 8
((1,4),(10,3)); 10
((1,4),(10,5)); 50
((1,4),(10,6)); 50
((1,4),(10,7)); 49
((1,4),(10,8)); 49
((1,4),(10,9)); 49
((1,4),(11,2)); 8
((1,4),(11,3)); 11
((1,4),(11,5)); 46
((1,4),(11,6)); 46
((1,4),(11,7)); 47
((1,4),(11,8)); 47
((1,4),(11,9)); 47
((1,4),(2,3)); 16
((1,4),(2,5)); 8
((1,4),(2,6)); 8
((1,4),(2,7)); 8
((1,4),(2,8)); 8
((1,4),(2,9)); 8
((1,4),(3,5)); 10
((1,4),(3,6)); 10
((1,4),(3,7)); 10
((1,4),(3,8)); 10
((1,4),(3,9)); 10
((1,4),(5,6)); 50
((1,4),(5,7)); 49
((1,4),(5,8)); 49
((1,4),(5,9)); 49
((1,4),(6,7)); 49
((1,4),(6,8)); 49
((1,4),(6,9)); 49
((1,4),(7,8)); 50
((1,4),(7,9)); 50
((1,4),(8,9)); 50
((1,5),(10,6)); 9
((1,5),(10,7)); 13
((1,5),(10,8)); 14
((1,5),(10,9)); 14
((1,5),(11,2)); 1
((1,5),(11,3)); 1
((1,5),(11,4)); 1
((1,5),(11,7)); 1
((1,5),(11,8)); 1
((1,5),(11,9)); 1
((1,5),(2,3)); 16
((1,5),(2,4)); 14
((1,5),(3,4)); 16
((1,5),(6,7)); 9
((1,5),(6,8)); 7
((1,5),(6,9)); 8
((1,5),(7,8)); 40
((1,5),(7,9)); 18
((1,5),(8,9)); 21
((1,6),(10,7)); 10
((1,6),(10,8)); 9
((1,6),(10,9)); 9
((1,6),(11,2)); 1
((1,6),(11,3)); 1
((1,6),(11,4)); 1
((1,6),(11,7)); 1
((1,6),(11,8)); 1
((1,6),(11,9)); 1
((1,6),(2,3)); 16
((1,6),(2,4)); 14
((1,6),(3,4)); 16
((1,6),(5,7)); 6
((1,6),(5,8)); 6
((1,6),(5,9)); 6
((1,6),(7,8)); 37
((1,6),(7,9)); 15
((1,6),(8,9)); 19
((1,7),(10,2)); 1
((1,7),(10,3)); 1
((1,7),(10,4)); 1
((1,7),(10,5)); 8
((1,7),(10,6)); 11
((1,7),(10,8)); 5
((1,7),(10,9)); 11
((1,7),(11,2)); 1
((1,7),(11,3)); 1
((1,7),(11,4)); 1
((1,7),(11,9)); 1
((1,7),(2,3)); 17
((1,7),(2,4)); 14
((1,7),(2,5)); 1
((1,7),(2,6)); 1
((1,7),(3,4)); 17
((1,7),(3,5)); 1
((1,7),(3,6)); 1
((1,7),(4,5)); 1
((1,7),(4,6)); 1
((1,7),(5,6)); 35
((1,7),(5,8)); 6
((1,7),(5,9)); 11
((1,7),(6,8)); 7
((1,7),(6,9)); 13
((1,7),(8,9)); 7
((1,8),(10,2)); 1
((1,8),(10,3)); 1
((1,8),(10,4)); 1
((1,8),(10,5)); 8
((1,8),(10,6)); 12
((1,8),(10,7)); 5
((1,8),(10,9)); 9
((1,8),(11,2)); 1
((1,8),(11,3)); 1
((1,8),(11,4)); 1
((1,8),(11,9)); 1
((1,8),(2,3)); 17
((1,8),(2,4)); 14
((1,8),(2,5)); 1
((1,8),(2,6)); 1
((1,8),(3,4)); 17
((1,8),(3,5)); 1
((1,8),(3,6)); 1
((1,8),(4,5)); 1
((1,8),(4,6)); 1
((1,8),(5,6)); 37
((1,8),(5,7)); 4
((1,8),(5,9)); 10
((1,8),(6,7)); 6
((1,8),(6,9)); 11
((1,8),(7,9)); 5
((1,9),(10,2)); 1
((1,9),(10,3)); 1
((1,9),(10,4)); 1
((1,9),(10,5)); 12
((1,9),(10,6)); 17
((1,9),(10,7)); 14
((1,9),(10,8)); 14
((1,9),(11,2)); 1
((1,9),(11,3)); 1
((1,9),(11,4)); 1
((1,9),(2,3)); 17
((1,9),(2,4)); 14
((1,9),(2,5)); 1
((1,9),(2,6)); 1
((1,9),(3,4)); 17
((1,9),(3,5)); 1
((1,9),(3,6)); 1
((1,9),(4,5)); 1
((1,9),(4,6)); 1
((1,9),(5,6)); 36
((1,9),(5,7)); 21
((1,9),(5,8)); 19
((1,9),(6,7)); 22
((1,9),(6,8)); 20
((1,9),(7,8)); 38
((10,11),(2,3)); 47
((10,11),(2,4)); 48
((10,11),(3,4)); 46
((10,11),(5,6)); 41
((10,11),(5,7)); 29
((10,11),(5,8)); 28
((10,11),(5,9)); 24
((10,11),(6,7)); 29
((10,11),(6,8)); 29
((10,11),(6,9)); 24
((10,11),(7,8)); 40
((10,11),(7,9)); 24
((10,11),(8,9)); 26
((10,2),(11,3)); 2
((10,2),(11,5)); 1
((10,2),(11,6)); 1
((10,2),(11,7)); 2
((10,2),(11,8)); 2
((10,2),(11,9)); 2
((10,2),(3,4)); 12
((10,2),(3,7)); 1
((10,2),(3,8)); 1
((10,2),(3,9)); 1
((10,2),(5,6)); 41
((10,2),(5,7)); 29
((10,2),(5,8)); 28
((10,2),(5,9)); 24
((10,2),(6,7)); 29
((10,2),(6,8)); 29
((10,2),(6,9)); 24
((10,2),(7,8)); 40
((10,2),(7,9)); 25
((10,2),(8,9)); 27
((10,3),(11,2)); 1
((10,3),(11,5)); 1
((10,3),(11,6)); 1
((10,3),(11,7)); 2
((10,3),(11,8)); 2
((10,3),(11,9)); 2
((10,3),(2,4)); 10
((10,3),(5,6)); 41
((10,3),(5,7)); 29
((10,3),(5,8)); 28
((10,3),(5,9)); 24
((10,3),(6,7)); 29
((10,3),(6,8)); 29
((10,3),(6,9)); 24
((10,3),(7,8)); 40
((10,3),(7,9)); 25
((10,3),(8,9)); 27
((10,4),(11,2)); 2
((10,4),(11,3)); 4
((10,4),(11,5)); 1
((10,4),(11,6)); 1
((10,4),(11,7)); 2
((10,4),(11,8)); 2
((10,4),(11,9)); 2
((10,4),(2,3)); 28
((10,4),(3,7)); 1
((10,4),(3,8)); 1
((10,4),(3,9)); 1
((10,4),(5,6)); 41
((10,4),(5,7)); 29
((10,4),(5,8)); 28
((10,4),(5,9)); 24
((10,4),(6,7)); 29
((10,4),(6,8)); 29
((10,4),(6,9)); 24
((10,4),(7,8)); 40
((10,4),(7,9)); 25
((10,4),(8,9)); 27
((10,5),(11,2)); 49
((10,5),(11,3)); 49
((10,5),(11,4)); 49
((10,5),(11,7)); 8
((10,5),(11,8)); 8
((10,5),(11,9)); 12
((10,5),(2,3)); 50
((10,5),(2,4)); 50
((10,5),(2,7)); 8
((10,5),(2,8)); 8
((10,5),(2,9)); 12
((10,5),(3,4)); 50
((10,5),(3,7)); 8
((10,5),(3,8)); 8
((10,5),(3,9)); 12
((10,5),(4,7)); 8
((10,5),(4,8)); 8
((10,5),(4,9)); 12
((10,5),(6,7)); 4
((10,5),(6,8)); 2
((10,5),(6,9)); 3
((10,5),(7,8)); 35
((10,5),(7,9)); 14
((10,5),(8,9)); 15
((10,6),(11,2)); 49
((10,6),(11,3)); 49
((10,6),(11,4)); 49
((10,6),(11,5)); 9
((10,6),(11,7)); 11
((10,6),(11,8)); 12
((10,6),(11,9)); 17
((10,6),(2,3)); 50
((10,6),(2,4)); 50
((10,6),(2,5)); 9
((10,6),(2,7)); 11
((10,6),(2,8)); 12
((10,6),(2,9)); 17
((10,6),(3,4)); 50
((10,6),(3,5)); 9
((10,6),(3,7)); 11
((10,6),(3,8)); 12
((10,6),(3,9)); 17
((10,6),(4,5)); 9
((10,6),(4,7)); 11
((10,6),(4,8)); 12
((10,6),(4,9)); 17
((10,6),(5,7)); 10
((10,6),(5,8)); 13
((10,6),(5,9)); 12
((10,6),(7,8)); 39
((10,6),(7,9)); 19
((10,6),(8,9)); 20
((10,7),(11,2)); 48
((10,7),(11,3)); 48
((10,7),(11,4)); 48
((10,7),(11,5)); 13
((10,7),(11,6)); 10
((10,7),(11,8)); 5
((10,7),(11,9)); 15
((10,7),(2,3)); 49
((10,7),(2,4)); 50
((10,7),(2,5)); 13
((10,7),(2,6)); 10
((10,7),(2,8)); 5
((10,7),(2,9)); 14
((10,7),(3,4)); 49
((10,7),(3,5)); 13
((10,7),(3,6)); 10
((10,7),(3,8)); 5
((10,7),(3,9)); 14
((10,7),(4,5)); 13
((10,7),(4,6)); 10
((10,7),(4,8)); 5
((10,7),(4,9)); 14
((10,7),(5,6)); 36
((10,7),(5,8)); 9
((10,7),(5,9)); 13
((10,7),(6,8)); 5
((10,7),(6,9)); 9
((10,7),(8,9)); 8
((10,8),(11,2)); 48
((10,8),(11,3)); 48
((10,8),(11,4)); 48
((10,8),(11,5)); 14
((10,8),(11,6)); 9
((10,8),(11,7)); 5
((10,8),(11,9)); 15
((10,8),(2,3)); 49
((10,8),(2,4)); 50
((10,8),(2,5)); 14
((10,8),(2,6)); 9
((10,8),(2,7)); 5
((10,8),(2,9)); 14
((10,8),(3,4)); 49
((10,8),(3,5)); 14
((10,8),(3,6)); 9
((10,8),(3,7)); 5
((10,8),(3,9)); 14
((10,8),(4,5)); 14
((10,8),(4,6)); 9
((10,8),(4,7)); 5
((10,8),(4,9)); 14
((10,8),(5,6)); 35
((10,8),(5,7)); 6
((10,8),(5,9)); 12
((10,8),(6,7)); 6
((10,8),(6,9)); 9
((10,8),(7,9)); 4
((10,9),(11,2)); 48
((10,9),(11,3)); 48
((10,9),(11,4)); 48
((10,9),(11,5)); 14
((10,9),(11,6)); 9
((10,9),(11,7)); 11
((10,9),(11,8)); 9
((10,9),(2,3)); 49
((10,9),(2,4)); 50
((10,9),(2,5)); 14
((10,9),(2,6)); 9
((10,9),(2,7)); 11
((10,9),(2,8)); 9
((10,9),(3,4)); 49
((10,9),(3,5)); 14
((10,9),(3,6)); 9
((10,9),(3,7)); 11
((10,9),(3,8)); 9
((10,9),(4,5)); 14
((10,9),(4,6)); 9
((10,9),(4,7)); 11
((10,9),(4,8)); 9
((10,9),(5,6)); 35
((10,9),(5,7)); 23
((10,9),(5,8)); 23
((10,9),(6,7)); 22
((10,9),(6,8)); 21
((10,9),(7,8)); 38
((11,2),(3,4)); 13
((11,2),(3,5)); 1
((11,2),(3,6)); 1
((11,2),(3,7)); 1
((11,2),(3,8)); 1
((11,2),(3,9)); 1
((11,2),(4,5)); 2
((11,2),(4,6)); 2
((11,2),(4,7)); 2
((11,2),(4,8)); 2
((11,2),(4,9)); 2
((11,2),(5,6)); 50
((11,2),(5,7)); 49
((11,2),(5,8)); 49
((11,2),(5,9)); 49
((11,2),(6,7)); 49
((11,2),(6,8)); 49
((11,2),(6,9)); 49
((11,2),(7,8)); 50
((11,2),(7,9)); 49
((11,2),(8,9)); 49
((11,3),(2,4)); 10
((11,3),(2,5)); 2
((11,3),(2,6)); 2
((11,3),(2,7)); 1
((11,3),(2,8)); 1
((11,3),(2,9)); 1
((11,3),(4,5)); 4
((11,3),(4,6)); 4
((11,3),(4,7)); 3
((11,3),(4,8)); 3
((11,3),(4,9)); 3
((11,3),(5,6)); 50
((11,3),(5,7)); 49
((11,3),(5,8)); 49
((11,3),(5,9)); 49
((11,3),(6,7)); 49
((11,3),(6,8)); 49
((11,3),(6,9)); 49
((11,3),(7,8)); 50
((11,3),(7,9)); 49
((11,3),(8,9)); 49
((11,4),(2,3)); 27
((11,4),(5,6)); 50
((11,4),(5,7)); 49
((11,4),(5,8)); 49
((11,4),(5,9)); 49
((11,4),(6,7)); 49
((11,4),(6,8)); 49
((11,4),(6,9)); 49
((11,4),(7,8)); 50
((11,4),(7,9)); 49
((11,4),(8,9)); 49
((11,5),(2,3)); 47
((11,5),(2,4)); 48
((11,5),(3,4)); 46
((11,5),(6,7)); 9
((11,5),(6,8)); 7
((11,5),(6,9)); 8
((11,5),(7,8)); 40
((11,5),(7,9)); 17
((11,5),(8,9)); 20
((11,6),(2,3)); 47
((11,6),(2,4)); 48
((11,6),(3,4)); 46
((11,6),(5,7)); 6
((11,6),(5,8)); 6
((11,6),(5,9)); 6
((11,6),(7,8)); 37
((11,6),(7,9)); 14
((11,6),(8,9)); 18
((11,7),(2,3)); 48
((11,7),(2,4)); 48
((11,7),(2,5)); 1
((11,7),(2,6)); 1
((11,7),(3,4)); 47
((11,7),(3,5)); 1
((11,7),(3,6)); 1
((11,7),(4,5)); 1
((11,7),(4,6)); 1
((11,7),(5,6)); 35
((11,7),(5,8)); 6
((11,7),(5,9)); 11
((11,7),(6,8)); 7
((11,7),(6,9)); 13
((11,7),(8,9)); 7
((11,8),(2,3)); 48
((11,8),(2,4)); 48
((11,8),(2,5)); 1
((11,8),(2,6)); 1
((11,8),(3,4)); 47
((11,8),(3,5)); 1
((11,8),(3,6)); 1
((11,8),(4,5)); 1
((11,8),(4,6)); 1
((11,8),(5,6)); 37
((11,8),(5,7)); 4
((11,8),(5,9)); 10
((11,8),(6,7)); 6
((11,8),(6,9)); 11
((11,8),(7,9)); 5
((11,9),(2,3)); 48
((11,9),(2,4)); 48
((11,9),(2,5)); 1
((11,9),(2,6)); 1
((11,9),(2,7)); 1
((11,9),(2,8)); 1
((11,9),(3,4)); 47
((11,9),(3,5)); 1
((11,9),(3,6)); 1
((11,9),(3,7)); 1
((11,9),(3,8)); 1
((11,9),(4,5)); 1
((11,9),(4,6)); 1
((11,9),(4,7)); 1
((11,9),(4,8)); 1
((11,9),(5,6)); 36
((11,9),(5,7)); 22
((11,9),(5,8)); 20
((11,9),(6,7)); 23
((11,9),(6,8)); 21
((11,9),(7,8)); 38
((2,3),(4,5)); 28
((2,3),(4,6)); 28
((2,3),(4,7)); 28
((2,3),(4,8)); 28
((2,3),(4,9)); 28
((2,3),(5,6)); 50
((2,3),(5,7)); 49
((2,3),(5,8)); 49
((2,3),(5,9)); 49
((2,3),(6,7)); 49
((2,3),(6,8)); 49
((2,3),(6,9)); 49
((2,3),(7,8)); 50
((2,3),(7,9)); 50
((2,3),(8,9)); 50
((2,4),(3,5)); 10
((2,4),(3,6)); 10
((2,4),(3,7)); 10
((2,4),(3,8)); 10
((2,4),(3,9)); 10
((2,4),(5,6)); 50
((2,4),(5,7)); 50
((2,4),(5,8)); 50
((2,4),(5,9)); 50
((2,4),(6,7)); 50
((2,4),(6,8)); 50
((2,4),(6,9)); 50
((2,4),(7,8)); 50
((2,4),(7,9)); 50
((2,4),(8,9)); 50
((2,5),(3,4)); 12
((2,5),(3,7)); 1
((2,5),(3,8)); 1
((2,5),(3,9)); 1
((2,5),(6,7)); 9
((2,5),(6,8)); 7
((2,5),(6,9)); 8
((2,5),(7,8)); 40
((2,5),(7,9)); 18
((2,5),(8,9)); 21
((2,6),(3,4)); 12
((2,6),(3,7)); 1
((2,6),(3,8)); 1
((2,6),(3,9)); 1
((2,6),(5,7)); 6
((2,6),(5,8)); 6
((2,6),(5,9)); 6
((2,6),(7,8)); 37
((2,6),(7,9)); 15
((2,6),(8,9)); 19
((2,7),(3,4)); 12
((2,7),(5,6)); 35
((2,7),(5,8)); 6
((2,7),(5,9)); 11
((2,7),(6,8)); 7
((2,7),(6,9)); 13
((2,7),(8,9)); 7
((2,8),(3,4)); 12
((2,8),(5,6)); 37
((2,8),(5,7)); 4
((2,8),(5,9)); 10
((2,8),(6,7)); 6
((2,8),(6,9)); 11
((2,8),(7,9)); 5
((2,9),(3,4)); 12
((2,9),(5,6)); 36
((2,9),(5,7)); 21
((2,9),(5,8)); 19
((2,9),(6,7)); 22
((2,9),(6,8)); 20
((2,9),(7,8)); 38
((3,4),(5,6)); 50
((3,4),(5,7)); 49
((3,4),(5,8)); 49
((3,4),(5,9)); 49
((3,4),(6,7)); 49
((3,4),(6,8)); 49
((3,4),(6,9)); 49
((3,4),(7,8)); 50
((3,4),(7,9)); 50
((3,4),(8,9)); 50
((3,5),(6,7)); 9
((3,5),(6,8)); 7
((3,5),(6,9)); 8
((3,5),(7,8)); 40
((3,5),(7,9)); 18
((3,5),(8,9)); 21
((3,6),(5,7)); 6
((3,6),(5,8)); 6
((3,6),(5,9)); 6
((3,6),(7,8)); 37
((3,6),(7,9)); 15
((3,6),(8,9)); 19
((3,7),(4,5)); 1
((3,7),(4,6)); 1
((3,7),(5,6)); 35
((3,7),(5,8)); 6
((3,7),(5,9)); 11
((3,7),(6,8)); 7
((3,7),(6,9)); 13
((3,7),(8,9)); 7
((3,8),(4,5)); 1
((3,8),(4,6)); 1
((3,8),(5,6)); 37
((3,8),(5,7)); 4
((3,8),(5,9)); 10
((3,8),(6,7)); 6
((3,8),(6,9)); 11
((3,8),(7,9)); 5
((3,9),(4,5)); 1
((3,9),(4,6)); 1
((3,9),(5,6)); 36
((3,9),(5,7)); 21
((3,9),(5,8)); 19
((3,9),(6,7)); 22
((3,9),(6,8)); 20
((3,9),(7,8)); 38
((4,5),(6,7)); 9
((4,5),(6,8)); 7
((4,5),(6,9)); 8
((4,5),(7,8)); 40
((4,5),(7,9)); 18
((4,5),(8,9)); 21
((4,6),(5,7)); 6
((4,6),(5,8)); 6
((4,6),(5,9)); 6
((4,6),(7,8)); 37
((4,6),(7,9)); 15
((4,6),(8,9)); 19
((4,7),(5,6)); 35
((4,7),(5,8)); 6
((4,7),(5,9)); 11
((4,7),(6,8)); 7
((4,7),(6,9)); 13
((4,7),(8,9)); 7
((4,8),(5,6)); 37
((4,8),(5,7)); 4
((4,8),(5,9)); 10
((4,8),(6,7)); 6
((4,8),(6,9)); 11
((4,8),(7,9)); 5
((4,9),(5,6)); 36
((4,9),(5,7)); 21
((4,9),(5,8)); 19
((4,9),(6,7)); 22
((4,9),(6,8)); 20
((4,9),(7,8)); 38
((5,6),(7,8)); 41
((5,6),(7,9)); 33
((5,6),(8,9)); 35
((5,7),(6,8)); 3
((5,7),(6,9)); 7
((5,7),(8,9)); 6
((5,8),(6,7)); 6
((5,8),(6,9)); 8
((5,8),(7,9)); 7
((5,9),(6,7)); 10
((5,9),(6,8)); 7
((5,9),(7,8)); 37
((6,7),(8,9)); 7
((6,8),(7,9)); 6
((6,9),(7,8)); 37
