((1,10),(11,4)); 1
((1,10),(11,5)); 3
((1,10),(11,6)); 3
((1,10),(11,7)); 4
((1,10),(11,8)); 4
((1,10),(11,9)); 2
((1,10),(2,3)); 33
((1,10),(2,4)); 19
((1,10),(3,4)); 19
((1,10),(4,5)); 1
((1,10),(4,6)); 1
((1,10),(4,7)); 1
((1,10),(4,8)); 1
((1,10),(4,9)); 1
((1,10),(5,6)); 79
((1,10),(5,7)); 53
((1,10),(5,8)); 55
((1,10),(5,9)); 46
((1,10),(6,7)); 56
((1,10),(6,8)); 54
((1,10),(6,9)); 49
((1,10),(7,8)); 84
((1,10),(7,9)); 56
((1,10),(8,9)); 56
((1,11),(10,5)); 96
((1,11),(10,6)); 95
((1,11),(10,7)); 95
((1,11),(10,8)); 95
((1,11),(10,9)); 97
((1,11),(2,3)); 33
((1,11),(2,4)); 19
((1,11),(3,4)); 19
((1,11),(4,5)); 1
((1,11),(4,6)); 1
((1,11),(4,7)); 1
((1,11),(4,8)); 1
((1,11),(5,6)); 99
((1,11),(5,7)); 96
((1,11),(5,8)); 96
((1,11),(5,9)); 97
((1,11),(6,7)); 96
((1,11),(6,8)); 95
((1,11),(6,9)); 96
((1,11),(7,8)); 98
((1,11),(7,9)); 96
((1,11),(8,9)); 96
((1,2),(10,11)); 100
((1,2),(10,3)); 41
((1,2),(10,4)); 55
((1,2),(10,5)); 100
((1,2),(10,6)); 100
((1,2),(10,7)); 100
((1,2),(10,8)); 100
((1,2),(10,9)); 100
((1,2),(11,3)); 41
((1,2),(11,4)); 55
((1,2),(11,5)); 100
((1,2),(11,6)); 100
((1,2),(11,7)); 100
((1,2),(11,8)); 100
((1,2),(11,9)); 100
((1,2),(3,4)); 33
((1,2),(3,5)); 41
((1,2),(3,6)); 41
((1,2),(3,7)); 41
((1,2),(3,8)); 41
((1,2),(3,9)); 41
((1,2),(4,5)); 55
((1,2),(4,6)); 55
((1,2),(4,7)); 55
((1,2),(4,8)); 55
((1,2),(4,9)); 55
((1,2),(5,6)); 100
((1,2),(5,7)); 100
((1,2),(5,8)); 100
((1,2),(5,9)); 100
((1,2),(6,7)); 100
((1,2),(6,8)); 100
((1,2),(6,9)); 100
((1,2),(7,8)); 100
((1,2),(7,9)); 100
((1,2),(8,9)); 100
((1,3),(10,11)); 100
((1,3),(10,2)); 26
((1,3),(10,4)); 50
((1,3),(10,5)); 100
((1,3),(10,6)); 100
((1,3),(10,7)); 100
((1,3),(10,8)); 100
((1,3),(10,9)); 100
((1,3),(11,2)); 26
((1,3),(11,4)); 50
((1,3),(11,5)); 100
((1,3),(11,6)); 100
((1,3),(11,7)); 100
((1,3),(11,8)); 100
((1,3),(11,9)); 100
((1,3),(2,4)); 27
((1,3),(2,5)); 26
((1,3),(2,6)); 26
((1,3),(2,7)); 26
((1,3),(2,8)); 26
((1,3),(2,9)); 26
((1,3),(4,5)); 50
((1,3),(4,6)); 50
((1,3),(4,7)); 50
((1,3),(4,8)); 50
((1,3),(4,9)); 50
((1,3),(5,6)); 100
((1,3),(5,7)); 100
((1,3),(5,8)); 100
((1,3),(5,9)); 100
((1,3),(6,7)); 100
((1,3),(6,8)); 100
((1,3),(6,9)); 100
((1,3),(7,8)); 100
((1,3),(7,9)); 100
((1,3),(8,9)); 100
((1,4),(10,11)); 99
((1,4),(10,2)); 26
((1,4),(10,3)); 31
((1,4),(10,5)); 99
((1,4),(10,6)); 99
((1,4),(10,7)); 99
((1,4),(10,8)); 99
((1,4),(10,9)); 99
((1,4),(11,2)); 26
((1,4),(11,3)); 31
((1,4),(11,5)); 99
((1,4),(11,6)); 99
((1,4),(11,7)); 99
((1,4),(11,8)); 99
((1,4),(11,9)); 100
((1,4),(2,3)); 40
((1,4),(2,5)); 26
((1,4),(2,6)); 26
((1,4),(2,7)); 26
((1,4),(2,8)); 26
((1,4),(2,9)); 26
((1,4),(3,5)); 31
((1,4),(3,6)); 31
((1,4),(3,7)); 31
((1,4),(3,8)); 31
((1,4),(3,9)); 31
((1,4),(5,6)); 100
((1,4),(5,7)); 100
((1,4),(5,8)); 100
((1,4),(5,9)); 99
((1,4),(6,7)); 100
((1,4),(6,8)); 100
((1,4),(6,9)); 99
((1,4),(7,8)); 100
((1,4),(7,9)); 99
((1,4),(8,9)); 99
((1,5),(10,11)); 1
((1,5),(10,6)); 12
((1,5),(10,7)); 29
((1,5),(10,8)); 28
((1,5),(10,9)); 29
((1,5),(11,7)); 2
((1,5),(11,8)); 2
((1,5),(11,9)); 1
((1,5),(2,3)); 33
((1,5),(2,4)); 19
((1,5),(3,4)); 19
((1,5),(6,7)); 16
((1,5),(6,8)); 17
((1,5),(6,9)); 17
((1,5),(7,8)); 77
((1,5),(7,9)); 41
((1,5),(8,9)); 43
((1,6),(10,11)); 2
((1,6),(10,5)); 9
((1,6),(10,7)); 25
((1,6),(10,8)); 26
((1,6),(10,9)); 26
((1,6),(11,5)); 1
((1,6),(11,7)); 2
((1,6),(11,8)); 3
((1,6),(11,9)); 2
((1,6),(2,3)); 33
((1,6),(2,4)); 19
((1,6),(3,4)); 19
((1,6),(5,7)); 16
((1,6),(5,8)); 16
((1,6),(5,9)); 11
((1,6),(7,8)); 77
((1,6),(7,9)); 41
((1,6),(8,9)); 40
((1,7),(10,11)); 1
((1,7),(10,5)); 18
((1,7),(10,6)); 19
((1,7),(10,8)); 11
((1,7),(10,9)); 21
((1,7),(11,5)); 2
((1,7),(11,6)); 2
((1,7),(11,8)); 1
((1,7),(11,9)); 2
((1,7),(2,3)); 33
((1,7),(2,4)); 19
((1,7),(3,4)); 19
((1,7),(5,6)); 68
((1,7),(5,8)); 12
((1,7),(5,9)); 21
((1,7),(6,8)); 13
((1,7),(6,9)); 20
((1,7),(8,9)); 15
((1,8),(10,11)); 1
((1,8),(10,5)); 17
((1,8),(10,6)); 20
((1,8),(10,7)); 5
((1,8),(10,9)); 18
((1,8),(11,5)); 2
((1,8),(11,6)); 2
((1,8),(11,7)); 1
((1,8),(11,9)); 2
((1,8),(2,3)); 33
((1,8),(2,4)); 19
((1,8),(3,4)); 19
((1,8),(5,6)); 67
((1,8),(5,7)); 11
((1,8),(5,9)); 19
((1,8),(6,7)); 10
((1,8),(6,9)); 23
((1,8),(7,9)); 10
((1,9),(10,11)); 1
((1,9),(10,5)); 25
((1,9),(10,6)); 25
((1,9),(10,7)); 23
((1,9),(10,8)); 26
((1,9),(11,5)); 2
((1,9),(11,6)); 2
((1,9),(11,7)); 2
((1,9),(11,8)); 2
((1,9),(2,3)); 33
((1,9),(2,4)); 19
((1,9),(3,4)); 19
((1,9),(4,5)); 1
((1,9),(4,6)); 1
((1,9),(4,7)); 1
((1,9),(4,8)); 1
((1,9),(5,6)); 72
((1,9),(5,7)); 38
((1,9),(5,8)); 38
((1,9),(6,7)); 39
((1,9),(6,8)); 37
((1,9),(7,8)); 75
((10,11),(2,3)); 100
((10,11),(2,4)); 99
((10,11),(2,5)); 1
((10,11),(2,6)); 2
((10,11),(2,7)); 1
((10,11),(2,8)); 1
((10,11),(2,9)); 1
((10,11),(3,4)); 99
((10,11),(3,5)); 1
((10,11),(3,6)); 2
((10,11),(3,7)); 1
((10,11),(3,8)); 1
((10,11),(3,9)); 1
((10,11),(4,5)); 2
((10,11),(4,6)); 3
((10,11),(4,7)); 2
((10,11),(4,8)); 2
((10,11),(4,9)); 1
((10,11),(5,6)); 79
((10,11),(5,7)); 52
((10,11),(5,8)); 54
((10,11),(5,9)); 44
((10,11),(6,7)); 55
((10,11),(6,8)); 53
((10,11),(6,9)); 47
((10,11),(7,8)); 84
((10,11),(7,9)); 55
((10,11),(8,9)); 55
((10,2),(11,4)); 1
((10,2),(11,5)); 3
((10,2),(11,6)); 3
((10,2),(11,7)); 4
((10,2),(11,8)); 4
((10,2),(11,9)); 2
((10,2),(3,4)); 20
((10,2),(4,5)); 1
((10,2),(4,6)); 1
((10,2),(4,7)); 1
((10,2),(4,8)); 1
((10,2),(4,9)); 1
((10,2),(5,6)); 79
((10,2),(5,7)); 53
((10,2),(5,8)); 55
((10,2),(5,9)); 46
((10,2),(6,7)); 56
((10,2),(6,8)); 54
((10,2),(6,9)); 49
((10,2),(7,8)); 84
((10,2),(7,9)); 56
((10,2),(8,9)); 56
((10,3),(11,4)); 1
((10,3),(11,5)); 3
((10,3),(11,6)); 3
((10,3),(11,7)); 4
((10,3),(11,8)); 4
((10,3),(11,9)); 2
((10,3),(2,4)); 31
((10,3),(4,5)); 1
((10,3),(4,6)); 1
((10,3),(4,7)); 1
((10,3),(4,8)); 1
((10,3),(4,9)); 1
((10,3),(5,6)); 79
((10,3),(5,7)); 53
((10,3),(5,8)); 55
((10,3),(5,9)); 46
((10,3),(6,7)); 56
((10,3),(6,8)); 54
((10,3),(6,9)); 49
((10,3),(7,8)); 84
((10,3),(7,9)); 56
((10,3),(8,9)); 56
((10,4),(11,5)); 2
((10,4),(11,6)); 2
((10,4),(11,7)); 3
((10,4),(11,8)); 3
((10,4),(11,9)); 2
((10,4),(2,3)); 49
((10,4),(5,6)); 79
((10,4),(5,7)); 53
((10,4),(5,8)); 55
((10,4),(5,9)); 45
((10,4),(6,7)); 56
((10,4),(6,8)); 54
((10,4),(6,9)); 48
((10,4),(7,8)); 84
((10,4),(7,9)); 55
((10,4),(8,9)); 55
((10,5),(11,2)); 96
((10,5),(11,3)); 96
((10,5),(11,4)); 96
((10,5),(11,6)); 9
((10,5),(11,7)); 18
((10,5),(11,8)); 17
((10,5),(11,9)); 26
((10,5),(2,3)); 100
((10,5),(2,4)); 99
((10,5),(2,6)); 9
((10,5),(2,7)); 18
((10,5),(2,8)); 17
((10,5),(2,9)); 25
((10,5),(3,4)); 99
((10,5),(3,6)); 9
((10,5),(3,7)); 18
((10,5),(3,8)); 17
((10,5),(3,9)); 25
((10,5),(4,6)); 9
((10,5),(4,7)); 18
((10,5),(4,8)); 17
((10,5),(4,9)); 25
((10,5),(6,7)); 16
((10,5),(6,8)); 17
((10,5),(6,9)); 15
((10,5),(7,8)); 74
((10,5),(7,9)); 37
((10,5),(8,9)); 39
((10,6),(11,2)); 95
((10,6),(11,3)); 95
((10,6),(11,4)); 95
((10,6),(11,5)); 12
((10,6),(11,7)); 20
((10,6),(11,8)); 20
((10,6),(11,9)); 26
((10,6),(2,3)); 100
((10,6),(2,4)); 99
((10,6),(2,5)); 12
((10,6),(2,7)); 19
((10,6),(2,8)); 20
((10,6),(2,9)); 25
((10,6),(3,4)); 99
((10,6),(3,5)); 12
((10,6),(3,7)); 19
((10,6),(3,8)); 20
((10,6),(3,9)); 25
((10,6),(4,5)); 12
((10,6),(4,7)); 19
((10,6),(4,8)); 20
((10,6),(4,9)); 25
((10,6),(5,7)); 17
((10,6),(5,8)); 14
((10,6),(5,9)); 12
((10,6),(7,8)); 75
((10,6),(7,9)); 38
((10,6),(8,9)); 39
((10,7),(11,2)); 95
((10,7),(11,3)); 95
((10,7),(11,4)); 95
((10,7),(11,5)); 30
((10,7),(11,6)); 25
((10,7),(11,8)); 5
((10,7),(11,9)); 23
((10,7),(2,3)); 100
((10,7),(2,4)); 99
((10,7),(2,5)); 29
((10,7),(2,6)); 25
((10,7),(2,8)); 5
((10,7),(2,9)); 23
((10,7),(3,4)); 99
((10,7),(3,5)); 29
((10,7),(3,6)); 25
((10,7),(3,8)); 5
((10,7),(3,9)); 23
((10,7),(4,5)); 29
((10,7),(4,6)); 25
((10,7),(4,8)); 5
((10,7),(4,9)); 23
((10,7),(5,6)); 67
((10,7),(5,8)); 12
((10,7),(5,9)); 22
((10,7),(6,8)); 11
((10,7),(6,9)); 23
((10,7),(8,9)); 14
((10,8),(11,2)); 95
((10,8),(11,3)); 95
((10,8),(11,4)); 95
((10,8),(11,5)); 29
((10,8),(11,6)); 27
((10,8),(11,7)); 11
((10,8),(11,9)); 26
((10,8),(2,3)); 100
((10,8),(2,4)); 99
((10,8),(2,5)); 28
((10,8),(2,6)); 26
((10,8),(2,7)); 11
((10,8),(2,9)); 26
((10,8),(3,4)); 99
((10,8),(3,5)); 28
((10,8),(3,6)); 26
((10,8),(3,7)); 11
((10,8),(3,9)); 26
((10,8),(4,5)); 28
((10,8),(4,6)); 26
((10,8),(4,7)); 11
((10,8),(4,9)); 26
((10,8),(5,6)); 69
((10,8),(5,7)); 14
((10,8),(5,9)); 23
((10,8),(6,7)); 14
((10,8),(6,9)); 25
((10,8),(7,9)); 12
((10,9),(11,2)); 97
((10,9),(11,3)); 97
((10,9),(11,4)); 97
((10,9),(11,5)); 30
((10,9),(11,6)); 27
((10,9),(11,7)); 22
((10,9),(11,8)); 19
((10,9),(2,3)); 100
((10,9),(2,4)); 99
((10,9),(2,5)); 29
((10,9),(2,6)); 26
((10,9),(2,7)); 21
((10,9),(2,8)); 18
((10,9),(3,4)); 99
((10,9),(3,5)); 29
((10,9),(3,6)); 26
((10,9),(3,7)); 21
((10,9),(3,8)); 18
((10,9),(4,5)); 30
((10,9),(4,6)); 27
((10,9),(4,7)); 22
((10,9),(4,8)); 19
((10,9),(5,6)); 73
((10,9),(5,7)); 41
((10,9),(5,8)); 38
((10,9),(6,7)); 39
((10,9),(6,8)); 36
((10,9),(7,8)); 74
((11,2),(3,4)); 20
((11,2),(4,5)); 1
((11,2),(4,6)); 1
((11,2),(4,7)); 1
((11,2),(4,8)); 1
((11,2),(5,6)); 99
((11,2),(5,7)); 96
((11,2),(5,8)); 96
((11,2),(5,9)); 97
((11,2),(6,7)); 96
((11,2),(6,8)); 95
((11,2),(6,9)); 96
((11,2),(7,8)); 98
((11,2),(7,9)); 96
((11,2),(8,9)); 96
((11,3),(2,4)); 31
((11,3),(4,5)); 1
((11,3),(4,6)); 1
((11,3),(4,7)); 1
((11,3),(4,8)); 1
((11,3),(5,6)); 99
((11,3),(5,7)); 96
((11,3),(5,8)); 96
((11,3),(5,9)); 97
((11,3),(6,7)); 96
((11,3),(6,8)); 95
((11,3),(6,9)); 96
((11,3),(7,8)); 98
((11,3),(7,9)); 96
((11,3),(8,9)); 96
((11,4),(2,3)); 49
((11,4),(5,6)); 99
((11,4),(5,7)); 96
((11,4),(5,8)); 96
((11,4),(5,9)); 97
((11,4),(6,7)); 96
((11,4),(6,8)); 95
((11,4),(6,9)); 96
((11,4),(7,8)); 98
((11,4),(7,9)); 96
((11,4),(8,9)); 96
((11,5),(2,3)); 100
((11,5),(2,4)); 99
((11,5),(2,6)); 1
((11,5),(2,7)); 2
((11,5),(2,8)); 2
((11,5),(2,9)); 2
((11,5),(3,4)); 99
((11,5),(3,6)); 1
((11,5),(3,7)); 2
((11,5),(3,8)); 2
((11,5),(3,9)); 2
((11,5),(4,6)); 1
((11,5),(4,7)); 2
((11,5),(4,8)); 2
((11,5),(4,9)); 2
((11,5),(6,7)); 16
((11,5),(6,8)); 17
((11,5),(6,9)); 17
((11,5),(7,8)); 77
((11,5),(7,9)); 42
((11,5),(8,9)); 44
((11,6),(2,3)); 100
((11,6),(2,4)); 99
((11,6),(2,7)); 2
((11,6),(2,8)); 2
((11,6),(2,9)); 2
((11,6),(3,4)); 99
((11,6),(3,7)); 2
((11,6),(3,8)); 2
((11,6),(3,9)); 2
((11,6),(4,7)); 2
((11,6),(4,8)); 2
((11,6),(4,9)); 2
((11,6),(5,7)); 15
((11,6),(5,8)); 16
((11,6),(5,9)); 11
((11,6),(7,8)); 76
((11,6),(7,9)); 41
((11,6),(8,9)); 41
((11,7),(2,3)); 100
((11,7),(2,4)); 99
((11,7),(2,5)); 2
((11,7),(2,6)); 2
((11,7),(2,8)); 1
((11,7),(2,9)); 2
((11,7),(3,4)); 99
((11,7),(3,5)); 2
((11,7),(3,6)); 2
((11,7),(3,8)); 1
((11,7),(3,9)); 2
((11,7),(4,5)); 2
((11,7),(4,6)); 2
((11,7),(4,8)); 1
((11,7),(4,9)); 2
((11,7),(5,6)); 69
((11,7),(5,8)); 12
((11,7),(5,9)); 20
((11,7),(6,8)); 14
((11,7),(6,9)); 20
((11,7),(8,9)); 15
((11,8),(2,3)); 100
((11,8),(2,4)); 99
((11,8),(2,5)); 2
((11,8),(2,6)); 3
((11,8),(2,7)); 1
((11,8),(2,9)); 2
((11,8),(3,4)); 99
((11,8),(3,5)); 2
((11,8),(3,6)); 3
((11,8),(3,7)); 1
((11,8),(3,9)); 2
((11,8),(4,5)); 2
((11,8),(4,6)); 3
((11,8),(4,7)); 1
((11,8),(4,9)); 2
((11,8),(5,6)); 67
((11,8),(5,7)); 11
((11,8),(5,9)); 18
((11,8),(6,7)); 10
((11,8),(6,9)); 22
((11,8),(7,9)); 10
((11,9),(2,3)); 100
((11,9),(2,4)); 100
((11,9),(2,5)); 1
((11,9),(2,6)); 2
((11,9),(2,7)); 2
((11,9),(2,8)); 2
((11,9),(3,4)); 100
((11,9),(3,5)); 1
((11,9),(3,6)); 2
((11,9),(3,7)); 2
((11,9),(3,8)); 2
((11,9),(4,5)); 1
((11,9),(4,6)); 2
((11,9),(4,7)); 2
((11,9),(4,8)); 2
((11,9),(5,6)); 72
((11,9),(5,7)); 38
((11,9),(5,8)); 38
((11,9),(6,7)); 39
((11,9),(6,8)); 37
((11,9),(7,8)); 75
((2,3),(4,5)); 49
((2,3),(4,6)); 49
((2,3),(4,7)); 49
((2,3),(4,8)); 49
((2,3),(4,9)); 49
((2,3),(5,6)); 100
((2,3),(5,7)); 100
((2,3),(5,8)); 100
((2,3),(5,9)); 100
((2,3),(6,7)); 100
((2,3),(6,8)); 100
((2,3),(6,9)); 100
((2,3),(7,8)); 100
((2,3),(7,9)); 100
((2,3),(8,9)); 100
((2,4),(3,5)); 31
((2,4),(3,6)); 31
((2,4),(3,7)); 31
((2,4),(3,8)); 31
((2,4),(3,9)); 31
((2,4),(5,6)); 100
((2,4),(5,7)); 100
((2,4),(5,8)); 100
((2,4),(5,9)); 99
((2,4),(6,7)); 100
((2,4),(6,8)); 100
((2,4),(6,9)); 99
((2,4),(7,8)); 100
((2,4),(7,9)); 99
((2,4),(8,9)); 99
((2,5),(3,4)); 20
((2,5),(6,7)); 16
((2,5),(6,8)); 17
((2,5),(6,9)); 17
((2,5),(7,8)); 77
((2,5),(7,9)); 41
((2,5),(8,9)); 43
((2,6),(3,4)); 20
((2,6),(5,7)); 16
((2,6),(5,8)); 16
((2,6),(5,9)); 11
((2,6),(7,8)); 77
((2,6),(7,9)); 41
((2,6),(8,9)); 40
((2,7),(3,4)); 20
((2,7),(5,6)); 68
((2,7),(5,8)); 12
((2,7),(5,9)); 21
((2,7),(6,8)); 13
((2,7),(6,9)); 20
((2,7),(8,9)); 15
((2,8),(3,4)); 20
((2,8),(5,6)); 67
((2,8),(5,7)); 11
((2,8),(5,9)); 19
((2,8),(6,7)); 10
((2,8),(6,9)); 23
((2,8),(7,9)); 10
((2,9),(3,4)); 20
((2,9),(4,5)); 1
((2,9),(4,6)); 1
((2,9),(4,7)); 1
((2,9),(4,8)); 1
((2,9),(5,6)); 72
((2,9),(5,7)); 38
((2,9),(5,8)); 38
((2,9),(6,7)); 39
((2,9),(6,8)); 37
((2,9),(7,8)); 75
((3,4),(5,6)); 100
((3,4),(5,7)); 100
((3,4),(5,8)); 100
((3,4),(5,9)); 99
((3,4),(6,7)); 100
((3,4),(6,8)); 100
((3,4),(6,9)); 99
((3,4),(7,8)); 100
((3,4),(7,9)); 99
((3,4),(8,9)); 99
((3,5),(6,7)); 16
((3,5),(6,8)); 17
((3,5),(6,9)); 17
((3,5),(7,8)); 77
((3,5),(7,9)); 41
((3,5),(8,9)); 43
((3,6),(5,7)); 16
((3,6),(5,8)); 16
((3,6),(5,9)); 11
((3,6),(7,8)); 77
((3,6),(7,9)); 41
((3,6),(8,9)); 40
((3,7),(5,6)); 68
((3,7),(5,8)); 12
((3,7),(5,9)); 21
((3,7),(6,8)); 13
((3,7),(6,9)); 20
((3,7),(8,9)); 15
((3,8),(5,6)); 67
((3,8),(5,7)); 11
((3,8),(5,9)); 19
((3,8),(6,7)); 10
((3,8),(6,9)); 23
((3,8),(7,9)); 10
((3,9),(4,5)); 1
((3,9),(4,6)); 1
((3,9),(4,7)); 1
((3,9),(4,8)); 1
((3,9),(5,6)); 72
((3,9),(5,7)); 38
((3,9),(5,8)); 38
((3,9),(6,7)); 39
((3,9),(6,8)); 37
((3,9),(7,8)); 75
((4,5),(6,7)); 16
((4,5),(6,8)); 17
((4,5),(6,9)); 17
((4,5),(7,8)); 77
((4,5),(7,9)); 41
((4,5),(8,9)); 43
((4,6),(5,7)); 16
((4,6),(5,8)); 16
((4,6),(5,9)); 11
((4,6),(7,8)); 77
((4,6),(7,9)); 41
((4,6),(8,9)); 40
((4,7),(5,6)); 68
((4,7),(5,8)); 12
((4,7),(5,9)); 21
((4,7),(6,8)); 13
((4,7),(6,9)); 20
((4,7),(8,9)); 15
((4,8),(5,6)); 67
((4,8),(5,7)); 11
((4,8),(5,9)); 19
((4,8),(6,7)); 10
((4,8),(6,9)); 23
((4,8),(7,9)); 10
((4,9),(5,6)); 72
((4,9),(5,7)); 38
((4,9),(5,8)); 38
((4,9),(6,7)); 39
((4,9),(6,8)); 37
((4,9),(7,8)); 75
((5,6),(7,8)); 80
((5,6),(7,9)); 71
((5,6),(8,9)); 68
((5,7),(6,8)); 10
((5,7),(6,9)); 15
((5,7),(8,9)); 18
((5,8),(6,7)); 10
((5,8),(6,9)); 18
((5,8),(7,9)); 18
((5,9),(6,7)); 14
((5,9),(6,8)); 14
((5,9),(7,8)); 64
((6,7),(8,9)); 15
((6,8),(7,9)); 18
((6,9),(7,8)); 67
