((1.1,10.10),(2.2,3.3)); 21
((1.1,10.10),(2.2,4.4)); 1
((1.1,10.10),(3.3,4.4)); 6
((1.1,10.10),(5.5,6.6)); 100
((1.1,10.10),(5.5,7.7)); 94
((1.1,10.10),(5.5,8.8)); 94
((1.1,10.10),(5.5,9.9)); 88
((1.1,10.10),(6.6,7.7)); 94
((1.1,10.10),(6.6,8.8)); 94
((1.1,10.10),(6.6,9.9)); 88
((1.1,10.10),(7.7,8.8)); 100
((1.1,10.10),(7.7,9.9)); 90
((1.1,10.10),(8.8,9.9)); 90
((1.1,11.11),(10.10,5.5)); 100
((1.1,11.11),(10.10,6.6)); 100
((1.1,11.11),(10.10,7.7)); 100
((1.1,11.11),(10.10,8.8)); 100
((1.1,11.11),(10.10,9.9)); 100
((1.1,11.11),(2.2,3.3)); 21
((1.1,11.11),(2.2,4.4)); 1
((1.1,11.11),(3.3,4.4)); 6
((1.1,11.11),(5.5,6.6)); 100
((1.1,11.11),(5.5,7.7)); 100
((1.1,11.11),(5.5,8.8)); 100
((1.1,11.11),(5.5,9.9)); 100
((1.1,11.11),(6.6,7.7)); 100
((1.1,11.11),(6.6,8.8)); 100
((1.1,11.11),(6.6,9.9)); 100
((1.1,11.11),(7.7,8.8)); 100
((1.1,11.11),(7.7,9.9)); 100
((1.1,11.11),(8.8,9.9)); 100
((1.1,2.2),(10.10,11.11)); 100
((1.1,2.2),(10.10,3.3)); 55
((1.1,2.2),(10.10,4.4)); 95
((1.1,2.2),(10.10,5.5)); 100
((1.1,2.2),(10.10,6.6)); 100
((1.1,2.2),(10.10,7.7)); 100
((1.1,2.2),(10.10,8.8)); 100
((1.1,2.2),(10.10,9.9)); 100
((1.1,2.2),(11.11,3.3)); 55
((1.1,2.2),(11.11,4.4)); 95
((1.1,2.2),(11.11,5.5)); 100
((1.1,2.2),(11.11,6.6)); 100
((1.1,2.2),(11.11,7.7)); 100
((1.1,2.2),(11.11,8.8)); 100
((1.1,2.2),(11.11,9.9)); 100
((1.1,2.2),(3.3,4.4)); 55
((1.1,2.2),(3.3,5.5)); 55
((1.1,2.2),(3.3,6.6)); 55
((1.1,2.2),(3.3,7.7)); 55
((1.1,2.2),(3.3,8.8)); 55
((1.1,2.2),(3.3,9.9)); 55
((1.1,2.2),(4.4,5.5)); 95
((1.1,2.2),(4.4,6.6)); 95
((1.1,2.2),(4.4,7.7)); 95
((1.1,2.2),(4.4,8.8)); 95
((1.1,2.2),(4.4,9.9)); 95
((1.1,2.2),(5.5,6.6)); 100
((1.1,2.2),(5.5,7.7)); 100
((1.1,2.2),(5.5,8.8)); 100
((1.1,2.2),(5.5,9.9)); 100
((1.1,2.2),(6.6,7.7)); 100
((1.1,2.2),(6.6,8.8)); 100
((1.1,2.2),(6.6,9.9)); 100
((1.1,2.2),(7.7,8.8)); 100
((1.1,2.2),(7.7,9.9)); 100
((1.1,2.2),(8.8,9.9)); 100
((1.1,3.3),(10.10,11.11)); 100
((1.1,3.3),(10.10,2.2)); 24
((1.1,3.3),(10.10,4.4)); 89
((1.1,3.3),(10.10,5.5)); 100
((1.1,3.3),(10.10,6.6)); 100
((1.1,3.3),(10.10,7.7)); 100
((1.1,3.3),(10.10,8.8)); 100
((1.1,3.3),(10.10,9.9)); 100
((1.1,3.3),(11.11,2.2)); 24
((1.1,3.3),(11.11,4.4)); 89
((1.1,3.3),(11.11,5.5)); 100
((1.1,3.3),(11.11,6.6)); 100
((1.1,3.3),(11.11,7.7)); 100
((1.1,3.3),(11.11,8.8)); 100
((1.1,3.3),(11.11,9.9)); 100
((1.1,3.3),(2.2,4.4)); 24
((1.1,3.3),(2.2,5.5)); 24
((1.1,3.3),(2.2,6.6)); 24
((1.1,3.3),(2.2,7.7)); 24
((1.1,3.3),(2.2,8.8)); 24
((1.1,3.3),(2.2,9.9)); 24
((1.1,3.3),(4.4,5.5)); 89
((1.1,3.3),(4.4,6.6)); 89
((1.1,3.3),(4.4,7.7)); 89
((1.1,3.3),(4.4,8.8)); 89
((1.1,3.3),(4.4,9.9)); 89
((1.1,3.3),(5.5,6.6)); 100
((1.1,3.3),(5.5,7.7)); 100
((1.1,3.3),(5.5,8.8)); 100
((1.1,3.3),(5.5,9.9)); 100
((1.1,3.3),(6.6,7.7)); 100
((1.1,3.3),(6.6,8.8)); 100
((1.1,3.3),(6.6,9.9)); 100
((1.1,3.3),(7.7,8.8)); 100
((1.1,3.3),(7.7,9.9)); 100
((1.1,3.3),(8.8,9.9)); 100
((1.1,4.4),(10.10,11.11)); 100
((1.1,4.4),(10.10,2.2)); 4
((1.1,4.4),(10.10,3.3)); 5
((1.1,4.4),(10.10,5.5)); 100
((1.1,4.4),(10.10,6.6)); 100
((1.1,4.4),(10.10,7.7)); 100
((1.1,4.4),(10.10,8.8)); 100
((1.1,4.4),(10.10,9.9)); 100
((1.1,4.4),(11.11,2.2)); 4
((1.1,4.4),(11.11,3.3)); 5
((1.1,4.4),(11.11,5.5)); 100
((1.1,4.4),(11.11,6.6)); 100
((1.1,4.4),(11.11,7.7)); 100
((1.1,4.4),(11.11,8.8)); 100
((1.1,4.4),(11.11,9.9)); 100
((1.1,4.4),(2.2,3.3)); 21
((1.1,4.4),(2.2,5.5)); 4
((1.1,4.4),(2.2,6.6)); 4
((1.1,4.4),(2.2,7.7)); 4
((1.1,4.4),(2.2,8.8)); 4
((1.1,4.4),(2.2,9.9)); 4
((1.1,4.4),(3.3,5.5)); 5
((1.1,4.4),(3.3,6.6)); 5
((1.1,4.4),(3.3,7.7)); 5
((1.1,4.4),(3.3,8.8)); 5
((1.1,4.4),(3.3,9.9)); 5
((1.1,4.4),(5.5,6.6)); 100
((1.1,4.4),(5.5,7.7)); 100
((1.1,4.4),(5.5,8.8)); 100
((1.1,4.4),(5.5,9.9)); 100
((1.1,4.4),(6.6,7.7)); 100
((1.1,4.4),(6.6,8.8)); 100
((1.1,4.4),(6.6,9.9)); 100
((1.1,4.4),(7.7,8.8)); 100
((1.1,4.4),(7.7,9.9)); 100
((1.1,4.4),(8.8,9.9)); 100
((1.1,5.5),(10.10,7.7)); 4
((1.1,5.5),(10.10,8.8)); 4
((1.1,5.5),(10.10,9.9)); 8
((1.1,5.5),(2.2,3.3)); 21
((1.1,5.5),(2.2,4.4)); 1
((1.1,5.5),(3.3,4.4)); 6
((1.1,5.5),(6.6,7.7)); 2
((1.1,5.5),(6.6,8.8)); 2
((1.1,5.5),(6.6,9.9)); 1
((1.1,5.5),(7.7,8.8)); 100
((1.1,5.5),(7.7,9.9)); 23
((1.1,5.5),(8.8,9.9)); 23
((1.1,6.6),(10.10,7.7)); 4
((1.1,6.6),(10.10,8.8)); 4
((1.1,6.6),(10.10,9.9)); 8
((1.1,6.6),(2.2,3.3)); 21
((1.1,6.6),(2.2,4.4)); 1
((1.1,6.6),(3.3,4.4)); 6
((1.1,6.6),(5.5,7.7)); 1
((1.1,6.6),(5.5,8.8)); 1
((1.1,6.6),(5.5,9.9)); 2
((1.1,6.6),(7.7,8.8)); 100
((1.1,6.6),(7.7,9.9)); 23
((1.1,6.6),(8.8,9.9)); 23
((1.1,7.7),(10.10,5.5)); 2
((1.1,7.7),(10.10,6.6)); 2
((1.1,7.7),(10.10,9.9)); 6
((1.1,7.7),(2.2,3.3)); 21
((1.1,7.7),(2.2,4.4)); 1
((1.1,7.7),(3.3,4.4)); 6
((1.1,7.7),(5.5,6.6)); 97
((1.1,7.7),(5.5,9.9)); 24
((1.1,7.7),(6.6,9.9)); 23
((1.1,8.8),(10.10,5.5)); 2
((1.1,8.8),(10.10,6.6)); 2
((1.1,8.8),(10.10,9.9)); 6
((1.1,8.8),(2.2,3.3)); 21
((1.1,8.8),(2.2,4.4)); 1
((1.1,8.8),(3.3,4.4)); 6
((1.1,8.8),(5.5,6.6)); 97
((1.1,8.8),(5.5,9.9)); 24
((1.1,8.8),(6.6,9.9)); 23
((1.1,9.9),(10.10,5.5)); 4
((1.1,9.9),(10.10,6.6)); 4
((1.1,9.9),(10.10,7.7)); 4
((1.1,9.9),(10.10,8.8)); 4
((1.1,9.9),(2.2,3.3)); 21
((1.1,9.9),(2.2,4.4)); 1
((1.1,9.9),(3.3,4.4)); 6
((1.1,9.9),(5.5,6.6)); 97
((1.1,9.9),(5.5,7.7)); 53
((1.1,9.9),(5.5,8.8)); 53
((1.1,9.9),(6.6,7.7)); 54
((1.1,9.9),(6.6,8.8)); 54
((1.1,9.9),(7.7,8.8)); 100
((10.10,11.11),(2.2,3.3)); 100
((10.10,11.11),(2.2,4.4)); 100
((10.10,11.11),(3.3,4.4)); 100
((10.10,11.11),(5.5,6.6)); 100
((10.10,11.11),(5.5,7.7)); 94
((10.10,11.11),(5.5,8.8)); 94
((10.10,11.11),(5.5,9.9)); 88
((10.10,11.11),(6.6,7.7)); 94
((10.10,11.11),(6.6,8.8)); 94
((10.10,11.11),(6.6,9.9)); 88
((10.10,11.11),(7.7,8.8)); 100
((10.10,11.11),(7.7,9.9)); 90
((10.10,11.11),(8.8,9.9)); 90
((10.10,2.2),(3.3,4.4)); 8
((10.10,2.2),(5.5,6.6)); 100
((10.10,2.2),(5.5,7.7)); 94
((10.10,2.2),(5.5,8.8)); 94
((10.10,2.2),(5.5,9.9)); 88
((10.10,2.2),(6.6,7.7)); 94
((10.10,2.2),(6.6,8.8)); 94
((10.10,2.2),(6.6,9.9)); 88
((10.10,2.2),(7.7,8.8)); 100
((10.10,2.2),(7.7,9.9)); 90
((10.10,2.2),(8.8,9.9)); 90
((10.10,3.3),(2.2,4.4)); 4
((10.10,3.3),(5.5,6.6)); 100
((10.10,3.3),(5.5,7.7)); 94
((10.10,3.3),(5.5,8.8)); 94
((10.10,3.3),(5.5,9.9)); 88
((10.10,3.3),(6.6,7.7)); 94
((10.10,3.3),(6.6,8.8)); 94
((10.10,3.3),(6.6,9.9)); 88
((10.10,3.3),(7.7,8.8)); 100
((10.10,3.3),(7.7,9.9)); 90
((10.10,3.3),(8.8,9.9)); 90
((10.10,4.4),(2.2,3.3)); 88
((10.10,4.4),(5.5,6.6)); 100
((10.10,4.4),(5.5,7.7)); 94
((10.10,4.4),(5.5,8.8)); 94
((10.10,4.4),(5.5,9.9)); 88
((10.10,4.4),(6.6,7.7)); 94
((10.10,4.4),(6.6,8.8)); 94
((10.10,4.4),(6.6,9.9)); 88
((10.10,4.4),(7.7,8.8)); 100
((10.10,4.4),(7.7,9.9)); 90
((10.10,4.4),(8.8,9.9)); 90
((10.10,5.5),(11.11,2.2)); 100
((10.10,5.5),(11.11,3.3)); 100
((10.10,5.5),(11.11,4.4)); 100
((10.10,5.5),(11.11,7.7)); 2
((10.10,5.5),(11.11,8.8)); 2
((10.10,5.5),(11.11,9.9)); 4
((10.10,5.5),(2.2,3.3)); 100
((10.10,5.5),(2.2,4.4)); 100
((10.10,5.5),(2.2,7.7)); 2
((10.10,5.5),(2.2,8.8)); 2
((10.10,5.5),(2.2,9.9)); 4
((10.10,5.5),(3.3,4.4)); 100
((10.10,5.5),(3.3,7.7)); 2
((10.10,5.5),(3.3,8.8)); 2
((10.10,5.5),(3.3,9.9)); 4
((10.10,5.5),(4.4,7.7)); 2
((10.10,5.5),(4.4,8.8)); 2
((10.10,5.5),(4.4,9.9)); 4
((10.10,5.5),(6.6,7.7)); 2
((10.10,5.5),(6.6,8.8)); 2
((10.10,5.5),(6.6,9.9)); 1
((10.10,5.5),(7.7,8.8)); 100
((10.10,5.5),(7.7,9.9)); 23
((10.10,5.5),(8.8,9.9)); 23
((10.10,6.6),(11.11,2.2)); 100
((10.10,6.6),(11.11,3.3)); 100
((10.10,6.6),(11.11,4.4)); 100
((10.10,6.6),(11.11,7.7)); 2
((10.10,6.6),(11.11,8.8)); 2
((10.10,6.6),(11.11,9.9)); 4
((10.10,6.6),(2.2,3.3)); 100
((10.10,6.6),(2.2,4.4)); 100
((10.10,6.6),(2.2,7.7)); 2
((10.10,6.6),(2.2,8.8)); 2
((10.10,6.6),(2.2,9.9)); 4
((10.10,6.6),(3.3,4.4)); 100
((10.10,6.6),(3.3,7.7)); 2
((10.10,6.6),(3.3,8.8)); 2
((10.10,6.6),(3.3,9.9)); 4
((10.10,6.6),(4.4,7.7)); 2
((10.10,6.6),(4.4,8.8)); 2
((10.10,6.6),(4.4,9.9)); 4
((10.10,6.6),(5.5,7.7)); 1
((10.10,6.6),(5.5,8.8)); 1
((10.10,6.6),(5.5,9.9)); 2
((10.10,6.6),(7.7,8.8)); 100
((10.10,6.6),(7.7,9.9)); 23
((10.10,6.6),(8.8,9.9)); 23
((10.10,7.7),(11.11,2.2)); 100
((10.10,7.7),(11.11,3.3)); 100
((10.10,7.7),(11.11,4.4)); 100
((10.10,7.7),(11.11,5.5)); 4
((10.10,7.7),(11.11,6.6)); 4
((10.10,7.7),(11.11,9.9)); 4
((10.10,7.7),(2.2,3.3)); 100
((10.10,7.7),(2.2,4.4)); 100
((10.10,7.7),(2.2,5.5)); 4
((10.10,7.7),(2.2,6.6)); 4
((10.10,7.7),(2.2,9.9)); 4
((10.10,7.7),(3.3,4.4)); 100
((10.10,7.7),(3.3,5.5)); 4
((10.10,7.7),(3.3,6.6)); 4
((10.10,7.7),(3.3,9.9)); 4
((10.10,7.7),(4.4,5.5)); 4
((10.10,7.7),(4.4,6.6)); 4
((10.10,7.7),(4.4,9.9)); 4
((10.10,7.7),(5.5,6.6)); 97
((10.10,7.7),(5.5,9.9)); 24
((10.10,7.7),(6.6,9.9)); 23
((10.10,8.8),(11.11,2.2)); 100
((10.10,8.8),(11.11,3.3)); 100
((10.10,8.8),(11.11,4.4)); 100
((10.10,8.8),(11.11,5.5)); 4
((10.10,8.8),(11.11,6.6)); 4
((10.10,8.8),(11.11,9.9)); 4
((10.10,8.8),(2.2,3.3)); 100
((10.10,8.8),(2.2,4.4)); 100
((10.10,8.8),(2.2,5.5)); 4
((10.10,8.8),(2.2,6.6)); 4
((10.10,8.8),(2.2,9.9)); 4
((10.10,8.8),(3.3,4.4)); 100
((10.10,8.8),(3.3,5.5)); 4
((10.10,8.8),(3.3,6.6)); 4
((10.10,8.8),(3.3,9.9)); 4
((10.10,8.8),(4.4,5.5)); 4
((10.10,8.8),(4.4,6.6)); 4
((10.10,8.8),(4.4,9.9)); 4
((10.10,8.8),(5.5,6.6)); 97
((10.10,8.8),(5.5,9.9)); 24
((10.10,8.8),(6.6,9.9)); 23
((10.10,9.9),(11.11,2.2)); 100
((10.10,9.9),(11.11,3.3)); 100
((10.10,9.9),(11.11,4.4)); 100
((10.10,9.9),(11.11,5.5)); 8
((10.10,9.9),(11.11,6.6)); 8
((10.10,9.9),(11.11,7.7)); 6
((10.10,9.9),(11.11,8.8)); 6
((10.10,9.9),(2.2,3.3)); 100
((10.10,9.9),(2.2,4.4)); 100
((10.10,9.9),(2.2,5.5)); 8
((10.10,9.9),(2.2,6.6)); 8
((10.10,9.9),(2.2,7.7)); 6
((10.10,9.9),(2.2,8.8)); 6
((10.10,9.9),(3.3,4.4)); 100
((10.10,9.9),(3.3,5.5)); 8
((10.10,9.9),(3.3,6.6)); 8
((10.10,9.9),(3.3,7.7)); 6
((10.10,9.9),(3.3,8.8)); 6
((10.10,9.9),(4.4,5.5)); 8
((10.10,9.9),(4.4,6.6)); 8
((10.10,9.9),(4.4,7.7)); 6
((10.10,9.9),(4.4,8.8)); 6
((10.10,9.9),(5.5,6.6)); 97
((10.10,9.9),(5.5,7.7)); 53
((10.10,9.9),(5.5,8.8)); 53
((10.10,9.9),(6.6,7.7)); 54
((10.10,9.9),(6.6,8.8)); 54
((10.10,9.9),(7.7,8.8)); 100
((11.11,2.2),(3.3,4.4)); 8
((11.11,2.2),(5.5,6.6)); 100
((11.11,2.2),(5.5,7.7)); 100
((11.11,2.2),(5.5,8.8)); 100
((11.11,2.2),(5.5,9.9)); 100
((11.11,2.2),(6.6,7.7)); 100
((11.11,2.2),(6.6,8.8)); 100
((11.11,2.2),(6.6,9.9)); 100
((11.11,2.2),(7.7,8.8)); 100
((11.11,2.2),(7.7,9.9)); 100
((11.11,2.2),(8.8,9.9)); 100
((11.11,3.3),(2.2,4.4)); 4
((11.11,3.3),(5.5,6.6)); 100
((11.11,3.3),(5.5,7.7)); 100
((11.11,3.3),(5.5,8.8)); 100
((11.11,3.3),(5.5,9.9)); 100
((11.11,3.3),(6.6,7.7)); 100
((11.11,3.3),(6.6,8.8)); 100
((11.11,3.3),(6.6,9.9)); 100
((11.11,3.3),(7.7,8.8)); 100
((11.11,3.3),(7.7,9.9)); 100
((11.11,3.3),(8.8,9.9)); 100
((11.11,4.4),(2.2,3.3)); 88
((11.11,4.4),(5.5,6.6)); 100
((11.11,4.4),(5.5,7.7)); 100
((11.11,4.4),(5.5,8.8)); 100
((11.11,4.4),(5.5,9.9)); 100
((11.11,4.4),(6.6,7.7)); 100
((11.11,4.4),(6.6,8.8)); 100
((11.11,4.4),(6.6,9.9)); 100
((11.11,4.4),(7.7,8.8)); 100
((11.11,4.4),(7.7,9.9)); 100
((11.11,4.4),(8.8,9.9)); 100
((11.11,5.5),(2.2,3.3)); 100
((11.11,5.5),(2.2,4.4)); 100
((11.11,5.5),(3.3,4.4)); 100
((11.11,5.5),(6.6,7.7)); 2
((11.11,5.5),(6.6,8.8)); 2
((11.11,5.5),(6.6,9.9)); 1
((11.11,5.5),(7.7,8.8)); 100
((11.11,5.5),(7.7,9.9)); 23
((11.11,5.5),(8.8,9.9)); 23
((11.11,6.6),(2.2,3.3)); 100
((11.11,6.6),(2.2,4.4)); 100
((11.11,6.6),(3.3,4.4)); 100
((11.11,6.6),(5.5,7.7)); 1
((11.11,6.6),(5.5,8.8)); 1
((11.11,6.6),(5.5,9.9)); 2
((11.11,6.6),(7.7,8.8)); 100
((11.11,6.6),(7.7,9.9)); 23
((11.11,6.6),(8.8,9.9)); 23
((11.11,7.7),(2.2,3.3)); 100
((11.11,7.7),(2.2,4.4)); 100
((11.11,7.7),(3.3,4.4)); 100
((11.11,7.7),(5.5,6.6)); 97
((11.11,7.7),(5.5,9.9)); 24
((11.11,7.7),(6.6,9.9)); 23
((11.11,8.8),(2.2,3.3)); 100
((11.11,8.8),(2.2,4.4)); 100
((11.11,8.8),(3.3,4.4)); 100
((11.11,8.8),(5.5,6.6)); 97
((11.11,8.8),(5.5,9.9)); 24
((11.11,8.8),(6.6,9.9)); 23
((11.11,9.9),(2.2,3.3)); 100
((11.11,9.9),(2.2,4.4)); 100
((11.11,9.9),(3.3,4.4)); 100
((11.11,9.9),(5.5,6.6)); 97
((11.11,9.9),(5.5,7.7)); 53
((11.11,9.9),(5.5,8.8)); 53
((11.11,9.9),(6.6,7.7)); 54
((11.11,9.9),(6.6,8.8)); 54
((11.11,9.9),(7.7,8.8)); 100
((2.2,3.3),(4.4,5.5)); 88
((2.2,3.3),(4.4,6.6)); 88
((2.2,3.3),(4.4,7.7)); 88
((2.2,3.3),(4.4,8.8)); 88
((2.2,3.3),(4.4,9.9)); 88
((2.2,3.3),(5.5,6.6)); 100
((2.2,3.3),(5.5,7.7)); 100
((2.2,3.3),(5.5,8.8)); 100
((2.2,3.3),(5.5,9.9)); 100
((2.2,3.3),(6.6,7.7)); 100
((2.2,3.3),(6.6,8.8)); 100
((2.2,3.3),(6.6,9.9)); 100
((2.2,3.3),(7.7,8.8)); 100
((2.2,3.3),(7.7,9.9)); 100
((2.2,3.3),(8.8,9.9)); 100
((2.2,4.4),(3.3,5.5)); 4
((2.2,4.4),(3.3,6.6)); 4
((2.2,4.4),(3.3,7.7)); 4
((2.2,4.4),(3.3,8.8)); 4
((2.2,4.4),(3.3,9.9)); 4
((2.2,4.4),(5.5,6.6)); 100
((2.2,4.4),(5.5,7.7)); 100
((2.2,4.4),(5.5,8.8)); 100
((2.2,4.4),(5.5,9.9)); 100
((2.2,4.4),(6.6,7.7)); 100
((2.2,4.4),(6.6,8.8)); 100
((2.2,4.4),(6.6,9.9)); 100
((2.2,4.4),(7.7,8.8)); 100
((2.2,4.4),(7.7,9.9)); 100
((2.2,4.4),(8.8,9.9)); 100
((2.2,5.5),(3.3,4.4)); 8
((2.2,5.5),(6.6,7.7)); 2
((2.2,5.5),(6.6,8.8)); 2
((2.2,5.5),(6.6,9.9)); 1
((2.2,5.5),(7.7,8.8)); 100
((2.2,5.5),(7.7,9.9)); 23
((2.2,5.5),(8.8,9.9)); 23
((2.2,6.6),(3.3,4.4)); 8
((2.2,6.6),(5.5,7.7)); 1
((2.2,6.6),(5.5,8.8)); 1
((2.2,6.6),(5.5,9.9)); 2
((2.2,6.6),(7.7,8.8)); 100
((2.2,6.6),(7.7,9.9)); 23
((2.2,6.6),(8.8,9.9)); 23
((2.2,7.7),(3.3,4.4)); 8
((2.2,7.7),(5.5,6.6)); 97
((2.2,7.7),(5.5,9.9)); 24
((2.2,7.7),(6.6,9.9)); 23
((2.2,8.8),(3.3,4.4)); 8
((2.2,8.8),(5.5,6.6)); 97
((2.2,8.8),(5.5,9.9)); 24
((2.2,8.8),(6.6,9.9)); 23
((2.2,9.9),(3.3,4.4)); 8
((2.2,9.9),(5.5,6.6)); 97
((2.2,9.9),(5.5,7.7)); 53
((2.2,9.9),(5.5,8.8)); 53
((2.2,9.9),(6.6,7.7)); 54
((2.2,9.9),(6.6,8.8)); 54
((2.2,9.9),(7.7,8.8)); 100
((3.3,4.4),(5.5,6.6)); 100
((3.3,4.4),(5.5,7.7)); 100
((3.3,4.4),(5.5,8.8)); 100
((3.3,4.4),(5.5,9.9)); 100
((3.3,4.4),(6.6,7.7)); 100
((3.3,4.4),(6.6,8.8)); 100
((3.3,4.4),(6.6,9.9)); 100
((3.3,4.4),(7.7,8.8)); 100
((3.3,4.4),(7.7,9.9)); 100
((3.3,4.4),(8.8,9.9)); 100
((3.3,5.5),(6.6,7.7)); 2
((3.3,5.5),(6.6,8.8)); 2
((3.3,5.5),(6.6,9.9)); 1
((3.3,5.5),(7.7,8.8)); 100
((3.3,5.5),(7.7,9.9)); 23
((3.3,5.5),(8.8,9.9)); 23
((3.3,6.6),(5.5,7.7)); 1
((3.3,6.6),(5.5,8.8)); 1
((3.3,6.6),(5.5,9.9)); 2
((3.3,6.6),(7.7,8.8)); 100
((3.3,6.6),(7.7,9.9)); 23
((3.3,6.6),(8.8,9.9)); 23
((3.3,7.7),(5.5,6.6)); 97
((3.3,7.7),(5.5,9.9)); 24
((3.3,7.7),(6.6,9.9)); 23
((3.3,8.8),(5.5,6.6)); 97
((3.3,8.8),(5.5,9.9)); 24
((3.3,8.8),(6.6,9.9)); 23
((3.3,9.9),(5.5,6.6)); 97
((3.3,9.9),(5.5,7.7)); 53
((3.3,9.9),(5.5,8.8)); 53
((3.3,9.9),(6.6,7.7)); 54
((3.3,9.9),(6.6,8.8)); 54
((3.3,9.9),(7.7,8.8)); 100
((4.4,5.5),(6.6,7.7)); 2
((4.4,5.5),(6.6,8.8)); 2
((4.4,5.5),(6.6,9.9)); 1
((4.4,5.5),(7.7,8.8)); 100
((4.4,5.5),(7.7,9.9)); 23
((4.4,5.5),(8.8,9.9)); 23
((4.4,6.6),(5.5,7.7)); 1
((4.4,6.6),(5.5,8.8)); 1
((4.4,6.6),(5.5,9.9)); 2
((4.4,6.6),(7.7,8.8)); 100
((4.4,6.6),(7.7,9.9)); 23
((4.4,6.6),(8.8,9.9)); 23
((4.4,7.7),(5.5,6.6)); 97
((4.4,7.7),(5.5,9.9)); 24
((4.4,7.7),(6.6,9.9)); 23
((4.4,8.8),(5.5,6.6)); 97
((4.4,8.8),(5.5,9.9)); 24
((4.4,8.8),(6.6,9.9)); 23
((4.4,9.9),(5.5,6.6)); 97
((4.4,9.9),(5.5,7.7)); 53
((4.4,9.9),(5.5,8.8)); 53
((4.4,9.9),(6.6,7.7)); 54
((4.4,9.9),(6.6,8.8)); 54
((4.4,9.9),(7.7,8.8)); 100
((5.5,6.6),(7.7,8.8)); 100
((5.5,6.6),(7.7,9.9)); 97
((5.5,6.6),(8.8,9.9)); 97
((5.5,7.7),(6.6,9.9)); 1
((5.5,8.8),(6.6,9.9)); 1
((5.5,9.9),(6.6,7.7)); 2
((5.5,9.9),(6.6,8.8)); 2
((5.5,9.9),(7.7,8.8)); 100
((6.6,9.9),(7.7,8.8)); 100
