((1.1,10.10),(2.2,3.3)); 5
((1.1,10.10),(3.3,4.4)); 1
((1.1,10.10),(5.5,6.6)); 50
((1.1,10.10),(5.5,7.7)); 46
((1.1,10.10),(5.5,8.8)); 45
((1.1,10.10),(5.5,9.9)); 43
((1.1,10.10),(6.6,7.7)); 46
((1.1,10.10),(6.6,8.8)); 45
((1.1,10.10),(6.6,9.9)); 43
((1.1,10.10),(7.7,8.8)); 49
((1.1,10.10),(7.7,9.9)); 41
((1.1,10.10),(8.8,9.9)); 42
((1.1,11.11),(10.10,5.5)); 50
((1.1,11.11),(10.10,6.6)); 50
((1.1,11.11),(10.10,7.7)); 50
((1.1,11.11),(10.10,8.8)); 50
((1.1,11.11),(10.10,9.9)); 50
((1.1,11.11),(2.2,3.3)); 5
((1.1,11.11),(3.3,4.4)); 1
((1.1,11.11),(5.5,6.6)); 50
((1.1,11.11),(5.5,7.7)); 50
((1.1,11.11),(5.5,8.8)); 50
((1.1,11.11),(5.5,9.9)); 50
((1.1,11.11),(6.6,7.7)); 50
((1.1,11.11),(6.6,8.8)); 50
((1.1,11.11),(6.6,9.9)); 50
((1.1,11.11),(7.7,8.8)); 50
((1.1,11.11),(7.7,9.9)); 50
((1.1,11.11),(8.8,9.9)); 50
((1.1,2.2),(10.10,11.11)); 50
((1.1,2.2),(10.10,3.3)); 32
((1.1,2.2),(10.10,4.4)); 47
((1.1,2.2),(10.10,5.5)); 50
((1.1,2.2),(10.10,6.6)); 50
((1.1,2.2),(10.10,7.7)); 50
((1.1,2.2),(10.10,8.8)); 50
((1.1,2.2),(10.10,9.9)); 50
((1.1,2.2),(11.11,3.3)); 32
((1.1,2.2),(11.11,4.4)); 47
((1.1,2.2),(11.11,5.5)); 50
((1.1,2.2),(11.11,6.6)); 50
((1.1,2.2),(11.11,7.7)); 50
((1.1,2.2),(11.11,8.8)); 50
((1.1,2.2),(11.11,9.9)); 50
((1.1,2.2),(3.3,4.4)); 32
((1.1,2.2),(3.3,5.5)); 32
((1.1,2.2),(3.3,6.6)); 32
((1.1,2.2),(3.3,7.7)); 32
((1.1,2.2),(3.3,8.8)); 32
((1.1,2.2),(3.3,9.9)); 32
((1.1,2.2),(4.4,5.5)); 47
((1.1,2.2),(4.4,6.6)); 47
((1.1,2.2),(4.4,7.7)); 47
((1.1,2.2),(4.4,8.8)); 47
((1.1,2.2),(4.4,9.9)); 47
((1.1,2.2),(5.5,6.6)); 50
((1.1,2.2),(5.5,7.7)); 50
((1.1,2.2),(5.5,8.8)); 50
((1.1,2.2),(5.5,9.9)); 50
((1.1,2.2),(6.6,7.7)); 50
((1.1,2.2),(6.6,8.8)); 50
((1.1,2.2),(6.6,9.9)); 50
((1.1,2.2),(7.7,8.8)); 50
((1.1,2.2),(7.7,9.9)); 50
((1.1,2.2),(8.8,9.9)); 50
((1.1,3.3),(10.10,11.11)); 50
((1.1,3.3),(10.10,2.2)); 13
((1.1,3.3),(10.10,4.4)); 44
((1.1,3.3),(10.10,5.5)); 50
((1.1,3.3),(10.10,6.6)); 50
((1.1,3.3),(10.10,7.7)); 50
((1.1,3.3),(10.10,8.8)); 50
((1.1,3.3),(10.10,9.9)); 50
((1.1,3.3),(11.11,2.2)); 13
((1.1,3.3),(11.11,4.4)); 44
((1.1,3.3),(11.11,5.5)); 50
((1.1,3.3),(11.11,6.6)); 50
((1.1,3.3),(11.11,7.7)); 50
((1.1,3.3),(11.11,8.8)); 50
((1.1,3.3),(11.11,9.9)); 50
((1.1,3.3),(2.2,4.4)); 13
((1.1,3.3),(2.2,5.5)); 13
((1.1,3.3),(2.2,6.6)); 13
((1.1,3.3),(2.2,7.7)); 13
((1.1,3.3),(2.2,8.8)); 13
((1.1,3.3),(2.2,9.9)); 13
((1.1,3.3),(4.4,5.5)); 44
((1.1,3.3),(4.4,6.6)); 44
((1.1,3.3),(4.4,7.7)); 44
((1.1,3.3),(4.4,8.8)); 44
((1.1,3.3),(4.4,9.9)); 44
((1.1,3.3),(5.5,6.6)); 50
((1.1,3.3),(5.5,7.7)); 50
((1.1,3.3),(5.5,8.8)); 50
((1.1,3.3),(5.5,9.9)); 50
((1.1,3.3),(6.6,7.7)); 50
((1.1,3.3),(6.6,8.8)); 50
((1.1,3.3),(6.6,9.9)); 50
((1.1,3.3),(7.7,8.8)); 50
((1.1,3.3),(7.7,9.9)); 50
((1.1,3.3),(8.8,9.9)); 50
((1.1,4.4),(10.10,11.11)); 50
((1.1,4.4),(10.10,2.2)); 3
((1.1,4.4),(10.10,3.3)); 5
((1.1,4.4),(10.10,5.5)); 50
((1.1,4.4),(10.10,6.6)); 50
((1.1,4.4),(10.10,7.7)); 50
((1.1,4.4),(10.10,8.8)); 50
((1.1,4.4),(10.10,9.9)); 50
((1.1,4.4),(11.11,2.2)); 3
((1.1,4.4),(11.11,3.3)); 5
((1.1,4.4),(11.11,5.5)); 50
((1.1,4.4),(11.11,6.6)); 50
((1.1,4.4),(11.11,7.7)); 50
((1.1,4.4),(11.11,8.8)); 50
((1.1,4.4),(11.11,9.9)); 50
((1.1,4.4),(2.2,3.3)); 5
((1.1,4.4),(2.2,5.5)); 3
((1.1,4.4),(2.2,6.6)); 3
((1.1,4.4),(2.2,7.7)); 3
((1.1,4.4),(2.2,8.8)); 3
((1.1,4.4),(2.2,9.9)); 3
((1.1,4.4),(3.3,5.5)); 5
((1.1,4.4),(3.3,6.6)); 5
((1.1,4.4),(3.3,7.7)); 5
((1.1,4.4),(3.3,8.8)); 5
((1.1,4.4),(3.3,9.9)); 5
((1.1,4.4),(5.5,6.6)); 50
((1.1,4.4),(5.5,7.7)); 50
((1.1,4.4),(5.5,8.8)); 50
((1.1,4.4),(5.5,9.9)); 50
((1.1,4.4),(6.6,7.7)); 50
((1.1,4.4),(6.6,8.8)); 50
((1.1,4.4),(6.6,9.9)); 50
((1.1,4.4),(7.7,8.8)); 50
((1.1,4.4),(7.7,9.9)); 50
((1.1,4.4),(8.8,9.9)); 50
((1.1,5.5),(10.10,7.7)); 3
((1.1,5.5),(10.10,8.8)); 3
((1.1,5.5),(10.10,9.9)); 5
((1.1,5.5),(2.2,3.3)); 5
((1.1,5.5),(3.3,4.4)); 1
((1.1,5.5),(7.7,8.8)); 49
((1.1,5.5),(7.7,9.9)); 12
((1.1,5.5),(8.8,9.9)); 13
((1.1,6.6),(10.10,7.7)); 3
((1.1,6.6),(10.10,8.8)); 3
((1.1,6.6),(10.10,9.9)); 5
((1.1,6.6),(2.2,3.3)); 5
((1.1,6.6),(3.3,4.4)); 1
((1.1,6.6),(7.7,8.8)); 49
((1.1,6.6),(7.7,9.9)); 12
((1.1,6.6),(8.8,9.9)); 13
((1.1,7.7),(10.10,5.5)); 1
((1.1,7.7),(10.10,6.6)); 1
((1.1,7.7),(10.10,9.9)); 5
((1.1,7.7),(2.2,3.3)); 5
((1.1,7.7),(3.3,4.4)); 1
((1.1,7.7),(5.5,6.6)); 50
((1.1,7.7),(5.5,9.9)); 8
((1.1,7.7),(6.6,9.9)); 8
((1.1,7.7),(8.8,9.9)); 1
((1.1,8.8),(10.10,5.5)); 2
((1.1,8.8),(10.10,6.6)); 2
((1.1,8.8),(10.10,7.7)); 1
((1.1,8.8),(10.10,9.9)); 5
((1.1,8.8),(2.2,3.3)); 5
((1.1,8.8),(3.3,4.4)); 1
((1.1,8.8),(5.5,6.6)); 50
((1.1,8.8),(5.5,7.7)); 1
((1.1,8.8),(5.5,9.9)); 8
((1.1,8.8),(6.6,7.7)); 1
((1.1,8.8),(6.6,9.9)); 8
((1.1,9.9),(10.10,5.5)); 2
((1.1,9.9),(10.10,6.6)); 2
((1.1,9.9),(10.10,7.7)); 4
((1.1,9.9),(10.10,8.8)); 3
((1.1,9.9),(2.2,3.3)); 5
((1.1,9.9),(3.3,4.4)); 1
((1.1,9.9),(5.5,6.6)); 50
((1.1,9.9),(5.5,7.7)); 30
((1.1,9.9),(5.5,8.8)); 29
((1.1,9.9),(6.6,7.7)); 30
((1.1,9.9),(6.6,8.8)); 29
((1.1,9.9),(7.7,8.8)); 49
((10.10,11.11),(2.2,3.3)); 50
((10.10,11.11),(2.2,4.4)); 50
((10.10,11.11),(3.3,4.4)); 50
((10.10,11.11),(5.5,6.6)); 50
((10.10,11.11),(5.5,7.7)); 46
((10.10,11.11),(5.5,8.8)); 45
((10.10,11.11),(5.5,9.9)); 43
((10.10,11.11),(6.6,7.7)); 46
((10.10,11.11),(6.6,8.8)); 45
((10.10,11.11),(6.6,9.9)); 43
((10.10,11.11),(7.7,8.8)); 49
((10.10,11.11),(7.7,9.9)); 41
((10.10,11.11),(8.8,9.9)); 42
((10.10,2.2),(3.3,4.4)); 2
((10.10,2.2),(5.5,6.6)); 50
((10.10,2.2),(5.5,7.7)); 46
((10.10,2.2),(5.5,8.8)); 45
((10.10,2.2),(5.5,9.9)); 43
((10.10,2.2),(6.6,7.7)); 46
((10.10,2.2),(6.6,8.8)); 45
((10.10,2.2),(6.6,9.9)); 43
((10.10,2.2),(7.7,8.8)); 49
((10.10,2.2),(7.7,9.9)); 41
((10.10,2.2),(8.8,9.9)); 42
((10.10,3.3),(2.2,4.4)); 3
((10.10,3.3),(5.5,6.6)); 50
((10.10,3.3),(5.5,7.7)); 46
((10.10,3.3),(5.5,8.8)); 45
((10.10,3.3),(5.5,9.9)); 43
((10.10,3.3),(6.6,7.7)); 46
((10.10,3.3),(6.6,8.8)); 45
((10.10,3.3),(6.6,9.9)); 43
((10.10,3.3),(7.7,8.8)); 49
((10.10,3.3),(7.7,9.9)); 41
((10.10,3.3),(8.8,9.9)); 42
((10.10,4.4),(2.2,3.3)); 45
((10.10,4.4),(5.5,6.6)); 50
((10.10,4.4),(5.5,7.7)); 46
((10.10,4.4),(5.5,8.8)); 45
((10.10,4.4),(5.5,9.9)); 43
((10.10,4.4),(6.6,7.7)); 46
((10.10,4.4),(6.6,8.8)); 45
((10.10,4.4),(6.6,9.9)); 43
((10.10,4.4),(7.7,8.8)); 49
((10.10,4.4),(7.7,9.9)); 41
((10.10,4.4),(8.8,9.9)); 42
((10.10,5.5),(11.11,2.2)); 50
((10.10,5.5),(11.11,3.3)); 50
((10.10,5.5),(11.11,4.4)); 50
((10.10,5.5),(11.11,7.7)); 1
((10.10,5.5),(11.11,8.8)); 2
((10.10,5.5),(11.11,9.9)); 2
((10.10,5.5),(2.2,3.3)); 50
((10.10,5.5),(2.2,4.4)); 50
((10.10,5.5),(2.2,7.7)); 1
((10.10,5.5),(2.2,8.8)); 2
((10.10,5.5),(2.2,9.9)); 2
((10.10,5.5),(3.3,4.4)); 50
((10.10,5.5),(3.3,7.7)); 1
((10.10,5.5),(3.3,8.8)); 2
((10.10,5.5),(3.3,9.9)); 2
((10.10,5.5),(4.4,7.7)); 1
((10.10,5.5),(4.4,8.8)); 2
((10.10,5.5),(4.4,9.9)); 2
((10.10,5.5),(7.7,8.8)); 49
((10.10,5.5),(7.7,9.9)); 12
((10.10,5.5),(8.8,9.9)); 13
((10.10,6.6),(11.11,2.2)); 50
((10.10,6.6),(11.11,3.3)); 50
((10.10,6.6),(11.11,4.4)); 50
((10.10,6.6),(11.11,7.7)); 1
((10.10,6.6),(11.11,8.8)); 2
((10.10,6.6),(11.11,9.9)); 2
((10.10,6.6),(2.2,3.3)); 50
((10.10,6.6),(2.2,4.4)); 50
((10.10,6.6),(2.2,7.7)); 1
((10.10,6.6),(2.2,8.8)); 2
((10.10,6.6),(2.2,9.9)); 2
((10.10,6.6),(3.3,4.4)); 50
((10.10,6.6),(3.3,7.7)); 1
((10.10,6.6),(3.3,8.8)); 2
((10.10,6.6),(3.3,9.9)); 2
((10.10,6.6),(4.4,7.7)); 1
((10.10,6.6),(4.4,8.8)); 2
((10.10,6.6),(4.4,9.9)); 2
((10.10,6.6),(7.7,8.8)); 49
((10.10,6.6),(7.7,9.9)); 12
((10.10,6.6),(8.8,9.9)); 13
((10.10,7.7),(11.11,2.2)); 50
((10.10,7.7),(11.11,3.3)); 50
((10.10,7.7),(11.11,4.4)); 50
((10.10,7.7),(11.11,5.5)); 3
((10.10,7.7),(11.11,6.6)); 3
((10.10,7.7),(11.11,8.8)); 1
((10.10,7.7),(11.11,9.9)); 4
((10.10,7.7),(2.2,3.3)); 50
((10.10,7.7),(2.2,4.4)); 50
((10.10,7.7),(2.2,5.5)); 3
((10.10,7.7),(2.2,6.6)); 3
((10.10,7.7),(2.2,8.8)); 1
((10.10,7.7),(2.2,9.9)); 4
((10.10,7.7),(3.3,4.4)); 50
((10.10,7.7),(3.3,5.5)); 3
((10.10,7.7),(3.3,6.6)); 3
((10.10,7.7),(3.3,8.8)); 1
((10.10,7.7),(3.3,9.9)); 4
((10.10,7.7),(4.4,5.5)); 3
((10.10,7.7),(4.4,6.6)); 3
((10.10,7.7),(4.4,8.8)); 1
((10.10,7.7),(4.4,9.9)); 4
((10.10,7.7),(5.5,6.6)); 50
((10.10,7.7),(5.5,9.9)); 8
((10.10,7.7),(6.6,9.9)); 8
((10.10,7.7),(8.8,9.9)); 1
((10.10,8.8),(11.11,2.2)); 50
((10.10,8.8),(11.11,3.3)); 50
((10.10,8.8),(11.11,4.4)); 50
((10.10,8.8),(11.11,5.5)); 3
((10.10,8.8),(11.11,6.6)); 3
((10.10,8.8),(11.11,9.9)); 3
((10.10,8.8),(2.2,3.3)); 50
((10.10,8.8),(2.2,4.4)); 50
((10.10,8.8),(2.2,5.5)); 3
((10.10,8.8),(2.2,6.6)); 3
((10.10,8.8),(2.2,9.9)); 3
((10.10,8.8),(3.3,4.4)); 50
((10.10,8.8),(3.3,5.5)); 3
((10.10,8.8),(3.3,6.6)); 3
((10.10,8.8),(3.3,9.9)); 3
((10.10,8.8),(4.4,5.5)); 3
((10.10,8.8),(4.4,6.6)); 3
((10.10,8.8),(4.4,9.9)); 3
((10.10,8.8),(5.5,6.6)); 50
((10.10,8.8),(5.5,7.7)); 1
((10.10,8.8),(5.5,9.9)); 8
((10.10,8.8),(6.6,7.7)); 1
((10.10,8.8),(6.6,9.9)); 8
((10.10,9.9),(11.11,2.2)); 50
((10.10,9.9),(11.11,3.3)); 50
((10.10,9.9),(11.11,4.4)); 50
((10.10,9.9),(11.11,5.5)); 5
((10.10,9.9),(11.11,6.6)); 5
((10.10,9.9),(11.11,7.7)); 5
((10.10,9.9),(11.11,8.8)); 5
((10.10,9.9),(2.2,3.3)); 50
((10.10,9.9),(2.2,4.4)); 50
((10.10,9.9),(2.2,5.5)); 5
((10.10,9.9),(2.2,6.6)); 5
((10.10,9.9),(2.2,7.7)); 5
((10.10,9.9),(2.2,8.8)); 5
((10.10,9.9),(3.3,4.4)); 50
((10.10,9.9),(3.3,5.5)); 5
((10.10,9.9),(3.3,6.6)); 5
((10.10,9.9),(3.3,7.7)); 5
((10.10,9.9),(3.3,8.8)); 5
((10.10,9.9),(4.4,5.5)); 5
((10.10,9.9),(4.4,6.6)); 5
((10.10,9.9),(4.4,7.7)); 5
((10.10,9.9),(4.4,8.8)); 5
((10.10,9.9),(5.5,6.6)); 50
((10.10,9.9),(5.5,7.7)); 30
((10.10,9.9),(5.5,8.8)); 29
((10.10,9.9),(6.6,7.7)); 30
((10.10,9.9),(6.6,8.8)); 29
((10.10,9.9),(7.7,8.8)); 49
((11.11,2.2),(3.3,4.4)); 2
((11.11,2.2),(5.5,6.6)); 50
((11.11,2.2),(5.5,7.7)); 50
((11.11,2.2),(5.5,8.8)); 50
((11.11,2.2),(5.5,9.9)); 50
((11.11,2.2),(6.6,7.7)); 50
((11.11,2.2),(6.6,8.8)); 50
((11.11,2.2),(6.6,9.9)); 50
((11.11,2.2),(7.7,8.8)); 50
((11.11,2.2),(7.7,9.9)); 50
((11.11,2.2),(8.8,9.9)); 50
((11.11,3.3),(2.2,4.4)); 3
((11.11,3.3),(5.5,6.6)); 50
((11.11,3.3),(5.5,7.7)); 50
((11.11,3.3),(5.5,8.8)); 50
((11.11,3.3),(5.5,9.9)); 50
((11.11,3.3),(6.6,7.7)); 50
((11.11,3.3),(6.6,8.8)); 50
((11.11,3.3),(6.6,9.9)); 50
((11.11,3.3),(7.7,8.8)); 50
((11.11,3.3),(7.7,9.9)); 50
((11.11,3.3),(8.8,9.9)); 50
((11.11,4.4),(2.2,3.3)); 45
((11.11,4.4),(5.5,6.6)); 50
((11.11,4.4),(5.5,7.7)); 50
((11.11,4.4),(5.5,8.8)); 50
((11.11,4.4),(5.5,9.9)); 50
((11.11,4.4),(6.6,7.7)); 50
((11.11,4.4),(6.6,8.8)); 50
((11.11,4.4),(6.6,9.9)); 50
((11.11,4.4),(7.7,8.8)); 50
((11.11,4.4),(7.7,9.9)); 50
((11.11,4.4),(8.8,9.9)); 50
((11.11,5.5),(2.2,3.3)); 50
((11.11,5.5),(2.2,4.4)); 50
((11.11,5.5),(3.3,4.4)); 50
((11.11,5.5),(7.7,8.8)); 49
((11.11,5.5),(7.7,9.9)); 12
((11.11,5.5),(8.8,9.9)); 13
((11.11,6.6),(2.2,3.3)); 50
((11.11,6.6),(2.2,4.4)); 50
((11.11,6.6),(3.3,4.4)); 50
((11.11,6.6),(7.7,8.8)); 49
((11.11,6.6),(7.7,9.9)); 12
((11.11,6.6),(8.8,9.9)); 13
((11.11,7.7),(2.2,3.3)); 50
((11.11,7.7),(2.2,4.4)); 50
((11.11,7.7),(3.3,4.4)); 50
((11.11,7.7),(5.5,6.6)); 50
((11.11,7.7),(5.5,9.9)); 8
((11.11,7.7),(6.6,9.9)); 8
((11.11,7.7),(8.8,9.9)); 1
((11.11,8.8),(2.2,3.3)); 50
((11.11,8.8),(2.2,4.4)); 50
((11.11,8.8),(3.3,4.4)); 50
((11.11,8.8),(5.5,6.6)); 50
((11.11,8.8),(5.5,7.7)); 1
((11.11,8.8),(5.5,9.9)); 8
((11.11,8.8),(6.6,7.7)); 1
((11.11,8.8),(6.6,9.9)); 8
((11.11,9.9),(2.2,3.3)); 50
((11.11,9.9),(2.2,4.4)); 50
((11.11,9.9),(3.3,4.4)); 50
((11.11,9.9),(5.5,6.6)); 50
((11.11,9.9),(5.5,7.7)); 30
((11.11,9.9),(5.5,8.8)); 29
((11.11,9.9),(6.6,7.7)); 30
((11.11,9.9),(6.6,8.8)); 29
((11.11,9.9),(7.7,8.8)); 49
((2.2,3.3),(4.4,5.5)); 45
((2.2,3.3),(4.4,6.6)); 45
((2.2,3.3),(4.4,7.7)); 45
((2.2,3.3),(4.4,8.8)); 45
((2.2,3.3),(4.4,9.9)); 45
((2.2,3.3),(5.5,6.6)); 50
((2.2,3.3),(5.5,7.7)); 50
((2.2,3.3),(5.5,8.8)); 50
((2.2,3.3),(5.5,9.9)); 50
((2.2,3.3),(6.6,7.7)); 50
((2.2,3.3),(6.6,8.8)); 50
((2.2,3.3),(6.6,9.9)); 50
((2.2,3.3),(7.7,8.8)); 50
((2.2,3.3),(7.7,9.9)); 50
((2.2,3.3),(8.8,9.9)); 50
((2.2,4.4),(3.3,5.5)); 3
((2.2,4.4),(3.3,6.6)); 3
((2.2,4.4),(3.3,7.7)); 3
((2.2,4.4),(3.3,8.8)); 3
((2.2,4.4),(3.3,9.9)); 3
((2.2,4.4),(5.5,6.6)); 50
((2.2,4.4),(5.5,7.7)); 50
((2.2,4.4),(5.5,8.8)); 50
((2.2,4.4),(5.5,9.9)); 50
((2.2,4.4),(6.6,7.7)); 50
((2.2,4.4),(6.6,8.8)); 50
((2.2,4.4),(6.6,9.9)); 50
((2.2,4.4),(7.7,8.8)); 50
((2.2,4.4),(7.7,9.9)); 50
((2.2,4.4),(8.8,9.9)); 50
((2.2,5.5),(3.3,4.4)); 2
((2.2,5.5),(7.7,8.8)); 49
((2.2,5.5),(7.7,9.9)); 12
((2.2,5.5),(8.8,9.9)); 13
((2.2,6.6),(3.3,4.4)); 2
((2.2,6.6),(7.7,8.8)); 49
((2.2,6.6),(7.7,9.9)); 12
((2.2,6.6),(8.8,9.9)); 13
((2.2,7.7),(3.3,4.4)); 2
((2.2,7.7),(5.5,6.6)); 50
((2.2,7.7),(5.5,9.9)); 8
((2.2,7.7),(6.6,9.9)); 8
((2.2,7.7),(8.8,9.9)); 1
((2.2,8.8),(3.3,4.4)); 2
((2.2,8.8),(5.5,6.6)); 50
((2.2,8.8),(5.5,7.7)); 1
((2.2,8.8),(5.5,9.9)); 8
((2.2,8.8),(6.6,7.7)); 1
((2.2,8.8),(6.6,9.9)); 8
((2.2,9.9),(3.3,4.4)); 2
((2.2,9.9),(5.5,6.6)); 50
((2.2,9.9),(5.5,7.7)); 30
((2.2,9.9),(5.5,8.8)); 29
((2.2,9.9),(6.6,7.7)); 30
((2.2,9.9),(6.6,8.8)); 29
((2.2,9.9),(7.7,8.8)); 49
((3.3,4.4),(5.5,6.6)); 50
((3.3,4.4),(5.5,7.7)); 50
((3.3,4.4),(5.5,8.8)); 50
((3.3,4.4),(5.5,9.9)); 50
((3.3,4.4),(6.6,7.7)); 50
((3.3,4.4),(6.6,8.8)); 50
((3.3,4.4),(6.6,9.9)); 50
((3.3,4.4),(7.7,8.8)); 50
((3.3,4.4),(7.7,9.9)); 50
((3.3,4.4),(8.8,9.9)); 50
((3.3,5.5),(7.7,8.8)); 49
((3.3,5.5),(7.7,9.9)); 12
((3.3,5.5),(8.8,9.9)); 13
((3.3,6.6),(7.7,8.8)); 49
((3.3,6.6),(7.7,9.9)); 12
((3.3,6.6),(8.8,9.9)); 13
((3.3,7.7),(5.5,6.6)); 50
((3.3,7.7),(5.5,9.9)); 8
((3.3,7.7),(6.6,9.9)); 8
((3.3,7.7),(8.8,9.9)); 1
((3.3,8.8),(5.5,6.6)); 50
((3.3,8.8),(5.5,7.7)); 1
((3.3,8.8),(5.5,9.9)); 8
((3.3,8.8),(6.6,7.7)); 1
((3.3,8.8),(6.6,9.9)); 8
((3.3,9.9),(5.5,6.6)); 50
((3.3,9.9),(5.5,7.7)); 30
((3.3,9.9),(5.5,8.8)); 29
((3.3,9.9),(6.6,7.7)); 30
((3.3,9.9),(6.6,8.8)); 29
((3.3,9.9),(7.7,8.8)); 49
((4.4,5.5),(7.7,8.8)); 49
((4.4,5.5),(7.7,9.9)); 12
((4.4,5.5),(8.8,9.9)); 13
((4.4,6.6),(7.7,8.8)); 49
((4.4,6.6),(7.7,9.9)); 12
((4.4,6.6),(8.8,9.9)); 13
((4.4,7.7),(5.5,6.6)); 50
((4.4,7.7),(5.5,9.9)); 8
((4.4,7.7),(6.6,9.9)); 8
((4.4,7.7),(8.8,9.9)); 1
((4.4,8.8),(5.5,6.6)); 50
((4.4,8.8),(5.5,7.7)); 1
((4.4,8.8),(5.5,9.9)); 8
((4.4,8.8),(6.6,7.7)); 1
((4.4,8.8),(6.6,9.9)); 8
((4.4,9.9),(5.5,6.6)); 50
((4.4,9.9),(5.5,7.7)); 30
((4.4,9.9),(5.5,8.8)); 29
((4.4,9.9),(6.6,7.7)); 30
((4.4,9.9),(6.6,8.8)); 29
((4.4,9.9),(7.7,8.8)); 49
((5.5,6.6),(7.7,8.8)); 50
((5.5,6.6),(7.7,9.9)); 50
((5.5,6.6),(8.8,9.9)); 50
((5.5,7.7),(8.8,9.9)); 1
((5.5,9.9),(7.7,8.8)); 49
((6.6,7.7),(8.8,9.9)); 1
((6.6,9.9),(7.7,8.8)); 49
