((1,10),(11,2)); 1
((1,10),(11,3)); 2
((1,10),(11,4)); 1
((1,10),(11,5)); 2
((1,10),(11,6)); 2
((1,10),(11,7)); 2
((1,10),(11,8)); 2
((1,10),(11,9)); 1
((1,10),(2,3)); 25
((1,10),(2,4)); 23
((1,10),(3,4)); 26
((1,10),(5,6)); 83
((1,10),(5,7)); 56
((1,10),(5,8)); 56
((1,10),(5,9)); 50
((1,10),(6,7)); 57
((1,10),(6,8)); 58
((1,10),(6,9)); 52
((1,10),(7,8)); 90
((1,10),(7,9)); 52
((1,10),(8,9)); 53
((1,11),(10,2)); 2
((1,11),(10,3)); 1
((1,11),(10,4)); 2
((1,11),(10,5)); 96
((1,11),(10,6)); 97
((1,11),(10,7)); 96
((1,11),(10,8)); 96
((1,11),(10,9)); 98
((1,11),(2,3)); 25
((1,11),(2,4)); 23
((1,11),(2,5)); 2
((1,11),(2,6)); 2
((1,11),(2,7)); 2
((1,11),(2,8)); 2
((1,11),(2,9)); 2
((1,11),(3,4)); 26
((1,11),(3,5)); 1
((1,11),(3,6)); 1
((1,11),(3,7)); 1
((1,11),(3,8)); 1
((1,11),(3,9)); 1
((1,11),(4,5)); 2
((1,11),(4,6)); 2
((1,11),(4,7)); 2
((1,11),(4,8)); 2
((1,11),(4,9)); 2
((1,11),(5,6)); 97
((1,11),(5,7)); 96
((1,11),(5,8)); 96
((1,11),(5,9)); 96
((1,11),(6,7)); 96
((1,11),(6,8)); 96
((1,11),(6,9)); 97
((1,11),(7,8)); 100
((1,11),(7,9)); 97
((1,11),(8,9)); 97
((1,2),(10,11)); 97
((1,2),(10,3)); 31
((1,2),(10,4)); 49
((1,2),(10,5)); 99
((1,2),(10,6)); 100
((1,2),(10,7)); 100
((1,2),(10,8)); 100
((1,2),(10,9)); 100
((1,2),(11,3)); 31
((1,2),(11,4)); 49
((1,2),(11,5)); 96
((1,2),(11,6)); 97
((1,2),(11,7)); 97
((1,2),(11,8)); 97
((1,2),(11,9)); 97
((1,2),(3,4)); 32
((1,2),(3,5)); 31
((1,2),(3,6)); 31
((1,2),(3,7)); 31
((1,2),(3,8)); 31
((1,2),(3,9)); 31
((1,2),(4,5)); 49
((1,2),(4,6)); 49
((1,2),(4,7)); 49
((1,2),(4,8)); 49
((1,2),(4,9)); 49
((1,2),(5,6)); 99
((1,2),(5,7)); 99
((1,2),(5,8)); 99
((1,2),(5,9)); 99
((1,2),(6,7)); 100
((1,2),(6,8)); 100
((1,2),(6,9)); 100
((1,2),(7,8)); 100
((1,2),(7,9)); 100
((1,2),(8,9)); 100
((1,3),(10,11)); 97
((1,3),(10,2)); 44
((1,3),(10,4)); 55
((1,3),(10,5)); 100
((1,3),(10,6)); 100
((1,3),(10,7)); 100
((1,3),(10,8)); 100
((1,3),(10,9)); 100
((1,3),(11,2)); 44
((1,3),(11,4)); 54
((1,3),(11,5)); 97
((1,3),(11,6)); 97
((1,3),(11,7)); 97
((1,3),(11,8)); 97
((1,3),(11,9)); 97
((1,3),(2,4)); 43
((1,3),(2,5)); 44
((1,3),(2,6)); 44
((1,3),(2,7)); 44
((1,3),(2,8)); 44
((1,3),(2,9)); 44
((1,3),(4,5)); 55
((1,3),(4,6)); 55
((1,3),(4,7)); 55
((1,3),(4,8)); 55
((1,3),(4,9)); 55
((1,3),(5,6)); 100
((1,3),(5,7)); 100
((1,3),(5,8)); 100
((1,3),(5,9)); 100
((1,3),(6,7)); 100
((1,3),(6,8)); 100
((1,3),(6,9)); 100
((1,3),(7,8)); 100
((1,3),(7,9)); 100
((1,3),(8,9)); 100
((1,4),(10,11)); 97
((1,4),(10,2)); 28
((1,4),(10,3)); 19
((1,4),(10,5)); 99
((1,4),(10,6)); 100
((1,4),(10,7)); 100
((1,4),(10,8)); 100
((1,4),(10,9)); 100
((1,4),(11,2)); 28
((1,4),(11,3)); 20
((1,4),(11,5)); 96
((1,4),(11,6)); 97
((1,4),(11,7)); 97
((1,4),(11,8)); 97
((1,4),(11,9)); 97
((1,4),(2,3)); 25
((1,4),(2,5)); 27
((1,4),(2,6)); 28
((1,4),(2,7)); 28
((1,4),(2,8)); 28
((1,4),(2,9)); 28
((1,4),(3,5)); 19
((1,4),(3,6)); 19
((1,4),(3,7)); 19
((1,4),(3,8)); 19
((1,4),(3,9)); 19
((1,4),(5,6)); 99
((1,4),(5,7)); 99
((1,4),(5,8)); 99
((1,4),(5,9)); 99
((1,4),(6,7)); 100
((1,4),(6,8)); 100
((1,4),(6,9)); 100
((1,4),(7,8)); 100
((1,4),(7,9)); 100
((1,4),(8,9)); 100
((1,5),(10,11)); 2
((1,5),(10,2)); 1
((1,5),(10,4)); 1
((1,5),(10,6)); 6
((1,5),(10,7)); 25
((1,5),(10,8)); 25
((1,5),(10,9)); 22
((1,5),(11,2)); 2
((1,5),(11,3)); 2
((1,5),(11,4)); 2
((1,5),(11,6)); 1
((1,5),(11,7)); 2
((1,5),(11,8)); 2
((1,5),(11,9)); 2
((1,5),(2,3)); 25
((1,5),(2,4)); 24
((1,5),(2,6)); 1
((1,5),(2,7)); 1
((1,5),(2,8)); 1
((1,5),(2,9)); 1
((1,5),(3,4)); 26
((1,5),(4,6)); 1
((1,5),(4,7)); 1
((1,5),(4,8)); 1
((1,5),(4,9)); 1
((1,5),(6,7)); 10
((1,5),(6,8)); 9
((1,5),(6,9)); 10
((1,5),(7,8)); 70
((1,5),(7,9)); 29
((1,5),(8,9)); 25
((1,6),(10,11)); 1
((1,6),(10,5)); 11
((1,6),(10,7)); 25
((1,6),(10,8)); 25
((1,6),(10,9)); 22
((1,6),(11,2)); 1
((1,6),(11,3)); 2
((1,6),(11,4)); 1
((1,6),(11,5)); 2
((1,6),(11,7)); 2
((1,6),(11,8)); 2
((1,6),(11,9)); 1
((1,6),(2,3)); 25
((1,6),(2,4)); 23
((1,6),(3,4)); 26
((1,6),(5,7)); 14
((1,6),(5,8)); 16
((1,6),(5,9)); 16
((1,6),(7,8)); 72
((1,6),(7,9)); 30
((1,6),(8,9)); 29
((1,7),(10,11)); 2
((1,7),(10,5)); 19
((1,7),(10,6)); 18
((1,7),(10,8)); 5
((1,7),(10,9)); 22
((1,7),(11,2)); 1
((1,7),(11,3)); 2
((1,7),(11,4)); 1
((1,7),(11,5)); 2
((1,7),(11,6)); 2
((1,7),(11,9)); 1
((1,7),(2,3)); 25
((1,7),(2,4)); 23
((1,7),(3,4)); 26
((1,7),(5,6)); 76
((1,7),(5,8)); 17
((1,7),(5,9)); 29
((1,7),(6,8)); 17
((1,7),(6,9)); 26
((1,7),(8,9)); 8
((1,8),(10,11)); 2
((1,8),(10,5)); 19
((1,8),(10,6)); 17
((1,8),(10,7)); 5
((1,8),(10,9)); 22
((1,8),(11,2)); 1
((1,8),(11,3)); 2
((1,8),(11,4)); 1
((1,8),(11,5)); 2
((1,8),(11,6)); 2
((1,8),(11,9)); 1
((1,8),(2,3)); 25
((1,8),(2,4)); 23
((1,8),(3,4)); 26
((1,8),(5,6)); 75
((1,8),(5,7)); 13
((1,8),(5,9)); 28
((1,8),(6,7)); 11
((1,8),(6,9)); 25
((1,8),(7,9)); 17
((1,9),(10,11)); 1
((1,9),(10,5)); 28
((1,9),(10,6)); 26
((1,9),(10,7)); 26
((1,9),(10,8)); 25
((1,9),(11,2)); 1
((1,9),(11,3)); 2
((1,9),(11,4)); 1
((1,9),(11,5)); 2
((1,9),(11,6)); 2
((1,9),(11,7)); 2
((1,9),(11,8)); 2
((1,9),(2,3)); 25
((1,9),(2,4)); 23
((1,9),(3,4)); 26
((1,9),(5,6)); 74
((1,9),(5,7)); 42
((1,9),(5,8)); 47
((1,9),(6,7)); 44
((1,9),(6,8)); 46
((1,9),(7,8)); 75
((10,11),(2,3)); 97
((10,11),(2,4)); 98
((10,11),(2,5)); 2
((10,11),(2,6)); 1
((10,11),(2,7)); 2
((10,11),(2,8)); 2
((10,11),(2,9)); 1
((10,11),(3,4)); 97
((10,11),(3,5)); 2
((10,11),(3,6)); 1
((10,11),(3,7)); 2
((10,11),(3,8)); 2
((10,11),(3,9)); 1
((10,11),(4,5)); 2
((10,11),(4,6)); 1
((10,11),(4,7)); 2
((10,11),(4,8)); 2
((10,11),(4,9)); 1
((10,11),(5,6)); 82
((10,11),(5,7)); 56
((10,11),(5,8)); 56
((10,11),(5,9)); 50
((10,11),(6,7)); 56
((10,11),(6,8)); 57
((10,11),(6,9)); 52
((10,11),(7,8)); 90
((10,11),(7,9)); 53
((10,11),(8,9)); 54
((10,2),(11,3)); 1
((10,2),(11,4)); 1
((10,2),(11,5)); 2
((10,2),(11,6)); 2
((10,2),(11,7)); 2
((10,2),(11,8)); 2
((10,2),(11,9)); 1
((10,2),(3,4)); 31
((10,2),(3,5)); 1
((10,2),(4,5)); 1
((10,2),(5,6)); 83
((10,2),(5,7)); 56
((10,2),(5,8)); 56
((10,2),(5,9)); 50
((10,2),(6,7)); 57
((10,2),(6,8)); 58
((10,2),(6,9)); 52
((10,2),(7,8)); 90
((10,2),(7,9)); 52
((10,2),(8,9)); 53
((10,3),(11,2)); 2
((10,3),(11,4)); 1
((10,3),(11,5)); 2
((10,3),(11,6)); 2
((10,3),(11,7)); 2
((10,3),(11,8)); 2
((10,3),(11,9)); 1
((10,3),(2,4)); 20
((10,3),(5,6)); 83
((10,3),(5,7)); 56
((10,3),(5,8)); 56
((10,3),(5,9)); 50
((10,3),(6,7)); 57
((10,3),(6,8)); 58
((10,3),(6,9)); 52
((10,3),(7,8)); 90
((10,3),(7,9)); 52
((10,3),(8,9)); 53
((10,4),(11,2)); 1
((10,4),(11,3)); 2
((10,4),(11,5)); 2
((10,4),(11,6)); 2
((10,4),(11,7)); 2
((10,4),(11,8)); 2
((10,4),(11,9)); 1
((10,4),(2,3)); 49
((10,4),(3,5)); 1
((10,4),(5,6)); 83
((10,4),(5,7)); 56
((10,4),(5,8)); 56
((10,4),(5,9)); 50
((10,4),(6,7)); 57
((10,4),(6,8)); 58
((10,4),(6,9)); 52
((10,4),(7,8)); 90
((10,4),(7,9)); 52
((10,4),(8,9)); 53
((10,5),(11,2)); 96
((10,5),(11,3)); 96
((10,5),(11,4)); 96
((10,5),(11,6)); 12
((10,5),(11,7)); 19
((10,5),(11,8)); 19
((10,5),(11,9)); 28
((10,5),(2,3)); 99
((10,5),(2,4)); 99
((10,5),(2,6)); 11
((10,5),(2,7)); 19
((10,5),(2,8)); 19
((10,5),(2,9)); 28
((10,5),(3,4)); 99
((10,5),(3,6)); 11
((10,5),(3,7)); 19
((10,5),(3,8)); 19
((10,5),(3,9)); 28
((10,5),(4,6)); 11
((10,5),(4,7)); 19
((10,5),(4,8)); 19
((10,5),(4,9)); 28
((10,5),(6,7)); 15
((10,5),(6,8)); 14
((10,5),(6,9)); 9
((10,5),(7,8)); 69
((10,5),(7,9)); 31
((10,5),(8,9)); 25
((10,6),(11,2)); 97
((10,6),(11,3)); 97
((10,6),(11,4)); 97
((10,6),(11,5)); 6
((10,6),(11,7)); 19
((10,6),(11,8)); 18
((10,6),(11,9)); 26
((10,6),(2,3)); 100
((10,6),(2,4)); 100
((10,6),(2,5)); 6
((10,6),(2,7)); 18
((10,6),(2,8)); 17
((10,6),(2,9)); 26
((10,6),(3,4)); 100
((10,6),(3,5)); 6
((10,6),(3,7)); 18
((10,6),(3,8)); 17
((10,6),(3,9)); 26
((10,6),(4,5)); 6
((10,6),(4,7)); 18
((10,6),(4,8)); 17
((10,6),(4,9)); 26
((10,6),(5,7)); 12
((10,6),(5,8)); 15
((10,6),(5,9)); 12
((10,6),(7,8)); 71
((10,6),(7,9)); 30
((10,6),(8,9)); 26
((10,7),(11,2)); 96
((10,7),(11,3)); 96
((10,7),(11,4)); 96
((10,7),(11,5)); 25
((10,7),(11,6)); 25
((10,7),(11,8)); 5
((10,7),(11,9)); 25
((10,7),(2,3)); 100
((10,7),(2,4)); 100
((10,7),(2,5)); 25
((10,7),(2,6)); 25
((10,7),(2,8)); 5
((10,7),(2,9)); 26
((10,7),(3,4)); 100
((10,7),(3,5)); 25
((10,7),(3,6)); 25
((10,7),(3,8)); 5
((10,7),(3,9)); 26
((10,7),(4,5)); 25
((10,7),(4,6)); 25
((10,7),(4,8)); 5
((10,7),(4,9)); 26
((10,7),(5,6)); 73
((10,7),(5,8)); 19
((10,7),(5,9)); 30
((10,7),(6,8)); 18
((10,7),(6,9)); 30
((10,7),(8,9)); 10
((10,8),(11,2)); 96
((10,8),(11,3)); 96
((10,8),(11,4)); 96
((10,8),(11,5)); 25
((10,8),(11,6)); 25
((10,8),(11,7)); 5
((10,8),(11,9)); 24
((10,8),(2,3)); 100
((10,8),(2,4)); 100
((10,8),(2,5)); 25
((10,8),(2,6)); 25
((10,8),(2,7)); 5
((10,8),(2,9)); 25
((10,8),(3,4)); 100
((10,8),(3,5)); 25
((10,8),(3,6)); 25
((10,8),(3,7)); 5
((10,8),(3,9)); 25
((10,8),(4,5)); 25
((10,8),(4,6)); 25
((10,8),(4,7)); 5
((10,8),(4,9)); 25
((10,8),(5,6)); 71
((10,8),(5,7)); 12
((10,8),(5,9)); 31
((10,8),(6,7)); 11
((10,8),(6,9)); 31
((10,8),(7,9)); 17
((10,9),(11,2)); 98
((10,9),(11,3)); 98
((10,9),(11,4)); 98
((10,9),(11,5)); 22
((10,9),(11,6)); 22
((10,9),(11,7)); 22
((10,9),(11,8)); 22
((10,9),(2,3)); 100
((10,9),(2,4)); 100
((10,9),(2,5)); 22
((10,9),(2,6)); 22
((10,9),(2,7)); 22
((10,9),(2,8)); 22
((10,9),(3,4)); 100
((10,9),(3,5)); 22
((10,9),(3,6)); 22
((10,9),(3,7)); 22
((10,9),(3,8)); 22
((10,9),(4,5)); 22
((10,9),(4,6)); 22
((10,9),(4,7)); 22
((10,9),(4,8)); 22
((10,9),(5,6)); 79
((10,9),(5,7)); 39
((10,9),(5,8)); 44
((10,9),(6,7)); 40
((10,9),(6,8)); 43
((10,9),(7,8)); 73
((11,2),(3,4)); 31
((11,2),(3,5)); 3
((11,2),(3,6)); 2
((11,2),(3,7)); 2
((11,2),(3,8)); 2
((11,2),(3,9)); 2
((11,2),(4,5)); 2
((11,2),(4,6)); 1
((11,2),(4,7)); 1
((11,2),(4,8)); 1
((11,2),(4,9)); 1
((11,2),(5,6)); 97
((11,2),(5,7)); 96
((11,2),(5,8)); 96
((11,2),(5,9)); 96
((11,2),(6,7)); 96
((11,2),(6,8)); 96
((11,2),(6,9)); 97
((11,2),(7,8)); 100
((11,2),(7,9)); 97
((11,2),(8,9)); 97
((11,3),(2,4)); 21
((11,3),(2,5)); 1
((11,3),(2,6)); 1
((11,3),(2,7)); 1
((11,3),(2,8)); 1
((11,3),(2,9)); 1
((11,3),(4,5)); 2
((11,3),(4,6)); 2
((11,3),(4,7)); 2
((11,3),(4,8)); 2
((11,3),(4,9)); 2
((11,3),(5,6)); 97
((11,3),(5,7)); 96
((11,3),(5,8)); 96
((11,3),(5,9)); 96
((11,3),(6,7)); 96
((11,3),(6,8)); 96
((11,3),(6,9)); 97
((11,3),(7,8)); 100
((11,3),(7,9)); 97
((11,3),(8,9)); 97
((11,4),(2,3)); 48
((11,4),(2,5)); 1
((11,4),(2,6)); 1
((11,4),(2,7)); 1
((11,4),(2,8)); 1
((11,4),(2,9)); 1
((11,4),(3,5)); 2
((11,4),(3,6)); 1
((11,4),(3,7)); 1
((11,4),(3,8)); 1
((11,4),(3,9)); 1
((11,4),(5,6)); 97
((11,4),(5,7)); 96
((11,4),(5,8)); 96
((11,4),(5,9)); 96
((11,4),(6,7)); 96
((11,4),(6,8)); 96
((11,4),(6,9)); 97
((11,4),(7,8)); 100
((11,4),(7,9)); 97
((11,4),(8,9)); 97
((11,5),(2,3)); 96
((11,5),(2,4)); 97
((11,5),(2,6)); 2
((11,5),(2,7)); 2
((11,5),(2,8)); 2
((11,5),(2,9)); 2
((11,5),(3,4)); 96
((11,5),(3,6)); 2
((11,5),(3,7)); 2
((11,5),(3,8)); 2
((11,5),(3,9)); 2
((11,5),(4,6)); 2
((11,5),(4,7)); 2
((11,5),(4,8)); 2
((11,5),(4,9)); 2
((11,5),(6,7)); 11
((11,5),(6,8)); 10
((11,5),(6,9)); 10
((11,5),(7,8)); 70
((11,5),(7,9)); 28
((11,5),(8,9)); 24
((11,6),(2,3)); 97
((11,6),(2,4)); 98
((11,6),(2,5)); 1
((11,6),(2,7)); 2
((11,6),(2,8)); 2
((11,6),(2,9)); 2
((11,6),(3,4)); 97
((11,6),(3,5)); 1
((11,6),(3,7)); 2
((11,6),(3,8)); 2
((11,6),(3,9)); 2
((11,6),(4,5)); 1
((11,6),(4,7)); 2
((11,6),(4,8)); 2
((11,6),(4,9)); 2
((11,6),(5,7)); 14
((11,6),(5,8)); 16
((11,6),(5,9)); 17
((11,6),(7,8)); 72
((11,6),(7,9)); 29
((11,6),(8,9)); 28
((11,7),(2,3)); 97
((11,7),(2,4)); 98
((11,7),(2,5)); 2
((11,7),(2,6)); 2
((11,7),(2,9)); 2
((11,7),(3,4)); 97
((11,7),(3,5)); 2
((11,7),(3,6)); 2
((11,7),(3,9)); 2
((11,7),(4,5)); 2
((11,7),(4,6)); 2
((11,7),(4,9)); 2
((11,7),(5,6)); 75
((11,7),(5,8)); 17
((11,7),(5,9)); 30
((11,7),(6,8)); 17
((11,7),(6,9)); 28
((11,7),(8,9)); 8
((11,8),(2,3)); 97
((11,8),(2,4)); 98
((11,8),(2,5)); 2
((11,8),(2,6)); 2
((11,8),(2,9)); 2
((11,8),(3,4)); 97
((11,8),(3,5)); 2
((11,8),(3,6)); 2
((11,8),(3,9)); 2
((11,8),(4,5)); 2
((11,8),(4,6)); 2
((11,8),(4,9)); 2
((11,8),(5,6)); 74
((11,8),(5,7)); 13
((11,8),(5,9)); 29
((11,8),(6,7)); 11
((11,8),(6,9)); 27
((11,8),(7,9)); 17
((11,9),(2,3)); 97
((11,9),(2,4)); 98
((11,9),(2,5)); 2
((11,9),(2,6)); 1
((11,9),(2,7)); 1
((11,9),(2,8)); 1
((11,9),(3,4)); 97
((11,9),(3,5)); 2
((11,9),(3,6)); 1
((11,9),(3,7)); 1
((11,9),(3,8)); 1
((11,9),(4,5)); 2
((11,9),(4,6)); 1
((11,9),(4,7)); 1
((11,9),(4,8)); 1
((11,9),(5,6)); 73
((11,9),(5,7)); 42
((11,9),(5,8)); 47
((11,9),(6,7)); 43
((11,9),(6,8)); 45
((11,9),(7,8)); 75
((2,3),(4,5)); 49
((2,3),(4,6)); 49
((2,3),(4,7)); 49
((2,3),(4,8)); 49
((2,3),(4,9)); 49
((2,3),(5,6)); 99
((2,3),(5,7)); 99
((2,3),(5,8)); 99
((2,3),(5,9)); 99
((2,3),(6,7)); 100
((2,3),(6,8)); 100
((2,3),(6,9)); 100
((2,3),(7,8)); 100
((2,3),(7,9)); 100
((2,3),(8,9)); 100
((2,4),(3,5)); 21
((2,4),(3,6)); 20
((2,4),(3,7)); 20
((2,4),(3,8)); 20
((2,4),(3,9)); 20
((2,4),(5,6)); 99
((2,4),(5,7)); 99
((2,4),(5,8)); 99
((2,4),(5,9)); 99
((2,4),(6,7)); 100
((2,4),(6,8)); 100
((2,4),(6,9)); 100
((2,4),(7,8)); 100
((2,4),(7,9)); 100
((2,4),(8,9)); 100
((2,5),(3,4)); 30
((2,5),(6,7)); 10
((2,5),(6,8)); 9
((2,5),(6,9)); 10
((2,5),(7,8)); 70
((2,5),(7,9)); 29
((2,5),(8,9)); 25
((2,6),(3,4)); 31
((2,6),(3,5)); 1
((2,6),(4,5)); 1
((2,6),(5,7)); 14
((2,6),(5,8)); 16
((2,6),(5,9)); 16
((2,6),(7,8)); 72
((2,6),(7,9)); 30
((2,6),(8,9)); 29
((2,7),(3,4)); 31
((2,7),(3,5)); 1
((2,7),(4,5)); 1
((2,7),(5,6)); 76
((2,7),(5,8)); 17
((2,7),(5,9)); 29
((2,7),(6,8)); 17
((2,7),(6,9)); 26
((2,7),(8,9)); 8
((2,8),(3,4)); 31
((2,8),(3,5)); 1
((2,8),(4,5)); 1
((2,8),(5,6)); 75
((2,8),(5,7)); 13
((2,8),(5,9)); 28
((2,8),(6,7)); 11
((2,8),(6,9)); 25
((2,8),(7,9)); 17
((2,9),(3,4)); 31
((2,9),(3,5)); 1
((2,9),(4,5)); 1
((2,9),(5,6)); 74
((2,9),(5,7)); 42
((2,9),(5,8)); 47
((2,9),(6,7)); 44
((2,9),(6,8)); 46
((2,9),(7,8)); 75
((3,4),(5,6)); 99
((3,4),(5,7)); 99
((3,4),(5,8)); 99
((3,4),(5,9)); 99
((3,4),(6,7)); 100
((3,4),(6,8)); 100
((3,4),(6,9)); 100
((3,4),(7,8)); 100
((3,4),(7,9)); 100
((3,4),(8,9)); 100
((3,5),(4,6)); 1
((3,5),(4,7)); 1
((3,5),(4,8)); 1
((3,5),(4,9)); 1
((3,5),(6,7)); 10
((3,5),(6,8)); 9
((3,5),(6,9)); 10
((3,5),(7,8)); 70
((3,5),(7,9)); 29
((3,5),(8,9)); 25
((3,6),(5,7)); 14
((3,6),(5,8)); 16
((3,6),(5,9)); 16
((3,6),(7,8)); 72
((3,6),(7,9)); 30
((3,6),(8,9)); 29
((3,7),(5,6)); 76
((3,7),(5,8)); 17
((3,7),(5,9)); 29
((3,7),(6,8)); 17
((3,7),(6,9)); 26
((3,7),(8,9)); 8
((3,8),(5,6)); 75
((3,8),(5,7)); 13
((3,8),(5,9)); 28
((3,8),(6,7)); 11
((3,8),(6,9)); 25
((3,8),(7,9)); 17
((3,9),(5,6)); 74
((3,9),(5,7)); 42
((3,9),(5,8)); 47
((3,9),(6,7)); 44
((3,9),(6,8)); 46
((3,9),(7,8)); 75
((4,5),(6,7)); 10
((4,5),(6,8)); 9
((4,5),(6,9)); 10
((4,5),(7,8)); 70
((4,5),(7,9)); 29
((4,5),(8,9)); 25
((4,6),(5,7)); 14
((4,6),(5,8)); 16
((4,6),(5,9)); 16
((4,6),(7,8)); 72
((4,6),(7,9)); 30
((4,6),(8,9)); 29
((4,7),(5,6)); 76
((4,7),(5,8)); 17
((4,7),(5,9)); 29
((4,7),(6,8)); 17
((4,7),(6,9)); 26
((4,7),(8,9)); 8
((4,8),(5,6)); 75
((4,8),(5,7)); 13
((4,8),(5,9)); 28
((4,8),(6,7)); 11
((4,8),(6,9)); 25
((4,8),(7,9)); 17
((4,9),(5,6)); 74
((4,9),(5,7)); 42
((4,9),(5,8)); 47
((4,9),(6,7)); 44
((4,9),(6,8)); 46
((4,9),(7,8)); 75
((5,6),(7,8)); 85
((5,6),(7,9)); 68
((5,6),(8,9)); 69
((5,7),(6,8)); 7
((5,7),(6,9)); 14
((5,7),(8,9)); 9
((5,8),(6,7)); 8
((5,8),(6,9)); 15
((5,8),(7,9)); 19
((5,9),(6,7)); 18
((5,9),(6,8)); 16
((5,9),(7,8)); 72
((6,7),(8,9)); 11
((6,8),(7,9)); 20
((6,9),(7,8)); 69
