((1.1,10.10),(2.2,3.3)); 18
((1.1,10.10),(2.2,4.4)); 1
((1.1,10.10),(3.3,4.4)); 2
((1.1,10.10),(5.5,6.6)); 100
((1.1,10.10),(5.5,7.7)); 94
((1.1,10.10),(5.5,8.8)); 93
((1.1,10.10),(5.5,9.9)); 87
((1.1,10.10),(6.6,7.7)); 94
((1.1,10.10),(6.6,8.8)); 93
((1.1,10.10),(6.6,9.9)); 87
((1.1,10.10),(7.7,8.8)); 99
((1.1,10.10),(7.7,9.9)); 85
((1.1,10.10),(8.8,9.9)); 86
((1.1,11.11),(10.10,5.5)); 100
((1.1,11.11),(10.10,6.6)); 100
((1.1,11.11),(10.10,7.7)); 100
((1.1,11.11),(10.10,8.8)); 100
((1.1,11.11),(10.10,9.9)); 100
((1.1,11.11),(2.2,3.3)); 18
((1.1,11.11),(2.2,4.4)); 1
((1.1,11.11),(3.3,4.4)); 2
((1.1,11.11),(5.5,6.6)); 100
((1.1,11.11),(5.5,7.7)); 100
((1.1,11.11),(5.5,8.8)); 100
((1.1,11.11),(5.5,9.9)); 100
((1.1,11.11),(6.6,7.7)); 100
((1.1,11.11),(6.6,8.8)); 100
((1.1,11.11),(6.6,9.9)); 100
((1.1,11.11),(7.7,8.8)); 100
((1.1,11.11),(7.7,9.9)); 100
((1.1,11.11),(8.8,9.9)); 100
((1.1,2.2),(10.10,11.11)); 100
((1.1,2.2),(10.10,3.3)); 58
((1.1,2.2),(10.10,4.4)); 94
((1.1,2.2),(10.10,5.5)); 100
((1.1,2.2),(10.10,6.6)); 100
((1.1,2.2),(10.10,7.7)); 100
((1.1,2.2),(10.10,8.8)); 100
((1.1,2.2),(10.10,9.9)); 100
((1.1,2.2),(11.11,3.3)); 58
((1.1,2.2),(11.11,4.4)); 94
((1.1,2.2),(11.11,5.5)); 100
((1.1,2.2),(11.11,6.6)); 100
((1.1,2.2),(11.11,7.7)); 100
((1.1,2.2),(11.11,8.8)); 100
((1.1,2.2),(11.11,9.9)); 100
((1.1,2.2),(3.3,4.4)); 58
((1.1,2.2),(3.3,5.5)); 58
((1.1,2.2),(3.3,6.6)); 58
((1.1,2.2),(3.3,7.7)); 58
((1.1,2.2),(3.3,8.8)); 58
((1.1,2.2),(3.3,9.9)); 58
((1.1,2.2),(4.4,5.5)); 94
((1.1,2.2),(4.4,6.6)); 94
((1.1,2.2),(4.4,7.7)); 94
((1.1,2.2),(4.4,8.8)); 94
((1.1,2.2),(4.4,9.9)); 94
((1.1,2.2),(5.5,6.6)); 100
((1.1,2.2),(5.5,7.7)); 100
((1.1,2.2),(5.5,8.8)); 100
((1.1,2.2),(5.5,9.9)); 100
((1.1,2.2),(6.6,7.7)); 100
((1.1,2.2),(6.6,8.8)); 100
((1.1,2.2),(6.6,9.9)); 100
((1.1,2.2),(7.7,8.8)); 100
((1.1,2.2),(7.7,9.9)); 100
((1.1,2.2),(8.8,9.9)); 100
((1.1,3.3),(10.10,11.11)); 100
((1.1,3.3),(10.10,2.2)); 24
((1.1,3.3),(10.10,4.4)); 90
((1.1,3.3),(10.10,5.5)); 100
((1.1,3.3),(10.10,6.6)); 100
((1.1,3.3),(10.10,7.7)); 100
((1.1,3.3),(10.10,8.8)); 100
((1.1,3.3),(10.10,9.9)); 100
((1.1,3.3),(11.11,2.2)); 24
((1.1,3.3),(11.11,4.4)); 90
((1.1,3.3),(11.11,5.5)); 100
((1.1,3.3),(11.11,6.6)); 100
((1.1,3.3),(11.11,7.7)); 100
((1.1,3.3),(11.11,8.8)); 100
((1.1,3.3),(11.11,9.9)); 100
((1.1,3.3),(2.2,4.4)); 24
((1.1,3.3),(2.2,5.5)); 24
((1.1,3.3),(2.2,6.6)); 24
((1.1,3.3),(2.2,7.7)); 24
((1.1,3.3),(2.2,8.8)); 24
((1.1,3.3),(2.2,9.9)); 24
((1.1,3.3),(4.4,5.5)); 90
((1.1,3.3),(4.4,6.6)); 90
((1.1,3.3),(4.4,7.7)); 90
((1.1,3.3),(4.4,8.8)); 90
((1.1,3.3),(4.4,9.9)); 90
((1.1,3.3),(5.5,6.6)); 100
((1.1,3.3),(5.5,7.7)); 100
((1.1,3.3),(5.5,8.8)); 100
((1.1,3.3),(5.5,9.9)); 100
((1.1,3.3),(6.6,7.7)); 100
((1.1,3.3),(6.6,8.8)); 100
((1.1,3.3),(6.6,9.9)); 100
((1.1,3.3),(7.7,8.8)); 100
((1.1,3.3),(7.7,9.9)); 100
((1.1,3.3),(8.8,9.9)); 100
((1.1,4.4),(10.10,11.11)); 100
((1.1,4.4),(10.10,2.2)); 5
((1.1,4.4),(10.10,3.3)); 8
((1.1,4.4),(10.10,5.5)); 100
((1.1,4.4),(10.10,6.6)); 100
((1.1,4.4),(10.10,7.7)); 100
((1.1,4.4),(10.10,8.8)); 100
((1.1,4.4),(10.10,9.9)); 100
((1.1,4.4),(11.11,2.2)); 5
((1.1,4.4),(11.11,3.3)); 8
((1.1,4.4),(11.11,5.5)); 100
((1.1,4.4),(11.11,6.6)); 100
((1.1,4.4),(11.11,7.7)); 100
((1.1,4.4),(11.11,8.8)); 100
((1.1,4.4),(11.11,9.9)); 100
((1.1,4.4),(2.2,3.3)); 18
((1.1,4.4),(2.2,5.5)); 5
((1.1,4.4),(2.2,6.6)); 5
((1.1,4.4),(2.2,7.7)); 5
((1.1,4.4),(2.2,8.8)); 5
((1.1,4.4),(2.2,9.9)); 5
((1.1,4.4),(3.3,5.5)); 8
((1.1,4.4),(3.3,6.6)); 8
((1.1,4.4),(3.3,7.7)); 8
((1.1,4.4),(3.3,8.8)); 8
((1.1,4.4),(3.3,9.9)); 8
((1.1,4.4),(5.5,6.6)); 100
((1.1,4.4),(5.5,7.7)); 100
((1.1,4.4),(5.5,8.8)); 100
((1.1,4.4),(5.5,9.9)); 100
((1.1,4.4),(6.6,7.7)); 100
((1.1,4.4),(6.6,8.8)); 100
((1.1,4.4),(6.6,9.9)); 100
((1.1,4.4),(7.7,8.8)); 100
((1.1,4.4),(7.7,9.9)); 100
((1.1,4.4),(8.8,9.9)); 100
((1.1,5.5),(10.10,7.7)); 4
((1.1,5.5),(10.10,8.8)); 4
((1.1,5.5),(10.10,9.9)); 6
((1.1,5.5),(2.2,3.3)); 18
((1.1,5.5),(2.2,4.4)); 1
((1.1,5.5),(3.3,4.4)); 2
((1.1,5.5),(7.7,8.8)); 99
((1.1,5.5),(7.7,9.9)); 30
((1.1,5.5),(8.8,9.9)); 31
((1.1,6.6),(10.10,7.7)); 4
((1.1,6.6),(10.10,8.8)); 4
((1.1,6.6),(10.10,9.9)); 6
((1.1,6.6),(2.2,3.3)); 18
((1.1,6.6),(2.2,4.4)); 1
((1.1,6.6),(3.3,4.4)); 2
((1.1,6.6),(7.7,8.8)); 99
((1.1,6.6),(7.7,9.9)); 30
((1.1,6.6),(8.8,9.9)); 31
((1.1,7.7),(10.10,5.5)); 2
((1.1,7.7),(10.10,6.6)); 2
((1.1,7.7),(10.10,9.9)); 6
((1.1,7.7),(2.2,3.3)); 18
((1.1,7.7),(2.2,4.4)); 1
((1.1,7.7),(3.3,4.4)); 2
((1.1,7.7),(5.5,6.6)); 100
((1.1,7.7),(5.5,9.9)); 14
((1.1,7.7),(6.6,9.9)); 14
((1.1,7.7),(8.8,9.9)); 1
((1.1,8.8),(10.10,5.5)); 3
((1.1,8.8),(10.10,6.6)); 3
((1.1,8.8),(10.10,7.7)); 1
((1.1,8.8),(10.10,9.9)); 6
((1.1,8.8),(2.2,3.3)); 18
((1.1,8.8),(2.2,4.4)); 1
((1.1,8.8),(3.3,4.4)); 2
((1.1,8.8),(5.5,6.6)); 100
((1.1,8.8),(5.5,7.7)); 1
((1.1,8.8),(5.5,9.9)); 14
((1.1,8.8),(6.6,7.7)); 1
((1.1,8.8),(6.6,9.9)); 14
((1.1,9.9),(10.10,5.5)); 7
((1.1,9.9),(10.10,6.6)); 7
((1.1,9.9),(10.10,7.7)); 9
((1.1,9.9),(10.10,8.8)); 8
((1.1,9.9),(2.2,3.3)); 18
((1.1,9.9),(2.2,4.4)); 1
((1.1,9.9),(3.3,4.4)); 2
((1.1,9.9),(5.5,6.6)); 100
((1.1,9.9),(5.5,7.7)); 56
((1.1,9.9),(5.5,8.8)); 55
((1.1,9.9),(6.6,7.7)); 56
((1.1,9.9),(6.6,8.8)); 55
((1.1,9.9),(7.7,8.8)); 99
((10.10,11.11),(2.2,3.3)); 100
((10.10,11.11),(2.2,4.4)); 100
((10.10,11.11),(3.3,4.4)); 100
((10.10,11.11),(5.5,6.6)); 100
((10.10,11.11),(5.5,7.7)); 94
((10.10,11.11),(5.5,8.8)); 93
((10.10,11.11),(5.5,9.9)); 87
((10.10,11.11),(6.6,7.7)); 94
((10.10,11.11),(6.6,8.8)); 93
((10.10,11.11),(6.6,9.9)); 87
((10.10,11.11),(7.7,8.8)); 99
((10.10,11.11),(7.7,9.9)); 85
((10.10,11.11),(8.8,9.9)); 86
((10.10,2.2),(3.3,4.4)); 5
((10.10,2.2),(5.5,6.6)); 100
((10.10,2.2),(5.5,7.7)); 94
((10.10,2.2),(5.5,8.8)); 93
((10.10,2.2),(5.5,9.9)); 87
((10.10,2.2),(6.6,7.7)); 94
((10.10,2.2),(6.6,8.8)); 93
((10.10,2.2),(6.6,9.9)); 87
((10.10,2.2),(7.7,8.8)); 99
((10.10,2.2),(7.7,9.9)); 85
((10.10,2.2),(8.8,9.9)); 86
((10.10,3.3),(2.2,4.4)); 7
((10.10,3.3),(5.5,6.6)); 100
((10.10,3.3),(5.5,7.7)); 94
((10.10,3.3),(5.5,8.8)); 93
((10.10,3.3),(5.5,9.9)); 87
((10.10,3.3),(6.6,7.7)); 94
((10.10,3.3),(6.6,8.8)); 93
((10.10,3.3),(6.6,9.9)); 87
((10.10,3.3),(7.7,8.8)); 99
((10.10,3.3),(7.7,9.9)); 85
((10.10,3.3),(8.8,9.9)); 86
((10.10,4.4),(2.2,3.3)); 88
((10.10,4.4),(5.5,6.6)); 100
((10.10,4.4),(5.5,7.7)); 94
((10.10,4.4),(5.5,8.8)); 93
((10.10,4.4),(5.5,9.9)); 87
((10.10,4.4),(6.6,7.7)); 94
((10.10,4.4),(6.6,8.8)); 93
((10.10,4.4),(6.6,9.9)); 87
((10.10,4.4),(7.7,8.8)); 99
((10.10,4.4),(7.7,9.9)); 85
((10.10,4.4),(8.8,9.9)); 86
((10.10,5.5),(11.11,2.2)); 100
((10.10,5.5),(11.11,3.3)); 100
((10.10,5.5),(11.11,4.4)); 100
((10.10,5.5),(11.11,7.7)); 2
((10.10,5.5),(11.11,8.8)); 3
((10.10,5.5),(11.11,9.9)); 7
((10.10,5.5),(2.2,3.3)); 100
((10.10,5.5),(2.2,4.4)); 100
((10.10,5.5),(2.2,7.7)); 2
((10.10,5.5),(2.2,8.8)); 3
((10.10,5.5),(2.2,9.9)); 7
((10.10,5.5),(3.3,4.4)); 100
((10.10,5.5),(3.3,7.7)); 2
((10.10,5.5),(3.3,8.8)); 3
((10.10,5.5),(3.3,9.9)); 7
((10.10,5.5),(4.4,7.7)); 2
((10.10,5.5),(4.4,8.8)); 3
((10.10,5.5),(4.4,9.9)); 7
((10.10,5.5),(7.7,8.8)); 99
((10.10,5.5),(7.7,9.9)); 30
((10.10,5.5),(8.8,9.9)); 31
((10.10,6.6),(11.11,2.2)); 100
((10.10,6.6),(11.11,3.3)); 100
((10.10,6.6),(11.11,4.4)); 100
((10.10,6.6),(11.11,7.7)); 2
((10.10,6.6),(11.11,8.8)); 3
((10.10,6.6),(11.11,9.9)); 7
((10.10,6.6),(2.2,3.3)); 100
((10.10,6.6),(2.2,4.4)); 100
((10.10,6.6),(2.2,7.7)); 2
((10.10,6.6),(2.2,8.8)); 3
((10.10,6.6),(2.2,9.9)); 7
((10.10,6.6),(3.3,4.4)); 100
((10.10,6.6),(3.3,7.7)); 2
((10.10,6.6),(3.3,8.8)); 3
((10.10,6.6),(3.3,9.9)); 7
((10.10,6.6),(4.4,7.7)); 2
((10.10,6.6),(4.4,8.8)); 3
((10.10,6.6),(4.4,9.9)); 7
((10.10,6.6),(7.7,8.8)); 99
((10.10,6.6),(7.7,9.9)); 30
((10.10,6.6),(8.8,9.9)); 31
((10.10,7.7),(11.11,2.2)); 100
((10.10,7.7),(11.11,3.3)); 100
((10.10,7.7),(11.11,4.4)); 100
((10.10,7.7),(11.11,5.5)); 4
((10.10,7.7),(11.11,6.6)); 4
((10.10,7.7),(11.11,8.8)); 1
((10.10,7.7),(11.11,9.9)); 9
((10.10,7.7),(2.2,3.3)); 100
((10.10,7.7),(2.2,4.4)); 100
((10.10,7.7),(2.2,5.5)); 4
((10.10,7.7),(2.2,6.6)); 4
((10.10,7.7),(2.2,8.8)); 1
((10.10,7.7),(2.2,9.9)); 9
((10.10,7.7),(3.3,4.4)); 100
((10.10,7.7),(3.3,5.5)); 4
((10.10,7.7),(3.3,6.6)); 4
((10.10,7.7),(3.3,8.8)); 1
((10.10,7.7),(3.3,9.9)); 9
((10.10,7.7),(4.4,5.5)); 4
((10.10,7.7),(4.4,6.6)); 4
((10.10,7.7),(4.4,8.8)); 1
((10.10,7.7),(4.4,9.9)); 9
((10.10,7.7),(5.5,6.6)); 100
((10.10,7.7),(5.5,9.9)); 14
((10.10,7.7),(6.6,9.9)); 14
((10.10,7.7),(8.8,9.9)); 1
((10.10,8.8),(11.11,2.2)); 100
((10.10,8.8),(11.11,3.3)); 100
((10.10,8.8),(11.11,4.4)); 100
((10.10,8.8),(11.11,5.5)); 4
((10.10,8.8),(11.11,6.6)); 4
((10.10,8.8),(11.11,9.9)); 8
((10.10,8.8),(2.2,3.3)); 100
((10.10,8.8),(2.2,4.4)); 100
((10.10,8.8),(2.2,5.5)); 4
((10.10,8.8),(2.2,6.6)); 4
((10.10,8.8),(2.2,9.9)); 8
((10.10,8.8),(3.3,4.4)); 100
((10.10,8.8),(3.3,5.5)); 4
((10.10,8.8),(3.3,6.6)); 4
((10.10,8.8),(3.3,9.9)); 8
((10.10,8.8),(4.4,5.5)); 4
((10.10,8.8),(4.4,6.6)); 4
((10.10,8.8),(4.4,9.9)); 8
((10.10,8.8),(5.5,6.6)); 100
((10.10,8.8),(5.5,7.7)); 1
((10.10,8.8),(5.5,9.9)); 14
((10.10,8.8),(6.6,7.7)); 1
((10.10,8.8),(6.6,9.9)); 14
((10.10,9.9),(11.11,2.2)); 100
((10.10,9.9),(11.11,3.3)); 100
((10.10,9.9),(11.11,4.4)); 100
((10.10,9.9),(11.11,5.5)); 6
((10.10,9.9),(11.11,6.6)); 6
((10.10,9.9),(11.11,7.7)); 6
((10.10,9.9),(11.11,8.8)); 6
((10.10,9.9),(2.2,3.3)); 100
((10.10,9.9),(2.2,4.4)); 100
((10.10,9.9),(2.2,5.5)); 6
((10.10,9.9),(2.2,6.6)); 6
((10.10,9.9),(2.2,7.7)); 6
((10.10,9.9),(2.2,8.8)); 6
((10.10,9.9),(3.3,4.4)); 100
((10.10,9.9),(3.3,5.5)); 6
((10.10,9.9),(3.3,6.6)); 6
((10.10,9.9),(3.3,7.7)); 6
((10.10,9.9),(3.3,8.8)); 6
((10.10,9.9),(4.4,5.5)); 6
((10.10,9.9),(4.4,6.6)); 6
((10.10,9.9),(4.4,7.7)); 6
((10.10,9.9),(4.4,8.8)); 6
((10.10,9.9),(5.5,6.6)); 100
((10.10,9.9),(5.5,7.7)); 56
((10.10,9.9),(5.5,8.8)); 55
((10.10,9.9),(6.6,7.7)); 56
((10.10,9.9),(6.6,8.8)); 55
((10.10,9.9),(7.7,8.8)); 99
((11.11,2.2),(3.3,4.4)); 5
((11.11,2.2),(5.5,6.6)); 100
((11.11,2.2),(5.5,7.7)); 100
((11.11,2.2),(5.5,8.8)); 100
((11.11,2.2),(5.5,9.9)); 100
((11.11,2.2),(6.6,7.7)); 100
((11.11,2.2),(6.6,8.8)); 100
((11.11,2.2),(6.6,9.9)); 100
((11.11,2.2),(7.7,8.8)); 100
((11.11,2.2),(7.7,9.9)); 100
((11.11,2.2),(8.8,9.9)); 100
((11.11,3.3),(2.2,4.4)); 7
((11.11,3.3),(5.5,6.6)); 100
((11.11,3.3),(5.5,7.7)); 100
((11.11,3.3),(5.5,8.8)); 100
((11.11,3.3),(5.5,9.9)); 100
((11.11,3.3),(6.6,7.7)); 100
((11.11,3.3),(6.6,8.8)); 100
((11.11,3.3),(6.6,9.9)); 100
((11.11,3.3),(7.7,8.8)); 100
((11.11,3.3),(7.7,9.9)); 100
((11.11,3.3),(8.8,9.9)); 100
((11.11,4.4),(2.2,3.3)); 88
((11.11,4.4),(5.5,6.6)); 100
((11.11,4.4),(5.5,7.7)); 100
((11.11,4.4),(5.5,8.8)); 100
((11.11,4.4),(5.5,9.9)); 100
((11.11,4.4),(6.6,7.7)); 100
((11.11,4.4),(6.6,8.8)); 100
((11.11,4.4),(6.6,9.9)); 100
((11.11,4.4),(7.7,8.8)); 100
((11.11,4.4),(7.7,9.9)); 100
((11.11,4.4),(8.8,9.9)); 100
((11.11,5.5),(2.2,3.3)); 100
((11.11,5.5),(2.2,4.4)); 100
((11.11,5.5),(3.3,4.4)); 100
((11.11,5.5),(7.7,8.8)); 99
((11.11,5.5),(7.7,9.9)); 30
((11.11,5.5),(8.8,9.9)); 31
((11.11,6.6),(2.2,3.3)); 100
((11.11,6.6),(2.2,4.4)); 100
((11.11,6.6),(3.3,4.4)); 100
((11.11,6.6),(7.7,8.8)); 99
((11.11,6.6),(7.7,9.9)); 30
((11.11,6.6),(8.8,9.9)); 31
((11.11,7.7),(2.2,3.3)); 100
((11.11,7.7),(2.2,4.4)); 100
((11.11,7.7),(3.3,4.4)); 100
((11.11,7.7),(5.5,6.6)); 100
((11.11,7.7),(5.5,9.9)); 14
((11.11,7.7),(6.6,9.9)); 14
((11.11,7.7),(8.8,9.9)); 1
((11.11,8.8),(2.2,3.3)); 100
((11.11,8.8),(2.2,4.4)); 100
((11.11,8.8),(3.3,4.4)); 100
((11.11,8.8),(5.5,6.6)); 100
((11.11,8.8),(5.5,7.7)); 1
((11.11,8.8),(5.5,9.9)); 14
((11.11,8.8),(6.6,7.7)); 1
((11.11,8.8),(6.6,9.9)); 14
((11.11,9.9),(2.2,3.3)); 100
((11.11,9.9),(2.2,4.4)); 100
((11.11,9.9),(3.3,4.4)); 100
((11.11,9.9),(5.5,6.6)); 100
((11.11,9.9),(5.5,7.7)); 56
((11.11,9.9),(5.5,8.8)); 55
((11.11,9.9),(6.6,7.7)); 56
((11.11,9.9),(6.6,8.8)); 55
((11.11,9.9),(7.7,8.8)); 99
((2.2,3.3),(4.4,5.5)); 88
((2.2,3.3),(4.4,6.6)); 88
((2.2,3.3),(4.4,7.7)); 88
((2.2,3.3),(4.4,8.8)); 88
((2.2,3.3),(4.4,9.9)); 88
((2.2,3.3),(5.5,6.6)); 100
((2.2,3.3),(5.5,7.7)); 100
((2.2,3.3),(5.5,8.8)); 100
((2.2,3.3),(5.5,9.9)); 100
((2.2,3.3),(6.6,7.7)); 100
((2.2,3.3),(6.6,8.8)); 100
((2.2,3.3),(6.6,9.9)); 100
((2.2,3.3),(7.7,8.8)); 100
((2.2,3.3),(7.7,9.9)); 100
((2.2,3.3),(8.8,9.9)); 100
((2.2,4.4),(3.3,5.5)); 7
((2.2,4.4),(3.3,6.6)); 7
((2.2,4.4),(3.3,7.7)); 7
((2.2,4.4),(3.3,8.8)); 7
((2.2,4.4),(3.3,9.9)); 7
((2.2,4.4),(5.5,6.6)); 100
((2.2,4.4),(5.5,7.7)); 100
((2.2,4.4),(5.5,8.8)); 100
((2.2,4.4),(5.5,9.9)); 100
((2.2,4.4),(6.6,7.7)); 100
((2.2,4.4),(6.6,8.8)); 100
((2.2,4.4),(6.6,9.9)); 100
((2.2,4.4),(7.7,8.8)); 100
((2.2,4.4),(7.7,9.9)); 100
((2.2,4.4),(8.8,9.9)); 100
((2.2,5.5),(3.3,4.4)); 5
((2.2,5.5),(7.7,8.8)); 99
((2.2,5.5),(7.7,9.9)); 30
((2.2,5.5),(8.8,9.9)); 31
((2.2,6.6),(3.3,4.4)); 5
((2.2,6.6),(7.7,8.8)); 99
((2.2,6.6),(7.7,9.9)); 30
((2.2,6.6),(8.8,9.9)); 31
((2.2,7.7),(3.3,4.4)); 5
((2.2,7.7),(5.5,6.6)); 100
((2.2,7.7),(5.5,9.9)); 14
((2.2,7.7),(6.6,9.9)); 14
((2.2,7.7),(8.8,9.9)); 1
((2.2,8.8),(3.3,4.4)); 5
((2.2,8.8),(5.5,6.6)); 100
((2.2,8.8),(5.5,7.7)); 1
((2.2,8.8),(5.5,9.9)); 14
((2.2,8.8),(6.6,7.7)); 1
((2.2,8.8),(6.6,9.9)); 14
((2.2,9.9),(3.3,4.4)); 5
((2.2,9.9),(5.5,6.6)); 100
((2.2,9.9),(5.5,7.7)); 56
((2.2,9.9),(5.5,8.8)); 55
((2.2,9.9),(6.6,7.7)); 56
((2.2,9.9),(6.6,8.8)); 55
((2.2,9.9),(7.7,8.8)); 99
((3.3,4.4),(5.5,6.6)); 100
((3.3,4.4),(5.5,7.7)); 100
((3.3,4.4),(5.5,8.8)); 100
((3.3,4.4),(5.5,9.9)); 100
((3.3,4.4),(6.6,7.7)); 100
((3.3,4.4),(6.6,8.8)); 100
((3.3,4.4),(6.6,9.9)); 100
((3.3,4.4),(7.7,8.8)); 100
((3.3,4.4),(7.7,9.9)); 100
((3.3,4.4),(8.8,9.9)); 100
((3.3,5.5),(7.7,8.8)); 99
((3.3,5.5),(7.7,9.9)); 30
((3.3,5.5),(8.8,9.9)); 31
((3.3,6.6),(7.7,8.8)); 99
((3.3,6.6),(7.7,9.9)); 30
((3.3,6.6),(8.8,9.9)); 31
((3.3,7.7),(5.5,6.6)); 100
((3.3,7.7),(5.5,9.9)); 14
((3.3,7.7),(6.6,9.9)); 14
((3.3,7.7),(8.8,9.9)); 1
((3.3,8.8),(5.5,6.6)); 100
((3.3,8.8),(5.5,7.7)); 1
((3.3,8.8),(5.5,9.9)); 14
((3.3,8.8),(6.6,7.7)); 1
((3.3,8.8),(6.6,9.9)); 14
((3.3,9.9),(5.5,6.6)); 100
((3.3,9.9),(5.5,7.7)); 56
((3.3,9.9),(5.5,8.8)); 55
((3.3,9.9),(6.6,7.7)); 56
((3.3,9.9),(6.6,8.8)); 55
((3.3,9.9),(7.7,8.8)); 99
((4.4,5.5),(7.7,8.8)); 99
((4.4,5.5),(7.7,9.9)); 30
((4.4,5.5),(8.8,9.9)); 31
((4.4,6.6),(7.7,8.8)); 99
((4.4,6.6),(7.7,9.9)); 30
((4.4,6.6),(8.8,9.9)); 31
((4.4,7.7),(5.5,6.6)); 100
((4.4,7.7),(5.5,9.9)); 14
((4.4,7.7),(6.6,9.9)); 14
((4.4,7.7),(8.8,9.9)); 1
((4.4,8.8),(5.5,6.6)); 100
((4.4,8.8),(5.5,7.7)); 1
((4.4,8.8),(5.5,9.9)); 14
((4.4,8.8),(6.6,7.7)); 1
((4.4,8.8),(6.6,9.9)); 14
((4.4,9.9),(5.5,6.6)); 100
((4.4,9.9),(5.5,7.7)); 56
((4.4,9.9),(5.5,8.8)); 55
((4.4,9.9),(6.6,7.7)); 56
((4.4,9.9),(6.6,8.8)); 55
((4.4,9.9),(7.7,8.8)); 99
((5.5,6.6),(7.7,8.8)); 100
((5.5,6.6),(7.7,9.9)); 100
((5.5,6.6),(8.8,9.9)); 100
((5.5,7.7),(8.8,9.9)); 1
((5.5,9.9),(7.7,8.8)); 99
((6.6,7.7),(8.8,9.9)); 1
((6.6,9.9),(7.7,8.8)); 99
