((1.1,10.10),(2.2,3.3)); 19
((1.1,10.10),(2.2,4.4)); 8
((1.1,10.10),(3.3,4.4)); 7
((1.1,10.10),(5.5,6.6)); 100
((1.1,10.10),(5.5,7.7)); 89
((1.1,10.10),(5.5,8.8)); 89
((1.1,10.10),(5.5,9.9)); 86
((1.1,10.10),(6.6,7.7)); 89
((1.1,10.10),(6.6,8.8)); 89
((1.1,10.10),(6.6,9.9)); 86
((1.1,10.10),(7.7,8.8)); 100
((1.1,10.10),(7.7,9.9)); 89
((1.1,10.10),(8.8,9.9)); 89
((1.1,11.11),(10.10,5.5)); 100
((1.1,11.11),(10.10,6.6)); 100
((1.1,11.11),(10.10,7.7)); 100
((1.1,11.11),(10.10,8.8)); 100
((1.1,11.11),(10.10,9.9)); 100
((1.1,11.11),(2.2,3.3)); 19
((1.1,11.11),(2.2,4.4)); 8
((1.1,11.11),(3.3,4.4)); 7
((1.1,11.11),(5.5,6.6)); 100
((1.1,11.11),(5.5,7.7)); 100
((1.1,11.11),(5.5,8.8)); 100
((1.1,11.11),(5.5,9.9)); 100
((1.1,11.11),(6.6,7.7)); 100
((1.1,11.11),(6.6,8.8)); 100
((1.1,11.11),(6.6,9.9)); 100
((1.1,11.11),(7.7,8.8)); 100
((1.1,11.11),(7.7,9.9)); 100
((1.1,11.11),(8.8,9.9)); 100
((1.1,2.2),(10.10,11.11)); 100
((1.1,2.2),(10.10,3.3)); 60
((1.1,2.2),(10.10,4.4)); 91
((1.1,2.2),(10.10,5.5)); 100
((1.1,2.2),(10.10,6.6)); 100
((1.1,2.2),(10.10,7.7)); 100
((1.1,2.2),(10.10,8.8)); 100
((1.1,2.2),(10.10,9.9)); 100
((1.1,2.2),(11.11,3.3)); 60
((1.1,2.2),(11.11,4.4)); 91
((1.1,2.2),(11.11,5.5)); 100
((1.1,2.2),(11.11,6.6)); 100
((1.1,2.2),(11.11,7.7)); 100
((1.1,2.2),(11.11,8.8)); 100
((1.1,2.2),(11.11,9.9)); 100
((1.1,2.2),(3.3,4.4)); 60
((1.1,2.2),(3.3,5.5)); 60
((1.1,2.2),(3.3,6.6)); 60
((1.1,2.2),(3.3,7.7)); 60
((1.1,2.2),(3.3,8.8)); 60
((1.1,2.2),(3.3,9.9)); 60
((1.1,2.2),(4.4,5.5)); 91
((1.1,2.2),(4.4,6.6)); 91
((1.1,2.2),(4.4,7.7)); 91
((1.1,2.2),(4.4,8.8)); 91
((1.1,2.2),(4.4,9.9)); 91
((1.1,2.2),(5.5,6.6)); 100
((1.1,2.2),(5.5,7.7)); 100
((1.1,2.2),(5.5,8.8)); 100
((1.1,2.2),(5.5,9.9)); 100
((1.1,2.2),(6.6,7.7)); 100
((1.1,2.2),(6.6,8.8)); 100
((1.1,2.2),(6.6,9.9)); 100
((1.1,2.2),(7.7,8.8)); 100
((1.1,2.2),(7.7,9.9)); 100
((1.1,2.2),(8.8,9.9)); 100
((1.1,3.3),(10.10,11.11)); 100
((1.1,3.3),(10.10,2.2)); 21
((1.1,3.3),(10.10,4.4)); 87
((1.1,3.3),(10.10,5.5)); 100
((1.1,3.3),(10.10,6.6)); 100
((1.1,3.3),(10.10,7.7)); 100
((1.1,3.3),(10.10,8.8)); 100
((1.1,3.3),(10.10,9.9)); 100
((1.1,3.3),(11.11,2.2)); 21
((1.1,3.3),(11.11,4.4)); 87
((1.1,3.3),(11.11,5.5)); 100
((1.1,3.3),(11.11,6.6)); 100
((1.1,3.3),(11.11,7.7)); 100
((1.1,3.3),(11.11,8.8)); 100
((1.1,3.3),(11.11,9.9)); 100
((1.1,3.3),(2.2,4.4)); 21
((1.1,3.3),(2.2,5.5)); 21
((1.1,3.3),(2.2,6.6)); 21
((1.1,3.3),(2.2,7.7)); 21
((1.1,3.3),(2.2,8.8)); 21
((1.1,3.3),(2.2,9.9)); 21
((1.1,3.3),(4.4,5.5)); 87
((1.1,3.3),(4.4,6.6)); 87
((1.1,3.3),(4.4,7.7)); 87
((1.1,3.3),(4.4,8.8)); 87
((1.1,3.3),(4.4,9.9)); 87
((1.1,3.3),(5.5,6.6)); 100
((1.1,3.3),(5.5,7.7)); 100
((1.1,3.3),(5.5,8.8)); 100
((1.1,3.3),(5.5,9.9)); 100
((1.1,3.3),(6.6,7.7)); 100
((1.1,3.3),(6.6,8.8)); 100
((1.1,3.3),(6.6,9.9)); 100
((1.1,3.3),(7.7,8.8)); 100
((1.1,3.3),(7.7,9.9)); 100
((1.1,3.3),(8.8,9.9)); 100
((1.1,4.4),(10.10,11.11)); 100
((1.1,4.4),(10.10,2.2)); 1
((1.1,4.4),(10.10,3.3)); 6
((1.1,4.4),(10.10,5.5)); 100
((1.1,4.4),(10.10,6.6)); 100
((1.1,4.4),(10.10,7.7)); 100
((1.1,4.4),(10.10,8.8)); 100
((1.1,4.4),(10.10,9.9)); 100
((1.1,4.4),(11.11,2.2)); 1
((1.1,4.4),(11.11,3.3)); 6
((1.1,4.4),(11.11,5.5)); 100
((1.1,4.4),(11.11,6.6)); 100
((1.1,4.4),(11.11,7.7)); 100
((1.1,4.4),(11.11,8.8)); 100
((1.1,4.4),(11.11,9.9)); 100
((1.1,4.4),(2.2,3.3)); 19
((1.1,4.4),(2.2,5.5)); 1
((1.1,4.4),(2.2,6.6)); 1
((1.1,4.4),(2.2,7.7)); 1
((1.1,4.4),(2.2,8.8)); 1
((1.1,4.4),(2.2,9.9)); 1
((1.1,4.4),(3.3,5.5)); 6
((1.1,4.4),(3.3,6.6)); 6
((1.1,4.4),(3.3,7.7)); 6
((1.1,4.4),(3.3,8.8)); 6
((1.1,4.4),(3.3,9.9)); 6
((1.1,4.4),(5.5,6.6)); 100
((1.1,4.4),(5.5,7.7)); 100
((1.1,4.4),(5.5,8.8)); 100
((1.1,4.4),(5.5,9.9)); 100
((1.1,4.4),(6.6,7.7)); 100
((1.1,4.4),(6.6,8.8)); 100
((1.1,4.4),(6.6,9.9)); 100
((1.1,4.4),(7.7,8.8)); 100
((1.1,4.4),(7.7,9.9)); 100
((1.1,4.4),(8.8,9.9)); 100
((1.1,5.5),(10.10,7.7)); 4
((1.1,5.5),(10.10,8.8)); 4
((1.1,5.5),(10.10,9.9)); 7
((1.1,5.5),(2.2,3.3)); 19
((1.1,5.5),(2.2,4.4)); 8
((1.1,5.5),(3.3,4.4)); 7
((1.1,5.5),(6.6,7.7)); 1
((1.1,5.5),(6.6,8.8)); 1
((1.1,5.5),(6.6,9.9)); 2
((1.1,5.5),(7.7,8.8)); 100
((1.1,5.5),(7.7,9.9)); 28
((1.1,5.5),(8.8,9.9)); 28
((1.1,6.6),(10.10,7.7)); 4
((1.1,6.6),(10.10,8.8)); 4
((1.1,6.6),(10.10,9.9)); 7
((1.1,6.6),(2.2,3.3)); 19
((1.1,6.6),(2.2,4.4)); 8
((1.1,6.6),(3.3,4.4)); 7
((1.1,6.6),(5.5,7.7)); 1
((1.1,6.6),(5.5,8.8)); 1
((1.1,6.6),(7.7,8.8)); 100
((1.1,6.6),(7.7,9.9)); 27
((1.1,6.6),(8.8,9.9)); 27
((1.1,7.7),(10.10,5.5)); 7
((1.1,7.7),(10.10,6.6)); 7
((1.1,7.7),(10.10,9.9)); 7
((1.1,7.7),(2.2,3.3)); 19
((1.1,7.7),(2.2,4.4)); 8
((1.1,7.7),(3.3,4.4)); 7
((1.1,7.7),(5.5,6.6)); 98
((1.1,7.7),(5.5,9.9)); 19
((1.1,7.7),(6.6,9.9)); 20
((1.1,8.8),(10.10,5.5)); 7
((1.1,8.8),(10.10,6.6)); 7
((1.1,8.8),(10.10,9.9)); 7
((1.1,8.8),(2.2,3.3)); 19
((1.1,8.8),(2.2,4.4)); 8
((1.1,8.8),(3.3,4.4)); 7
((1.1,8.8),(5.5,6.6)); 98
((1.1,8.8),(5.5,9.9)); 19
((1.1,8.8),(6.6,9.9)); 20
((1.1,9.9),(10.10,5.5)); 7
((1.1,9.9),(10.10,6.6)); 7
((1.1,9.9),(10.10,7.7)); 4
((1.1,9.9),(10.10,8.8)); 4
((1.1,9.9),(2.2,3.3)); 19
((1.1,9.9),(2.2,4.4)); 8
((1.1,9.9),(3.3,4.4)); 7
((1.1,9.9),(5.5,6.6)); 98
((1.1,9.9),(5.5,7.7)); 53
((1.1,9.9),(5.5,8.8)); 53
((1.1,9.9),(6.6,7.7)); 53
((1.1,9.9),(6.6,8.8)); 53
((1.1,9.9),(7.7,8.8)); 100
((10.10,11.11),(2.2,3.3)); 100
((10.10,11.11),(2.2,4.4)); 100
((10.10,11.11),(3.3,4.4)); 100
((10.10,11.11),(5.5,6.6)); 100
((10.10,11.11),(5.5,7.7)); 89
((10.10,11.11),(5.5,8.8)); 89
((10.10,11.11),(5.5,9.9)); 86
((10.10,11.11),(6.6,7.7)); 89
((10.10,11.11),(6.6,8.8)); 89
((10.10,11.11),(6.6,9.9)); 86
((10.10,11.11),(7.7,8.8)); 100
((10.10,11.11),(7.7,9.9)); 89
((10.10,11.11),(8.8,9.9)); 89
((10.10,2.2),(3.3,4.4)); 3
((10.10,2.2),(5.5,6.6)); 100
((10.10,2.2),(5.5,7.7)); 89
((10.10,2.2),(5.5,8.8)); 89
((10.10,2.2),(5.5,9.9)); 86
((10.10,2.2),(6.6,7.7)); 89
((10.10,2.2),(6.6,8.8)); 89
((10.10,2.2),(6.6,9.9)); 86
((10.10,2.2),(7.7,8.8)); 100
((10.10,2.2),(7.7,9.9)); 89
((10.10,2.2),(8.8,9.9)); 89
((10.10,3.3),(2.2,4.4)); 9
((10.10,3.3),(5.5,6.6)); 100
((10.10,3.3),(5.5,7.7)); 89
((10.10,3.3),(5.5,8.8)); 89
((10.10,3.3),(5.5,9.9)); 86
((10.10,3.3),(6.6,7.7)); 89
((10.10,3.3),(6.6,8.8)); 89
((10.10,3.3),(6.6,9.9)); 86
((10.10,3.3),(7.7,8.8)); 100
((10.10,3.3),(7.7,9.9)); 89
((10.10,3.3),(8.8,9.9)); 89
((10.10,4.4),(2.2,3.3)); 88
((10.10,4.4),(5.5,6.6)); 100
((10.10,4.4),(5.5,7.7)); 89
((10.10,4.4),(5.5,8.8)); 89
((10.10,4.4),(5.5,9.9)); 86
((10.10,4.4),(6.6,7.7)); 89
((10.10,4.4),(6.6,8.8)); 89
((10.10,4.4),(6.6,9.9)); 86
((10.10,4.4),(7.7,8.8)); 100
((10.10,4.4),(7.7,9.9)); 89
((10.10,4.4),(8.8,9.9)); 89
((10.10,5.5),(11.11,2.2)); 100
((10.10,5.5),(11.11,3.3)); 100
((10.10,5.5),(11.11,4.4)); 100
((10.10,5.5),(11.11,7.7)); 7
((10.10,5.5),(11.11,8.8)); 7
((10.10,5.5),(11.11,9.9)); 7
((10.10,5.5),(2.2,3.3)); 100
((10.10,5.5),(2.2,4.4)); 100
((10.10,5.5),(2.2,7.7)); 7
((10.10,5.5),(2.2,8.8)); 7
((10.10,5.5),(2.2,9.9)); 7
((10.10,5.5),(3.3,4.4)); 100
((10.10,5.5),(3.3,7.7)); 7
((10.10,5.5),(3.3,8.8)); 7
((10.10,5.5),(3.3,9.9)); 7
((10.10,5.5),(4.4,7.7)); 7
((10.10,5.5),(4.4,8.8)); 7
((10.10,5.5),(4.4,9.9)); 7
((10.10,5.5),(6.6,7.7)); 1
((10.10,5.5),(6.6,8.8)); 1
((10.10,5.5),(6.6,9.9)); 2
((10.10,5.5),(7.7,8.8)); 100
((10.10,5.5),(7.7,9.9)); 28
((10.10,5.5),(8.8,9.9)); 28
((10.10,6.6),(11.11,2.2)); 100
((10.10,6.6),(11.11,3.3)); 100
((10.10,6.6),(11.11,4.4)); 100
((10.10,6.6),(11.11,7.7)); 7
((10.10,6.6),(11.11,8.8)); 7
((10.10,6.6),(11.11,9.9)); 7
((10.10,6.6),(2.2,3.3)); 100
((10.10,6.6),(2.2,4.4)); 100
((10.10,6.6),(2.2,7.7)); 7
((10.10,6.6),(2.2,8.8)); 7
((10.10,6.6),(2.2,9.9)); 7
((10.10,6.6),(3.3,4.4)); 100
((10.10,6.6),(3.3,7.7)); 7
((10.10,6.6),(3.3,8.8)); 7
((10.10,6.6),(3.3,9.9)); 7
((10.10,6.6),(4.4,7.7)); 7
((10.10,6.6),(4.4,8.8)); 7
((10.10,6.6),(4.4,9.9)); 7
((10.10,6.6),(5.5,7.7)); 1
((10.10,6.6),(5.5,8.8)); 1
((10.10,6.6),(7.7,8.8)); 100
((10.10,6.6),(7.7,9.9)); 27
((10.10,6.6),(8.8,9.9)); 27
((10.10,7.7),(11.11,2.2)); 100
((10.10,7.7),(11.11,3.3)); 100
((10.10,7.7),(11.11,4.4)); 100
((10.10,7.7),(11.11,5.5)); 4
((10.10,7.7),(11.11,6.6)); 4
((10.10,7.7),(11.11,9.9)); 4
((10.10,7.7),(2.2,3.3)); 100
((10.10,7.7),(2.2,4.4)); 100
((10.10,7.7),(2.2,5.5)); 4
((10.10,7.7),(2.2,6.6)); 4
((10.10,7.7),(2.2,9.9)); 4
((10.10,7.7),(3.3,4.4)); 100
((10.10,7.7),(3.3,5.5)); 4
((10.10,7.7),(3.3,6.6)); 4
((10.10,7.7),(3.3,9.9)); 4
((10.10,7.7),(4.4,5.5)); 4
((10.10,7.7),(4.4,6.6)); 4
((10.10,7.7),(4.4,9.9)); 4
((10.10,7.7),(5.5,6.6)); 98
((10.10,7.7),(5.5,9.9)); 19
((10.10,7.7),(6.6,9.9)); 20
((10.10,8.8),(11.11,2.2)); 100
((10.10,8.8),(11.11,3.3)); 100
((10.10,8.8),(11.11,4.4)); 100
((10.10,8.8),(11.11,5.5)); 4
((10.10,8.8),(11.11,6.6)); 4
((10.10,8.8),(11.11,9.9)); 4
((10.10,8.8),(2.2,3.3)); 100
((10.10,8.8),(2.2,4.4)); 100
((10.10,8.8),(2.2,5.5)); 4
((10.10,8.8),(2.2,6.6)); 4
((10.10,8.8),(2.2,9.9)); 4
((10.10,8.8),(3.3,4.4)); 100
((10.10,8.8),(3.3,5.5)); 4
((10.10,8.8),(3.3,6.6)); 4
((10.10,8.8),(3.3,9.9)); 4
((10.10,8.8),(4.4,5.5)); 4
((10.10,8.8),(4.4,6.6)); 4
((10.10,8.8),(4.4,9.9)); 4
((10.10,8.8),(5.5,6.6)); 98
((10.10,8.8),(5.5,9.9)); 19
((10.10,8.8),(6.6,9.9)); 20
((10.10,9.9),(11.11,2.2)); 100
((10.10,9.9),(11.11,3.3)); 100
((10.10,9.9),(11.11,4.4)); 100
((10.10,9.9),(11.11,5.5)); 7
((10.10,9.9),(11.11,6.6)); 7
((10.10,9.9),(11.11,7.7)); 7
((10.10,9.9),(11.11,8.8)); 7
((10.10,9.9),(2.2,3.3)); 100
((10.10,9.9),(2.2,4.4)); 100
((10.10,9.9),(2.2,5.5)); 7
((10.10,9.9),(2.2,6.6)); 7
((10.10,9.9),(2.2,7.7)); 7
((10.10,9.9),(2.2,8.8)); 7
((10.10,9.9),(3.3,4.4)); 100
((10.10,9.9),(3.3,5.5)); 7
((10.10,9.9),(3.3,6.6)); 7
((10.10,9.9),(3.3,7.7)); 7
((10.10,9.9),(3.3,8.8)); 7
((10.10,9.9),(4.4,5.5)); 7
((10.10,9.9),(4.4,6.6)); 7
((10.10,9.9),(4.4,7.7)); 7
((10.10,9.9),(4.4,8.8)); 7
((10.10,9.9),(5.5,6.6)); 98
((10.10,9.9),(5.5,7.7)); 53
((10.10,9.9),(5.5,8.8)); 53
((10.10,9.9),(6.6,7.7)); 53
((10.10,9.9),(6.6,8.8)); 53
((10.10,9.9),(7.7,8.8)); 100
((11.11,2.2),(3.3,4.4)); 3
((11.11,2.2),(5.5,6.6)); 100
((11.11,2.2),(5.5,7.7)); 100
((11.11,2.2),(5.5,8.8)); 100
((11.11,2.2),(5.5,9.9)); 100
((11.11,2.2),(6.6,7.7)); 100
((11.11,2.2),(6.6,8.8)); 100
((11.11,2.2),(6.6,9.9)); 100
((11.11,2.2),(7.7,8.8)); 100
((11.11,2.2),(7.7,9.9)); 100
((11.11,2.2),(8.8,9.9)); 100
((11.11,3.3),(2.2,4.4)); 9
((11.11,3.3),(5.5,6.6)); 100
((11.11,3.3),(5.5,7.7)); 100
((11.11,3.3),(5.5,8.8)); 100
((11.11,3.3),(5.5,9.9)); 100
((11.11,3.3),(6.6,7.7)); 100
((11.11,3.3),(6.6,8.8)); 100
((11.11,3.3),(6.6,9.9)); 100
((11.11,3.3),(7.7,8.8)); 100
((11.11,3.3),(7.7,9.9)); 100
((11.11,3.3),(8.8,9.9)); 100
((11.11,4.4),(2.2,3.3)); 88
((11.11,4.4),(5.5,6.6)); 100
((11.11,4.4),(5.5,7.7)); 100
((11.11,4.4),(5.5,8.8)); 100
((11.11,4.4),(5.5,9.9)); 100
((11.11,4.4),(6.6,7.7)); 100
((11.11,4.4),(6.6,8.8)); 100
((11.11,4.4),(6.6,9.9)); 100
((11.11,4.4),(7.7,8.8)); 100
((11.11,4.4),(7.7,9.9)); 100
((11.11,4.4),(8.8,9.9)); 100
((11.11,5.5),(2.2,3.3)); 100
((11.11,5.5),(2.2,4.4)); 100
((11.11,5.5),(3.3,4.4)); 100
((11.11,5.5),(6.6,7.7)); 1
((11.11,5.5),(6.6,8.8)); 1
((11.11,5.5),(6.6,9.9)); 2
((11.11,5.5),(7.7,8.8)); 100
((11.11,5.5),(7.7,9.9)); 28
((11.11,5.5),(8.8,9.9)); 28
((11.11,6.6),(2.2,3.3)); 100
((11.11,6.6),(2.2,4.4)); 100
((11.11,6.6),(3.3,4.4)); 100
((11.11,6.6),(5.5,7.7)); 1
((11.11,6.6),(5.5,8.8)); 1
((11.11,6.6),(7.7,8.8)); 100
((11.11,6.6),(7.7,9.9)); 27
((11.11,6.6),(8.8,9.9)); 27
((11.11,7.7),(2.2,3.3)); 100
((11.11,7.7),(2.2,4.4)); 100
((11.11,7.7),(3.3,4.4)); 100
((11.11,7.7),(5.5,6.6)); 98
((11.11,7.7),(5.5,9.9)); 19
((11.11,7.7),(6.6,9.9)); 20
((11.11,8.8),(2.2,3.3)); 100
((11.11,8.8),(2.2,4.4)); 100
((11.11,8.8),(3.3,4.4)); 100
((11.11,8.8),(5.5,6.6)); 98
((11.11,8.8),(5.5,9.9)); 19
((11.11,8.8),(6.6,9.9)); 20
((11.11,9.9),(2.2,3.3)); 100
((11.11,9.9),(2.2,4.4)); 100
((11.11,9.9),(3.3,4.4)); 100
((11.11,9.9),(5.5,6.6)); 98
((11.11,9.9),(5.5,7.7)); 53
((11.11,9.9),(5.5,8.8)); 53
((11.11,9.9),(6.6,7.7)); 53
((11.11,9.9),(6.6,8.8)); 53
((11.11,9.9),(7.7,8.8)); 100
((2.2,3.3),(4.4,5.5)); 88
((2.2,3.3),(4.4,6.6)); 88
((2.2,3.3),(4.4,7.7)); 88
((2.2,3.3),(4.4,8.8)); 88
((2.2,3.3),(4.4,9.9)); 88
((2.2,3.3),(5.5,6.6)); 100
((2.2,3.3),(5.5,7.7)); 100
((2.2,3.3),(5.5,8.8)); 100
((2.2,3.3),(5.5,9.9)); 100
((2.2,3.3),(6.6,7.7)); 100
((2.2,3.3),(6.6,8.8)); 100
((2.2,3.3),(6.6,9.9)); 100
((2.2,3.3),(7.7,8.8)); 100
((2.2,3.3),(7.7,9.9)); 100
((2.2,3.3),(8.8,9.9)); 100
((2.2,4.4),(3.3,5.5)); 9
((2.2,4.4),(3.3,6.6)); 9
((2.2,4.4),(3.3,7.7)); 9
((2.2,4.4),(3.3,8.8)); 9
((2.2,4.4),(3.3,9.9)); 9
((2.2,4.4),(5.5,6.6)); 100
((2.2,4.4),(5.5,7.7)); 100
((2.2,4.4),(5.5,8.8)); 100
((2.2,4.4),(5.5,9.9)); 100
((2.2,4.4),(6.6,7.7)); 100
((2.2,4.4),(6.6,8.8)); 100
((2.2,4.4),(6.6,9.9)); 100
((2.2,4.4),(7.7,8.8)); 100
((2.2,4.4),(7.7,9.9)); 100
((2.2,4.4),(8.8,9.9)); 100
((2.2,5.5),(3.3,4.4)); 3
((2.2,5.5),(6.6,7.7)); 1
((2.2,5.5),(6.6,8.8)); 1
((2.2,5.5),(6.6,9.9)); 2
((2.2,5.5),(7.7,8.8)); 100
((2.2,5.5),(7.7,9.9)); 28
((2.2,5.5),(8.8,9.9)); 28
((2.2,6.6),(3.3,4.4)); 3
((2.2,6.6),(5.5,7.7)); 1
((2.2,6.6),(5.5,8.8)); 1
((2.2,6.6),(7.7,8.8)); 100
((2.2,6.6),(7.7,9.9)); 27
((2.2,6.6),(8.8,9.9)); 27
((2.2,7.7),(3.3,4.4)); 3
((2.2,7.7),(5.5,6.6)); 98
((2.2,7.7),(5.5,9.9)); 19
((2.2,7.7),(6.6,9.9)); 20
((2.2,8.8),(3.3,4.4)); 3
((2.2,8.8),(5.5,6.6)); 98
((2.2,8.8),(5.5,9.9)); 19
((2.2,8.8),(6.6,9.9)); 20
((2.2,9.9),(3.3,4.4)); 3
((2.2,9.9),(5.5,6.6)); 98
((2.2,9.9),(5.5,7.7)); 53
((2.2,9.9),(5.5,8.8)); 53
((2.2,9.9),(6.6,7.7)); 53
((2.2,9.9),(6.6,8.8)); 53
((2.2,9.9),(7.7,8.8)); 100
((3.3,4.4),(5.5,6.6)); 100
((3.3,4.4),(5.5,7.7)); 100
((3.3,4.4),(5.5,8.8)); 100
((3.3,4.4),(5.5,9.9)); 100
((3.3,4.4),(6.6,7.7)); 100
((3.3,4.4),(6.6,8.8)); 100
((3.3,4.4),(6.6,9.9)); 100
((3.3,4.4),(7.7,8.8)); 100
((3.3,4.4),(7.7,9.9)); 100
((3.3,4.4),(8.8,9.9)); 100
((3.3,5.5),(6.6,7.7)); 1
((3.3,5.5),(6.6,8.8)); 1
((3.3,5.5),(6.6,9.9)); 2
((3.3,5.5),(7.7,8.8)); 100
((3.3,5.5),(7.7,9.9)); 28
((3.3,5.5),(8.8,9.9)); 28
((3.3,6.6),(5.5,7.7)); 1
((3.3,6.6),(5.5,8.8)); 1
((3.3,6.6),(7.7,8.8)); 100
((3.3,6.6),(7.7,9.9)); 27
((3.3,6.6),(8.8,9.9)); 27
((3.3,7.7),(5.5,6.6)); 98
((3.3,7.7),(5.5,9.9)); 19
((3.3,7.7),(6.6,9.9)); 20
((3.3,8.8),(5.5,6.6)); 98
((3.3,8.8),(5.5,9.9)); 19
((3.3,8.8),(6.6,9.9)); 20
((3.3,9.9),(5.5,6.6)); 98
((3.3,9.9),(5.5,7.7)); 53
((3.3,9.9),(5.5,8.8)); 53
((3.3,9.9),(6.6,7.7)); 53
((3.3,9.9),(6.6,8.8)); 53
((3.3,9.9),(7.7,8.8)); 100
((4.4,5.5),(6.6,7.7)); 1
((4.4,5.5),(6.6,8.8)); 1
((4.4,5.5),(6.6,9.9)); 2
((4.4,5.5),(7.7,8.8)); 100
((4.4,5.5),(7.7,9.9)); 28
((4.4,5.5),(8.8,9.9)); 28
((4.4,6.6),(5.5,7.7)); 1
((4.4,6.6),(5.5,8.8)); 1
((4.4,6.6),(7.7,8.8)); 100
((4.4,6.6),(7.7,9.9)); 27
((4.4,6.6),(8.8,9.9)); 27
((4.4,7.7),(5.5,6.6)); 98
((4.4,7.7),(5.5,9.9)); 19
((4.4,7.7),(6.6,9.9)); 20
((4.4,8.8),(5.5,6.6)); 98
((4.4,8.8),(5.5,9.9)); 19
((4.4,8.8),(6.6,9.9)); 20
((4.4,9.9),(5.5,6.6)); 98
((4.4,9.9),(5.5,7.7)); 53
((4.4,9.9),(5.5,8.8)); 53
((4.4,9.9),(6.6,7.7)); 53
((4.4,9.9),(6.6,8.8)); 53
((4.4,9.9),(7.7,8.8)); 100
((5.5,6.6),(7.7,8.8)); 100
((5.5,6.6),(7.7,9.9)); 98
((5.5,6.6),(8.8,9.9)); 98
((5.5,7.7),(6.6,9.9)); 1
((5.5,8.8),(6.6,9.9)); 1
((5.5,9.9),(6.6,7.7)); 1
((5.5,9.9),(6.6,8.8)); 1
((5.5,9.9),(7.7,8.8)); 100
((6.6,9.9),(7.7,8.8)); 100
