((1,10),(11,2)); 3
((1,10),(11,3)); 3
((1,10),(11,4)); 4
((1,10),(11,5)); 1
((1,10),(11,6)); 1
((1,10),(11,7)); 2
((1,10),(11,8)); 2
((1,10),(11,9)); 2
((1,10),(2,3)); 31
((1,10),(2,4)); 23
((1,10),(3,4)); 33
((1,10),(5,6)); 80
((1,10),(5,7)); 61
((1,10),(5,8)); 59
((1,10),(5,9)); 51
((1,10),(6,7)); 58
((1,10),(6,8)); 59
((1,10),(6,9)); 50
((1,10),(7,8)); 79
((1,10),(7,9)); 48
((1,10),(8,9)); 53
((1,11),(10,2)); 1
((1,11),(10,3)); 3
((1,11),(10,4)); 3
((1,11),(10,5)); 98
((1,11),(10,6)); 98
((1,11),(10,7)); 97
((1,11),(10,8)); 97
((1,11),(10,9)); 97
((1,11),(2,3)); 30
((1,11),(2,4)); 23
((1,11),(2,5)); 1
((1,11),(2,6)); 1
((1,11),(3,4)); 33
((1,11),(3,5)); 3
((1,11),(3,6)); 3
((1,11),(3,7)); 2
((1,11),(3,8)); 2
((1,11),(3,9)); 2
((1,11),(4,5)); 3
((1,11),(4,6)); 3
((1,11),(4,7)); 2
((1,11),(4,8)); 2
((1,11),(4,9)); 2
((1,11),(5,6)); 100
((1,11),(5,7)); 98
((1,11),(5,8)); 99
((1,11),(5,9)); 99
((1,11),(6,7)); 98
((1,11),(6,8)); 99
((1,11),(6,9)); 99
((1,11),(7,8)); 99
((1,11),(7,9)); 98
((1,11),(8,9)); 99
((1,2),(10,11)); 96
((1,2),(10,3)); 36
((1,2),(10,4)); 58
((1,2),(10,5)); 100
((1,2),(10,6)); 100
((1,2),(10,7)); 99
((1,2),(10,8)); 99
((1,2),(10,9)); 99
((1,2),(11,3)); 38
((1,2),(11,4)); 58
((1,2),(11,5)); 96
((1,2),(11,6)); 96
((1,2),(11,7)); 97
((1,2),(11,8)); 97
((1,2),(11,9)); 97
((1,2),(3,4)); 42
((1,2),(3,5)); 36
((1,2),(3,6)); 36
((1,2),(3,7)); 36
((1,2),(3,8)); 36
((1,2),(3,9)); 36
((1,2),(4,5)); 58
((1,2),(4,6)); 58
((1,2),(4,7)); 58
((1,2),(4,8)); 58
((1,2),(4,9)); 58
((1,2),(5,6)); 100
((1,2),(5,7)); 99
((1,2),(5,8)); 99
((1,2),(5,9)); 99
((1,2),(6,7)); 99
((1,2),(6,8)); 99
((1,2),(6,9)); 99
((1,2),(7,8)); 100
((1,2),(7,9)); 100
((1,2),(8,9)); 100
((1,3),(10,11)); 94
((1,3),(10,2)); 33
((1,3),(10,4)); 49
((1,3),(10,5)); 100
((1,3),(10,6)); 100
((1,3),(10,7)); 99
((1,3),(10,8)); 99
((1,3),(10,9)); 99
((1,3),(11,2)); 32
((1,3),(11,4)); 48
((1,3),(11,5)); 94
((1,3),(11,6)); 94
((1,3),(11,7)); 95
((1,3),(11,8)); 95
((1,3),(11,9)); 95
((1,3),(2,4)); 28
((1,3),(2,5)); 33
((1,3),(2,6)); 33
((1,3),(2,7)); 32
((1,3),(2,8)); 32
((1,3),(2,9)); 32
((1,3),(4,5)); 49
((1,3),(4,6)); 49
((1,3),(4,7)); 48
((1,3),(4,8)); 48
((1,3),(4,9)); 48
((1,3),(5,6)); 100
((1,3),(5,7)); 99
((1,3),(5,8)); 99
((1,3),(5,9)); 99
((1,3),(6,7)); 99
((1,3),(6,8)); 99
((1,3),(6,9)); 99
((1,3),(7,8)); 100
((1,3),(7,9)); 100
((1,3),(8,9)); 100
((1,4),(10,11)); 93
((1,4),(10,2)); 19
((1,4),(10,3)); 18
((1,4),(10,5)); 100
((1,4),(10,6)); 100
((1,4),(10,7)); 99
((1,4),(10,8)); 99
((1,4),(10,9)); 99
((1,4),(11,2)); 19
((1,4),(11,3)); 19
((1,4),(11,5)); 93
((1,4),(11,6)); 93
((1,4),(11,7)); 94
((1,4),(11,8)); 94
((1,4),(11,9)); 94
((1,4),(2,3)); 30
((1,4),(2,5)); 19
((1,4),(2,6)); 19
((1,4),(2,7)); 19
((1,4),(2,8)); 19
((1,4),(2,9)); 19
((1,4),(3,5)); 18
((1,4),(3,6)); 18
((1,4),(3,7)); 18
((1,4),(3,8)); 18
((1,4),(3,9)); 18
((1,4),(5,6)); 100
((1,4),(5,7)); 99
((1,4),(5,8)); 99
((1,4),(5,9)); 99
((1,4),(6,7)); 99
((1,4),(6,8)); 99
((1,4),(6,9)); 99
((1,4),(7,8)); 100
((1,4),(7,9)); 100
((1,4),(8,9)); 100
((1,5),(10,11)); 1
((1,5),(10,6)); 14
((1,5),(10,7)); 21
((1,5),(10,8)); 23
((1,5),(10,9)); 26
((1,5),(11,2)); 3
((1,5),(11,3)); 3
((1,5),(11,4)); 4
((1,5),(11,7)); 1
((1,5),(11,8)); 1
((1,5),(11,9)); 1
((1,5),(2,3)); 31
((1,5),(2,4)); 23
((1,5),(3,4)); 33
((1,5),(6,7)); 18
((1,5),(6,8)); 15
((1,5),(6,9)); 13
((1,5),(7,8)); 77
((1,5),(7,9)); 31
((1,5),(8,9)); 37
((1,6),(10,11)); 1
((1,6),(10,5)); 6
((1,6),(10,7)); 20
((1,6),(10,8)); 17
((1,6),(10,9)); 21
((1,6),(11,2)); 3
((1,6),(11,3)); 3
((1,6),(11,4)); 4
((1,6),(11,7)); 1
((1,6),(11,8)); 1
((1,6),(11,9)); 1
((1,6),(2,3)); 31
((1,6),(2,4)); 23
((1,6),(3,4)); 33
((1,6),(5,7)); 14
((1,6),(5,8)); 14
((1,6),(5,9)); 18
((1,6),(7,8)); 77
((1,6),(7,9)); 30
((1,6),(8,9)); 36
((1,7),(10,11)); 1
((1,7),(10,2)); 1
((1,7),(10,3)); 1
((1,7),(10,4)); 1
((1,7),(10,5)); 18
((1,7),(10,6)); 22
((1,7),(10,8)); 12
((1,7),(10,9)); 25
((1,7),(11,2)); 3
((1,7),(11,3)); 3
((1,7),(11,4)); 4
((1,7),(11,5)); 1
((1,7),(11,6)); 1
((1,7),(11,8)); 1
((1,7),(11,9)); 2
((1,7),(2,3)); 32
((1,7),(2,4)); 23
((1,7),(2,5)); 1
((1,7),(2,6)); 1
((1,7),(3,4)); 34
((1,7),(3,5)); 1
((1,7),(3,6)); 1
((1,7),(4,5)); 1
((1,7),(4,6)); 1
((1,7),(5,6)); 68
((1,7),(5,8)); 14
((1,7),(5,9)); 26
((1,7),(6,8)); 13
((1,7),(6,9)); 25
((1,7),(8,9)); 14
((1,8),(10,11)); 1
((1,8),(10,2)); 1
((1,8),(10,3)); 1
((1,8),(10,4)); 1
((1,8),(10,5)); 18
((1,8),(10,6)); 24
((1,8),(10,7)); 9
((1,8),(10,9)); 21
((1,8),(11,2)); 3
((1,8),(11,3)); 3
((1,8),(11,4)); 4
((1,8),(11,9)); 1
((1,8),(2,3)); 32
((1,8),(2,4)); 23
((1,8),(2,5)); 1
((1,8),(2,6)); 1
((1,8),(3,4)); 34
((1,8),(3,5)); 1
((1,8),(3,6)); 1
((1,8),(4,5)); 1
((1,8),(4,6)); 1
((1,8),(5,6)); 71
((1,8),(5,7)); 9
((1,8),(5,9)); 24
((1,8),(6,7)); 10
((1,8),(6,9)); 22
((1,8),(7,9)); 9
((1,9),(10,11)); 1
((1,9),(10,2)); 1
((1,9),(10,3)); 1
((1,9),(10,4)); 1
((1,9),(10,5)); 23
((1,9),(10,6)); 29
((1,9),(10,7)); 27
((1,9),(10,8)); 26
((1,9),(11,2)); 3
((1,9),(11,3)); 3
((1,9),(11,4)); 4
((1,9),(2,3)); 32
((1,9),(2,4)); 23
((1,9),(2,5)); 1
((1,9),(2,6)); 1
((1,9),(3,4)); 34
((1,9),(3,5)); 1
((1,9),(3,6)); 1
((1,9),(4,5)); 1
((1,9),(4,6)); 1
((1,9),(5,6)); 69
((1,9),(5,7)); 43
((1,9),(5,8)); 39
((1,9),(6,7)); 45
((1,9),(6,8)); 42
((1,9),(7,8)); 77
((10,11),(2,3)); 95
((10,11),(2,4)); 97
((10,11),(2,5)); 1
((10,11),(2,6)); 1
((10,11),(2,7)); 1
((10,11),(2,8)); 1
((10,11),(2,9)); 1
((10,11),(3,4)); 94
((10,11),(3,5)); 1
((10,11),(3,6)); 1
((10,11),(3,7)); 1
((10,11),(3,8)); 1
((10,11),(3,9)); 1
((10,11),(4,5)); 1
((10,11),(4,6)); 1
((10,11),(4,7)); 1
((10,11),(4,8)); 1
((10,11),(4,9)); 1
((10,11),(5,6)); 80
((10,11),(5,7)); 62
((10,11),(5,8)); 59
((10,11),(5,9)); 51
((10,11),(6,7)); 59
((10,11),(6,8)); 59
((10,11),(6,9)); 50
((10,11),(7,8)); 80
((10,11),(7,9)); 48
((10,11),(8,9)); 52
((10,2),(11,3)); 3
((10,2),(11,4)); 1
((10,2),(11,5)); 1
((10,2),(11,6)); 1
((10,2),(11,7)); 2
((10,2),(11,8)); 2
((10,2),(11,9)); 2
((10,2),(3,4)); 30
((10,2),(3,7)); 1
((10,2),(3,8)); 1
((10,2),(3,9)); 1
((10,2),(5,6)); 80
((10,2),(5,7)); 61
((10,2),(5,8)); 59
((10,2),(5,9)); 51
((10,2),(6,7)); 58
((10,2),(6,8)); 59
((10,2),(6,9)); 50
((10,2),(7,8)); 79
((10,2),(7,9)); 48
((10,2),(8,9)); 53
((10,3),(11,2)); 2
((10,3),(11,4)); 1
((10,3),(11,5)); 1
((10,3),(11,6)); 1
((10,3),(11,7)); 2
((10,3),(11,8)); 2
((10,3),(11,9)); 2
((10,3),(2,4)); 20
((10,3),(5,6)); 80
((10,3),(5,7)); 61
((10,3),(5,8)); 59
((10,3),(5,9)); 51
((10,3),(6,7)); 58
((10,3),(6,8)); 59
((10,3),(6,9)); 50
((10,3),(7,8)); 79
((10,3),(7,9)); 48
((10,3),(8,9)); 53
((10,4),(11,2)); 2
((10,4),(11,3)); 5
((10,4),(11,5)); 1
((10,4),(11,6)); 1
((10,4),(11,7)); 2
((10,4),(11,8)); 2
((10,4),(11,9)); 2
((10,4),(2,3)); 50
((10,4),(3,7)); 1
((10,4),(3,8)); 1
((10,4),(3,9)); 1
((10,4),(5,6)); 80
((10,4),(5,7)); 61
((10,4),(5,8)); 59
((10,4),(5,9)); 51
((10,4),(6,7)); 58
((10,4),(6,8)); 59
((10,4),(6,9)); 50
((10,4),(7,8)); 79
((10,4),(7,9)); 48
((10,4),(8,9)); 53
((10,5),(11,2)); 98
((10,5),(11,3)); 98
((10,5),(11,4)); 98
((10,5),(11,6)); 6
((10,5),(11,7)); 17
((10,5),(11,8)); 18
((10,5),(11,9)); 23
((10,5),(2,3)); 100
((10,5),(2,4)); 100
((10,5),(2,6)); 6
((10,5),(2,7)); 18
((10,5),(2,8)); 18
((10,5),(2,9)); 23
((10,5),(3,4)); 100
((10,5),(3,6)); 6
((10,5),(3,7)); 18
((10,5),(3,8)); 18
((10,5),(3,9)); 23
((10,5),(4,6)); 6
((10,5),(4,7)); 18
((10,5),(4,8)); 18
((10,5),(4,9)); 23
((10,5),(6,7)); 13
((10,5),(6,8)); 10
((10,5),(6,9)); 8
((10,5),(7,8)); 73
((10,5),(7,9)); 27
((10,5),(8,9)); 30
((10,6),(11,2)); 98
((10,6),(11,3)); 98
((10,6),(11,4)); 98
((10,6),(11,5)); 14
((10,6),(11,7)); 21
((10,6),(11,8)); 24
((10,6),(11,9)); 29
((10,6),(2,3)); 100
((10,6),(2,4)); 100
((10,6),(2,5)); 14
((10,6),(2,7)); 22
((10,6),(2,8)); 24
((10,6),(2,9)); 29
((10,6),(3,4)); 100
((10,6),(3,5)); 14
((10,6),(3,7)); 22
((10,6),(3,8)); 24
((10,6),(3,9)); 29
((10,6),(4,5)); 14
((10,6),(4,7)); 22
((10,6),(4,8)); 24
((10,6),(4,9)); 29
((10,6),(5,7)); 21
((10,6),(5,8)); 23
((10,6),(5,9)); 22
((10,6),(7,8)); 79
((10,6),(7,9)); 34
((10,6),(8,9)); 37
((10,7),(11,2)); 97
((10,7),(11,3)); 97
((10,7),(11,4)); 97
((10,7),(11,5)); 21
((10,7),(11,6)); 20
((10,7),(11,8)); 9
((10,7),(11,9)); 28
((10,7),(2,3)); 99
((10,7),(2,4)); 100
((10,7),(2,5)); 21
((10,7),(2,6)); 20
((10,7),(2,8)); 9
((10,7),(2,9)); 27
((10,7),(3,4)); 99
((10,7),(3,5)); 21
((10,7),(3,6)); 20
((10,7),(3,8)); 9
((10,7),(3,9)); 27
((10,7),(4,5)); 21
((10,7),(4,6)); 20
((10,7),(4,8)); 9
((10,7),(4,9)); 27
((10,7),(5,6)); 66
((10,7),(5,8)); 17
((10,7),(5,9)); 29
((10,7),(6,8)); 11
((10,7),(6,9)); 21
((10,7),(8,9)); 13
((10,8),(11,2)); 97
((10,8),(11,3)); 97
((10,8),(11,4)); 97
((10,8),(11,5)); 23
((10,8),(11,6)); 17
((10,8),(11,7)); 11
((10,8),(11,9)); 27
((10,8),(2,3)); 99
((10,8),(2,4)); 100
((10,8),(2,5)); 23
((10,8),(2,6)); 17
((10,8),(2,7)); 12
((10,8),(2,9)); 26
((10,8),(3,4)); 99
((10,8),(3,5)); 23
((10,8),(3,6)); 17
((10,8),(3,7)); 12
((10,8),(3,9)); 26
((10,8),(4,5)); 23
((10,8),(4,6)); 17
((10,8),(4,7)); 12
((10,8),(4,9)); 26
((10,8),(5,6)); 67
((10,8),(5,7)); 10
((10,8),(5,9)); 26
((10,8),(6,7)); 10
((10,8),(6,9)); 19
((10,8),(7,9)); 11
((10,9),(11,2)); 97
((10,9),(11,3)); 97
((10,9),(11,4)); 97
((10,9),(11,5)); 26
((10,9),(11,6)); 21
((10,9),(11,7)); 24
((10,9),(11,8)); 21
((10,9),(2,3)); 99
((10,9),(2,4)); 100
((10,9),(2,5)); 26
((10,9),(2,6)); 21
((10,9),(2,7)); 25
((10,9),(2,8)); 21
((10,9),(3,4)); 99
((10,9),(3,5)); 26
((10,9),(3,6)); 21
((10,9),(3,7)); 25
((10,9),(3,8)); 21
((10,9),(4,5)); 26
((10,9),(4,6)); 21
((10,9),(4,7)); 25
((10,9),(4,8)); 21
((10,9),(5,6)); 70
((10,9),(5,7)); 44
((10,9),(5,8)); 44
((10,9),(6,7)); 45
((10,9),(6,8)); 44
((10,9),(7,8)); 76
((11,2),(3,4)); 31
((11,2),(3,5)); 2
((11,2),(3,6)); 2
((11,2),(3,7)); 2
((11,2),(3,8)); 2
((11,2),(3,9)); 2
((11,2),(4,5)); 2
((11,2),(4,6)); 2
((11,2),(4,7)); 2
((11,2),(4,8)); 2
((11,2),(4,9)); 2
((11,2),(5,6)); 100
((11,2),(5,7)); 98
((11,2),(5,8)); 99
((11,2),(5,9)); 99
((11,2),(6,7)); 98
((11,2),(6,8)); 99
((11,2),(6,9)); 99
((11,2),(7,8)); 99
((11,2),(7,9)); 98
((11,2),(8,9)); 99
((11,3),(2,4)); 19
((11,3),(2,5)); 3
((11,3),(2,6)); 3
((11,3),(2,7)); 2
((11,3),(2,8)); 2
((11,3),(2,9)); 2
((11,3),(4,5)); 5
((11,3),(4,6)); 5
((11,3),(4,7)); 4
((11,3),(4,8)); 4
((11,3),(4,9)); 4
((11,3),(5,6)); 100
((11,3),(5,7)); 98
((11,3),(5,8)); 99
((11,3),(5,9)); 99
((11,3),(6,7)); 98
((11,3),(6,8)); 99
((11,3),(6,9)); 99
((11,3),(7,8)); 99
((11,3),(7,9)); 98
((11,3),(8,9)); 99
((11,4),(2,3)); 50
((11,4),(2,5)); 1
((11,4),(2,6)); 1
((11,4),(2,7)); 1
((11,4),(2,8)); 1
((11,4),(2,9)); 1
((11,4),(3,5)); 1
((11,4),(3,6)); 1
((11,4),(3,7)); 1
((11,4),(3,8)); 1
((11,4),(3,9)); 1
((11,4),(5,6)); 100
((11,4),(5,7)); 98
((11,4),(5,8)); 99
((11,4),(5,9)); 99
((11,4),(6,7)); 98
((11,4),(6,8)); 99
((11,4),(6,9)); 99
((11,4),(7,8)); 99
((11,4),(7,9)); 98
((11,4),(8,9)); 99
((11,5),(2,3)); 95
((11,5),(2,4)); 97
((11,5),(2,7)); 1
((11,5),(3,4)); 94
((11,5),(3,7)); 1
((11,5),(4,7)); 1
((11,5),(6,7)); 18
((11,5),(6,8)); 15
((11,5),(6,9)); 13
((11,5),(7,8)); 77
((11,5),(7,9)); 30
((11,5),(8,9)); 36
((11,6),(2,3)); 95
((11,6),(2,4)); 97
((11,6),(2,7)); 1
((11,6),(3,4)); 94
((11,6),(3,7)); 1
((11,6),(4,7)); 1
((11,6),(5,7)); 14
((11,6),(5,8)); 14
((11,6),(5,9)); 18
((11,6),(7,8)); 77
((11,6),(7,9)); 29
((11,6),(8,9)); 35
((11,7),(2,3)); 96
((11,7),(2,4)); 97
((11,7),(2,5)); 1
((11,7),(2,6)); 1
((11,7),(3,4)); 95
((11,7),(3,5)); 1
((11,7),(3,6)); 1
((11,7),(4,5)); 1
((11,7),(4,6)); 1
((11,7),(5,6)); 68
((11,7),(5,8)); 14
((11,7),(5,9)); 26
((11,7),(6,8)); 13
((11,7),(6,9)); 25
((11,7),(8,9)); 14
((11,8),(2,3)); 96
((11,8),(2,4)); 97
((11,8),(2,5)); 1
((11,8),(2,6)); 1
((11,8),(2,7)); 1
((11,8),(3,4)); 95
((11,8),(3,5)); 1
((11,8),(3,6)); 1
((11,8),(3,7)); 1
((11,8),(4,5)); 1
((11,8),(4,6)); 1
((11,8),(4,7)); 1
((11,8),(5,6)); 71
((11,8),(5,7)); 9
((11,8),(5,9)); 24
((11,8),(6,7)); 10
((11,8),(6,9)); 22
((11,8),(7,9)); 9
((11,9),(2,3)); 96
((11,9),(2,4)); 97
((11,9),(2,5)); 1
((11,9),(2,6)); 1
((11,9),(2,7)); 2
((11,9),(2,8)); 1
((11,9),(3,4)); 95
((11,9),(3,5)); 1
((11,9),(3,6)); 1
((11,9),(3,7)); 2
((11,9),(3,8)); 1
((11,9),(4,5)); 1
((11,9),(4,6)); 1
((11,9),(4,7)); 2
((11,9),(4,8)); 1
((11,9),(5,6)); 69
((11,9),(5,7)); 44
((11,9),(5,8)); 40
((11,9),(6,7)); 46
((11,9),(6,8)); 43
((11,9),(7,8)); 77
((2,3),(4,5)); 50
((2,3),(4,6)); 50
((2,3),(4,7)); 50
((2,3),(4,8)); 50
((2,3),(4,9)); 50
((2,3),(5,6)); 100
((2,3),(5,7)); 99
((2,3),(5,8)); 99
((2,3),(5,9)); 99
((2,3),(6,7)); 99
((2,3),(6,8)); 99
((2,3),(6,9)); 99
((2,3),(7,8)); 100
((2,3),(7,9)); 100
((2,3),(8,9)); 100
((2,4),(3,5)); 20
((2,4),(3,6)); 20
((2,4),(3,7)); 20
((2,4),(3,8)); 20
((2,4),(3,9)); 20
((2,4),(5,6)); 100
((2,4),(5,7)); 100
((2,4),(5,8)); 100
((2,4),(5,9)); 100
((2,4),(6,7)); 100
((2,4),(6,8)); 100
((2,4),(6,9)); 100
((2,4),(7,8)); 100
((2,4),(7,9)); 100
((2,4),(8,9)); 100
((2,5),(3,4)); 30
((2,5),(3,7)); 1
((2,5),(3,8)); 1
((2,5),(3,9)); 1
((2,5),(6,7)); 18
((2,5),(6,8)); 15
((2,5),(6,9)); 13
((2,5),(7,8)); 77
((2,5),(7,9)); 31
((2,5),(8,9)); 37
((2,6),(3,4)); 30
((2,6),(3,7)); 1
((2,6),(3,8)); 1
((2,6),(3,9)); 1
((2,6),(5,7)); 14
((2,6),(5,8)); 14
((2,6),(5,9)); 18
((2,6),(7,8)); 77
((2,6),(7,9)); 30
((2,6),(8,9)); 36
((2,7),(3,4)); 30
((2,7),(5,6)); 68
((2,7),(5,8)); 14
((2,7),(5,9)); 26
((2,7),(6,8)); 13
((2,7),(6,9)); 25
((2,7),(8,9)); 14
((2,8),(3,4)); 30
((2,8),(5,6)); 71
((2,8),(5,7)); 9
((2,8),(5,9)); 24
((2,8),(6,7)); 10
((2,8),(6,9)); 22
((2,8),(7,9)); 9
((2,9),(3,4)); 30
((2,9),(5,6)); 69
((2,9),(5,7)); 43
((2,9),(5,8)); 39
((2,9),(6,7)); 45
((2,9),(6,8)); 42
((2,9),(7,8)); 77
((3,4),(5,6)); 100
((3,4),(5,7)); 99
((3,4),(5,8)); 99
((3,4),(5,9)); 99
((3,4),(6,7)); 99
((3,4),(6,8)); 99
((3,4),(6,9)); 99
((3,4),(7,8)); 100
((3,4),(7,9)); 100
((3,4),(8,9)); 100
((3,5),(6,7)); 18
((3,5),(6,8)); 15
((3,5),(6,9)); 13
((3,5),(7,8)); 77
((3,5),(7,9)); 31
((3,5),(8,9)); 37
((3,6),(5,7)); 14
((3,6),(5,8)); 14
((3,6),(5,9)); 18
((3,6),(7,8)); 77
((3,6),(7,9)); 30
((3,6),(8,9)); 36
((3,7),(4,5)); 1
((3,7),(4,6)); 1
((3,7),(5,6)); 68
((3,7),(5,8)); 14
((3,7),(5,9)); 26
((3,7),(6,8)); 13
((3,7),(6,9)); 25
((3,7),(8,9)); 14
((3,8),(4,5)); 1
((3,8),(4,6)); 1
((3,8),(5,6)); 71
((3,8),(5,7)); 9
((3,8),(5,9)); 24
((3,8),(6,7)); 10
((3,8),(6,9)); 22
((3,8),(7,9)); 9
((3,9),(4,5)); 1
((3,9),(4,6)); 1
((3,9),(5,6)); 69
((3,9),(5,7)); 43
((3,9),(5,8)); 39
((3,9),(6,7)); 45
((3,9),(6,8)); 42
((3,9),(7,8)); 77
((4,5),(6,7)); 18
((4,5),(6,8)); 15
((4,5),(6,9)); 13
((4,5),(7,8)); 77
((4,5),(7,9)); 31
((4,5),(8,9)); 37
((4,6),(5,7)); 14
((4,6),(5,8)); 14
((4,6),(5,9)); 18
((4,6),(7,8)); 77
((4,6),(7,9)); 30
((4,6),(8,9)); 36
((4,7),(5,6)); 68
((4,7),(5,8)); 14
((4,7),(5,9)); 26
((4,7),(6,8)); 13
((4,7),(6,9)); 25
((4,7),(8,9)); 14
((4,8),(5,6)); 71
((4,8),(5,7)); 9
((4,8),(5,9)); 24
((4,8),(6,7)); 10
((4,8),(6,9)); 22
((4,8),(7,9)); 9
((4,9),(5,6)); 69
((4,9),(5,7)); 43
((4,9),(5,8)); 39
((4,9),(6,7)); 45
((4,9),(6,8)); 42
((4,9),(7,8)); 77
((5,6),(7,8)); 85
((5,6),(7,9)); 64
((5,6),(8,9)); 70
((5,7),(6,8)); 5
((5,7),(6,9)); 15
((5,7),(8,9)); 13
((5,8),(6,7)); 10
((5,8),(6,9)); 14
((5,8),(7,9)); 15
((5,9),(6,7)); 21
((5,9),(6,8)); 16
((5,9),(7,8)); 72
((6,7),(8,9)); 14
((6,8),(7,9)); 12
((6,9),(7,8)); 74
