((1,10),(11,2)); 3
((1,10),(11,3)); 2
((1,10),(11,4)); 4
((1,10),(11,5)); 2
((1,10),(11,6)); 1
((1,10),(11,7)); 2
((1,10),(11,8)); 4
((1,10),(11,9)); 2
((1,10),(2,3)); 26
((1,10),(2,4)); 20
((1,10),(2,5)); 1
((1,10),(2,6)); 1
((1,10),(2,7)); 1
((1,10),(2,8)); 1
((1,10),(2,9)); 1
((1,10),(3,4)); 17
((1,10),(3,5)); 1
((1,10),(3,6)); 1
((1,10),(3,7)); 1
((1,10),(3,8)); 1
((1,10),(3,9)); 1
((1,10),(4,5)); 1
((1,10),(4,6)); 1
((1,10),(4,7)); 1
((1,10),(4,8)); 1
((1,10),(4,9)); 1
((1,10),(5,6)); 80
((1,10),(5,7)); 57
((1,10),(5,8)); 64
((1,10),(5,9)); 50
((1,10),(6,7)); 58
((1,10),(6,8)); 63
((1,10),(6,9)); 47
((1,10),(7,8)); 79
((1,10),(7,9)); 49
((1,10),(8,9)); 51
((1,11),(10,2)); 1
((1,11),(10,3)); 3
((1,11),(10,4)); 1
((1,11),(10,5)); 93
((1,11),(10,6)); 95
((1,11),(10,7)); 92
((1,11),(10,8)); 92
((1,11),(10,9)); 94
((1,11),(2,3)); 25
((1,11),(2,4)); 17
((1,11),(2,5)); 2
((1,11),(2,6)); 2
((1,11),(2,7)); 2
((1,11),(2,8)); 2
((1,11),(2,9)); 2
((1,11),(3,4)); 16
((1,11),(3,5)); 4
((1,11),(3,6)); 4
((1,11),(3,7)); 4
((1,11),(3,8)); 4
((1,11),(3,9)); 4
((1,11),(4,5)); 2
((1,11),(4,6)); 2
((1,11),(4,7)); 2
((1,11),(4,8)); 2
((1,11),(4,9)); 2
((1,11),(5,6)); 96
((1,11),(5,7)); 93
((1,11),(5,8)); 95
((1,11),(5,9)); 95
((1,11),(6,7)); 94
((1,11),(6,8)); 95
((1,11),(6,9)); 96
((1,11),(7,8)); 95
((1,11),(7,9)); 94
((1,11),(8,9)); 94
((1,2),(10,11)); 96
((1,2),(10,3)); 47
((1,2),(10,4)); 56
((1,2),(10,5)); 99
((1,2),(10,6)); 99
((1,2),(10,7)); 99
((1,2),(10,8)); 99
((1,2),(10,9)); 99
((1,2),(11,3)); 46
((1,2),(11,4)); 57
((1,2),(11,5)); 95
((1,2),(11,6)); 95
((1,2),(11,7)); 95
((1,2),(11,8)); 95
((1,2),(11,9)); 95
((1,2),(3,4)); 36
((1,2),(3,5)); 47
((1,2),(3,6)); 47
((1,2),(3,7)); 48
((1,2),(3,8)); 47
((1,2),(3,9)); 47
((1,2),(4,5)); 57
((1,2),(4,6)); 57
((1,2),(4,7)); 56
((1,2),(4,8)); 56
((1,2),(4,9)); 57
((1,2),(5,6)); 100
((1,2),(5,7)); 99
((1,2),(5,8)); 99
((1,2),(5,9)); 100
((1,2),(6,7)); 99
((1,2),(6,8)); 99
((1,2),(6,9)); 100
((1,2),(7,8)); 99
((1,2),(7,9)); 99
((1,2),(8,9)); 99
((1,3),(10,11)); 95
((1,3),(10,2)); 27
((1,3),(10,4)); 54
((1,3),(10,5)); 99
((1,3),(10,6)); 99
((1,3),(10,7)); 99
((1,3),(10,8)); 99
((1,3),(10,9)); 99
((1,3),(11,2)); 29
((1,3),(11,4)); 57
((1,3),(11,5)); 94
((1,3),(11,6)); 94
((1,3),(11,7)); 94
((1,3),(11,8)); 94
((1,3),(11,9)); 94
((1,3),(2,4)); 31
((1,3),(2,5)); 28
((1,3),(2,6)); 28
((1,3),(2,7)); 27
((1,3),(2,8)); 27
((1,3),(2,9)); 28
((1,3),(4,5)); 55
((1,3),(4,6)); 55
((1,3),(4,7)); 54
((1,3),(4,8)); 54
((1,3),(4,9)); 55
((1,3),(5,6)); 100
((1,3),(5,7)); 99
((1,3),(5,8)); 99
((1,3),(5,9)); 100
((1,3),(6,7)); 99
((1,3),(6,8)); 99
((1,3),(6,9)); 100
((1,3),(7,8)); 99
((1,3),(7,9)); 99
((1,3),(8,9)); 99
((1,4),(10,11)); 95
((1,4),(10,2)); 24
((1,4),(10,3)); 29
((1,4),(10,5)); 99
((1,4),(10,6)); 99
((1,4),(10,7)); 99
((1,4),(10,8)); 99
((1,4),(10,9)); 99
((1,4),(11,2)); 26
((1,4),(11,3)); 27
((1,4),(11,5)); 94
((1,4),(11,6)); 94
((1,4),(11,7)); 94
((1,4),(11,8)); 94
((1,4),(11,9)); 94
((1,4),(2,3)); 33
((1,4),(2,5)); 24
((1,4),(2,6)); 24
((1,4),(2,7)); 24
((1,4),(2,8)); 24
((1,4),(2,9)); 24
((1,4),(3,5)); 29
((1,4),(3,6)); 29
((1,4),(3,7)); 30
((1,4),(3,8)); 29
((1,4),(3,9)); 29
((1,4),(5,6)); 99
((1,4),(5,7)); 99
((1,4),(5,8)); 99
((1,4),(5,9)); 99
((1,4),(6,7)); 99
((1,4),(6,8)); 99
((1,4),(6,9)); 100
((1,4),(7,8)); 99
((1,4),(7,9)); 99
((1,4),(8,9)); 99
((1,5),(10,11)); 5
((1,5),(10,6)); 10
((1,5),(10,7)); 20
((1,5),(10,8)); 19
((1,5),(10,9)); 24
((1,5),(11,2)); 3
((1,5),(11,3)); 2
((1,5),(11,4)); 4
((1,5),(11,6)); 2
((1,5),(11,7)); 4
((1,5),(11,8)); 3
((1,5),(11,9)); 2
((1,5),(2,3)); 25
((1,5),(2,4)); 19
((1,5),(3,4)); 16
((1,5),(3,7)); 1
((1,5),(6,7)); 16
((1,5),(6,8)); 19
((1,5),(6,9)); 18
((1,5),(7,8)); 69
((1,5),(7,9)); 25
((1,5),(8,9)); 28
((1,6),(10,11)); 4
((1,6),(10,5)); 10
((1,6),(10,7)); 21
((1,6),(10,8)); 20
((1,6),(10,9)); 24
((1,6),(11,2)); 3
((1,6),(11,3)); 2
((1,6),(11,4)); 4
((1,6),(11,5)); 2
((1,6),(11,7)); 3
((1,6),(11,8)); 4
((1,6),(11,9)); 1
((1,6),(2,3)); 25
((1,6),(2,4)); 19
((1,6),(3,4)); 16
((1,6),(3,7)); 1
((1,6),(4,5)); 1
((1,6),(5,7)); 19
((1,6),(5,8)); 17
((1,6),(5,9)); 16
((1,6),(7,8)); 66
((1,6),(7,9)); 25
((1,6),(8,9)); 28
((1,7),(10,11)); 6
((1,7),(10,5)); 23
((1,7),(10,6)); 21
((1,7),(10,8)); 11
((1,7),(10,9)); 24
((1,7),(11,2)); 3
((1,7),(11,3)); 2
((1,7),(11,4)); 4
((1,7),(11,5)); 3
((1,7),(11,6)); 3
((1,7),(11,8)); 4
((1,7),(11,9)); 3
((1,7),(2,3)); 25
((1,7),(2,4)); 20
((1,7),(2,5)); 1
((1,7),(2,6)); 1
((1,7),(2,9)); 1
((1,7),(3,4)); 16
((1,7),(4,5)); 1
((1,7),(4,6)); 1
((1,7),(4,9)); 1
((1,7),(5,6)); 65
((1,7),(5,8)); 17
((1,7),(5,9)); 29
((1,7),(6,8)); 16
((1,7),(6,9)); 31
((1,7),(8,9)); 12
((1,8),(10,11)); 4
((1,8),(10,5)); 17
((1,8),(10,6)); 17
((1,8),(10,7)); 10
((1,8),(10,9)); 21
((1,8),(11,2)); 3
((1,8),(11,3)); 2
((1,8),(11,4)); 4
((1,8),(11,5)); 2
((1,8),(11,6)); 1
((1,8),(11,7)); 1
((1,8),(11,9)); 2
((1,8),(2,3)); 26
((1,8),(2,4)); 20
((1,8),(2,5)); 1
((1,8),(2,6)); 1
((1,8),(2,7)); 1
((1,8),(2,9)); 1
((1,8),(3,4)); 17
((1,8),(3,5)); 1
((1,8),(3,6)); 1
((1,8),(3,7)); 1
((1,8),(3,9)); 1
((1,8),(4,5)); 1
((1,8),(4,6)); 1
((1,8),(4,7)); 1
((1,8),(4,9)); 1
((1,8),(5,6)); 64
((1,8),(5,7)); 14
((1,8),(5,9)); 27
((1,8),(6,7)); 18
((1,8),(6,9)); 27
((1,8),(7,9)); 13
((1,9),(10,11)); 4
((1,9),(10,5)); 26
((1,9),(10,6)); 29
((1,9),(10,7)); 27
((1,9),(10,8)); 28
((1,9),(11,2)); 3
((1,9),(11,3)); 2
((1,9),(11,4)); 4
((1,9),(11,5)); 3
((1,9),(11,6)); 3
((1,9),(11,7)); 3
((1,9),(11,8)); 4
((1,9),(2,3)); 25
((1,9),(2,4)); 19
((1,9),(3,4)); 16
((1,9),(3,7)); 1
((1,9),(4,5)); 1
((1,9),(5,6)); 66
((1,9),(5,7)); 46
((1,9),(5,8)); 45
((1,9),(6,7)); 44
((1,9),(6,8)); 45
((1,9),(7,8)); 75
((10,11),(2,3)); 95
((10,11),(2,4)); 96
((10,11),(2,5)); 5
((10,11),(2,6)); 4
((10,11),(2,7)); 6
((10,11),(2,8)); 4
((10,11),(2,9)); 4
((10,11),(3,4)); 95
((10,11),(3,5)); 5
((10,11),(3,6)); 4
((10,11),(3,7)); 6
((10,11),(3,8)); 4
((10,11),(3,9)); 4
((10,11),(4,5)); 5
((10,11),(4,6)); 4
((10,11),(4,7)); 6
((10,11),(4,8)); 4
((10,11),(4,9)); 4
((10,11),(5,6)); 80
((10,11),(5,7)); 58
((10,11),(5,8)); 63
((10,11),(5,9)); 50
((10,11),(6,7)); 59
((10,11),(6,8)); 63
((10,11),(6,9)); 48
((10,11),(7,8)); 81
((10,11),(7,9)); 50
((10,11),(8,9)); 51
((10,2),(11,3)); 1
((10,2),(11,4)); 2
((10,2),(11,5)); 2
((10,2),(11,6)); 1
((10,2),(11,7)); 2
((10,2),(11,8)); 4
((10,2),(11,9)); 2
((10,2),(3,4)); 14
((10,2),(3,7)); 1
((10,2),(4,5)); 1
((10,2),(4,6)); 1
((10,2),(4,9)); 1
((10,2),(5,6)); 80
((10,2),(5,7)); 56
((10,2),(5,8)); 63
((10,2),(5,9)); 50
((10,2),(6,7)); 57
((10,2),(6,8)); 62
((10,2),(6,9)); 47
((10,2),(7,8)); 78
((10,2),(7,9)); 48
((10,2),(8,9)); 50
((10,3),(11,2)); 4
((10,3),(11,4)); 4
((10,3),(11,5)); 2
((10,3),(11,6)); 1
((10,3),(11,7)); 2
((10,3),(11,8)); 4
((10,3),(11,9)); 2
((10,3),(2,4)); 28
((10,3),(2,5)); 1
((10,3),(2,6)); 1
((10,3),(2,9)); 1
((10,3),(4,5)); 1
((10,3),(4,6)); 1
((10,3),(4,9)); 1
((10,3),(5,6)); 80
((10,3),(5,7)); 56
((10,3),(5,8)); 63
((10,3),(5,9)); 50
((10,3),(6,7)); 57
((10,3),(6,8)); 62
((10,3),(6,9)); 47
((10,3),(7,8)); 78
((10,3),(7,9)); 48
((10,3),(8,9)); 50
((10,4),(11,2)); 2
((10,4),(11,3)); 1
((10,4),(11,5)); 2
((10,4),(11,6)); 1
((10,4),(11,7)); 2
((10,4),(11,8)); 4
((10,4),(11,9)); 2
((10,4),(2,3)); 58
((10,4),(3,7)); 1
((10,4),(5,6)); 79
((10,4),(5,7)); 56
((10,4),(5,8)); 63
((10,4),(5,9)); 49
((10,4),(6,7)); 57
((10,4),(6,8)); 62
((10,4),(6,9)); 47
((10,4),(7,8)); 78
((10,4),(7,9)); 48
((10,4),(8,9)); 50
((10,5),(11,2)); 93
((10,5),(11,3)); 93
((10,5),(11,4)); 93
((10,5),(11,6)); 10
((10,5),(11,7)); 22
((10,5),(11,8)); 18
((10,5),(11,9)); 25
((10,5),(2,3)); 99
((10,5),(2,4)); 99
((10,5),(2,6)); 10
((10,5),(2,7)); 23
((10,5),(2,8)); 17
((10,5),(2,9)); 26
((10,5),(3,4)); 99
((10,5),(3,6)); 10
((10,5),(3,7)); 24
((10,5),(3,8)); 17
((10,5),(3,9)); 26
((10,5),(4,6)); 10
((10,5),(4,7)); 23
((10,5),(4,8)); 17
((10,5),(4,9)); 26
((10,5),(6,7)); 17
((10,5),(6,8)); 16
((10,5),(6,9)); 17
((10,5),(7,8)); 71
((10,5),(7,9)); 27
((10,5),(8,9)); 27
((10,6),(11,2)); 95
((10,6),(11,3)); 95
((10,6),(11,4)); 95
((10,6),(11,5)); 10
((10,6),(11,7)); 21
((10,6),(11,8)); 17
((10,6),(11,9)); 27
((10,6),(2,3)); 99
((10,6),(2,4)); 99
((10,6),(2,5)); 10
((10,6),(2,7)); 21
((10,6),(2,8)); 17
((10,6),(2,9)); 29
((10,6),(3,4)); 99
((10,6),(3,5)); 10
((10,6),(3,7)); 22
((10,6),(3,8)); 17
((10,6),(3,9)); 29
((10,6),(4,5)); 11
((10,6),(4,7)); 21
((10,6),(4,8)); 17
((10,6),(4,9)); 29
((10,6),(5,7)); 17
((10,6),(5,8)); 15
((10,6),(5,9)); 15
((10,6),(7,8)); 69
((10,6),(7,9)); 28
((10,6),(8,9)); 27
((10,7),(11,2)); 92
((10,7),(11,3)); 92
((10,7),(11,4)); 92
((10,7),(11,5)); 20
((10,7),(11,6)); 20
((10,7),(11,8)); 10
((10,7),(11,9)); 27
((10,7),(2,3)); 99
((10,7),(2,4)); 100
((10,7),(2,5)); 21
((10,7),(2,6)); 22
((10,7),(2,8)); 10
((10,7),(2,9)); 28
((10,7),(3,4)); 99
((10,7),(3,5)); 20
((10,7),(3,6)); 21
((10,7),(3,8)); 10
((10,7),(3,9)); 27
((10,7),(4,5)); 21
((10,7),(4,6)); 22
((10,7),(4,8)); 10
((10,7),(4,9)); 28
((10,7),(5,6)); 66
((10,7),(5,8)); 15
((10,7),(5,9)); 30
((10,7),(6,8)); 14
((10,7),(6,9)); 30
((10,7),(8,9)); 15
((10,8),(11,2)); 92
((10,8),(11,3)); 92
((10,8),(11,4)); 92
((10,8),(11,5)); 19
((10,8),(11,6)); 20
((10,8),(11,7)); 9
((10,8),(11,9)); 28
((10,8),(2,3)); 100
((10,8),(2,4)); 100
((10,8),(2,5)); 20
((10,8),(2,6)); 21
((10,8),(2,7)); 12
((10,8),(2,9)); 29
((10,8),(3,4)); 100
((10,8),(3,5)); 20
((10,8),(3,6)); 21
((10,8),(3,7)); 12
((10,8),(3,9)); 29
((10,8),(4,5)); 20
((10,8),(4,6)); 21
((10,8),(4,7)); 12
((10,8),(4,9)); 29
((10,8),(5,6)); 69
((10,8),(5,7)); 14
((10,8),(5,9)); 29
((10,8),(6,7)); 17
((10,8),(6,9)); 30
((10,8),(7,9)); 16
((10,9),(11,2)); 94
((10,9),(11,3)); 94
((10,9),(11,4)); 94
((10,9),(11,5)); 25
((10,9),(11,6)); 25
((10,9),(11,7)); 23
((10,9),(11,8)); 21
((10,9),(2,3)); 99
((10,9),(2,4)); 99
((10,9),(2,5)); 24
((10,9),(2,6)); 24
((10,9),(2,7)); 24
((10,9),(2,8)); 21
((10,9),(3,4)); 99
((10,9),(3,5)); 24
((10,9),(3,6)); 24
((10,9),(3,7)); 25
((10,9),(3,8)); 21
((10,9),(4,5)); 25
((10,9),(4,6)); 24
((10,9),(4,7)); 24
((10,9),(4,8)); 21
((10,9),(5,6)); 68
((10,9),(5,7)); 43
((10,9),(5,8)); 44
((10,9),(6,7)); 42
((10,9),(6,8)); 43
((10,9),(7,8)); 69
((11,2),(3,4)); 15
((11,2),(3,5)); 4
((11,2),(3,6)); 4
((11,2),(3,7)); 5
((11,2),(3,8)); 4
((11,2),(3,9)); 4
((11,2),(4,5)); 3
((11,2),(4,6)); 3
((11,2),(4,7)); 2
((11,2),(4,8)); 2
((11,2),(4,9)); 3
((11,2),(5,6)); 96
((11,2),(5,7)); 92
((11,2),(5,8)); 94
((11,2),(5,9)); 95
((11,2),(6,7)); 93
((11,2),(6,8)); 94
((11,2),(6,9)); 96
((11,2),(7,8)); 94
((11,2),(7,9)); 93
((11,2),(8,9)); 93
((11,3),(2,4)); 26
((11,3),(2,5)); 2
((11,3),(2,6)); 2
((11,3),(2,7)); 1
((11,3),(2,8)); 1
((11,3),(2,9)); 2
((11,3),(4,5)); 2
((11,3),(4,6)); 2
((11,3),(4,7)); 1
((11,3),(4,8)); 1
((11,3),(4,9)); 2
((11,3),(5,6)); 96
((11,3),(5,7)); 92
((11,3),(5,8)); 94
((11,3),(5,9)); 95
((11,3),(6,7)); 93
((11,3),(6,8)); 94
((11,3),(6,9)); 96
((11,3),(7,8)); 94
((11,3),(7,9)); 93
((11,3),(8,9)); 93
((11,4),(2,3)); 59
((11,4),(2,5)); 2
((11,4),(2,6)); 2
((11,4),(2,7)); 2
((11,4),(2,8)); 2
((11,4),(2,9)); 2
((11,4),(3,5)); 4
((11,4),(3,6)); 4
((11,4),(3,7)); 5
((11,4),(3,8)); 4
((11,4),(3,9)); 4
((11,4),(5,6)); 95
((11,4),(5,7)); 92
((11,4),(5,8)); 94
((11,4),(5,9)); 94
((11,4),(6,7)); 93
((11,4),(6,8)); 94
((11,4),(6,9)); 96
((11,4),(7,8)); 94
((11,4),(7,9)); 93
((11,4),(8,9)); 93
((11,5),(2,3)); 94
((11,5),(2,4)); 95
((11,5),(2,6)); 2
((11,5),(2,7)); 3
((11,5),(2,8)); 2
((11,5),(2,9)); 3
((11,5),(3,4)); 94
((11,5),(3,6)); 2
((11,5),(3,7)); 4
((11,5),(3,8)); 2
((11,5),(3,9)); 3
((11,5),(4,6)); 2
((11,5),(4,7)); 3
((11,5),(4,8)); 2
((11,5),(4,9)); 3
((11,5),(6,7)); 17
((11,5),(6,8)); 19
((11,5),(6,9)); 19
((11,5),(7,8)); 70
((11,5),(7,9)); 26
((11,5),(8,9)); 28
((11,6),(2,3)); 94
((11,6),(2,4)); 95
((11,6),(2,5)); 2
((11,6),(2,7)); 3
((11,6),(2,8)); 1
((11,6),(2,9)); 3
((11,6),(3,4)); 94
((11,6),(3,5)); 2
((11,6),(3,7)); 4
((11,6),(3,8)); 1
((11,6),(3,9)); 3
((11,6),(4,5)); 3
((11,6),(4,7)); 3
((11,6),(4,8)); 1
((11,6),(4,9)); 3
((11,6),(5,7)); 19
((11,6),(5,8)); 16
((11,6),(5,9)); 16
((11,6),(7,8)); 65
((11,6),(7,9)); 26
((11,6),(8,9)); 28
((11,7),(2,3)); 94
((11,7),(2,4)); 96
((11,7),(2,5)); 5
((11,7),(2,6)); 4
((11,7),(2,8)); 1
((11,7),(2,9)); 4
((11,7),(3,4)); 94
((11,7),(3,5)); 4
((11,7),(3,6)); 3
((11,7),(3,8)); 1
((11,7),(3,9)); 3
((11,7),(4,5)); 5
((11,7),(4,6)); 4
((11,7),(4,8)); 1
((11,7),(4,9)); 4
((11,7),(5,6)); 64
((11,7),(5,8)); 15
((11,7),(5,9)); 29
((11,7),(6,8)); 15
((11,7),(6,9)); 31
((11,7),(8,9)); 12
((11,8),(2,3)); 95
((11,8),(2,4)); 96
((11,8),(2,5)); 4
((11,8),(2,6)); 5
((11,8),(2,7)); 5
((11,8),(2,9)); 5
((11,8),(3,4)); 95
((11,8),(3,5)); 4
((11,8),(3,6)); 5
((11,8),(3,7)); 5
((11,8),(3,9)); 5
((11,8),(4,5)); 4
((11,8),(4,6)); 5
((11,8),(4,7)); 5
((11,8),(4,9)); 5
((11,8),(5,6)); 65
((11,8),(5,7)); 15
((11,8),(5,9)); 27
((11,8),(6,7)); 20
((11,8),(6,9)); 27
((11,8),(7,9)); 14
((11,9),(2,3)); 94
((11,9),(2,4)); 95
((11,9),(2,5)); 2
((11,9),(2,6)); 1
((11,9),(2,7)); 3
((11,9),(2,8)); 2
((11,9),(3,4)); 94
((11,9),(3,5)); 2
((11,9),(3,6)); 1
((11,9),(3,7)); 4
((11,9),(3,8)); 2
((11,9),(4,5)); 3
((11,9),(4,6)); 1
((11,9),(4,7)); 3
((11,9),(4,8)); 2
((11,9),(5,6)); 65
((11,9),(5,7)); 45
((11,9),(5,8)); 45
((11,9),(6,7)); 43
((11,9),(6,8)); 45
((11,9),(7,8)); 74
((2,3),(4,5)); 59
((2,3),(4,6)); 59
((2,3),(4,7)); 58
((2,3),(4,8)); 58
((2,3),(4,9)); 59
((2,3),(5,6)); 100
((2,3),(5,7)); 99
((2,3),(5,8)); 99
((2,3),(5,9)); 100
((2,3),(6,7)); 99
((2,3),(6,8)); 99
((2,3),(6,9)); 100
((2,3),(7,8)); 99
((2,3),(7,9)); 99
((2,3),(8,9)); 99
((2,4),(3,5)); 27
((2,4),(3,6)); 27
((2,4),(3,7)); 28
((2,4),(3,8)); 28
((2,4),(3,9)); 27
((2,4),(5,6)); 99
((2,4),(5,7)); 99
((2,4),(5,8)); 99
((2,4),(5,9)); 99
((2,4),(6,7)); 99
((2,4),(6,8)); 99
((2,4),(6,9)); 100
((2,4),(7,8)); 100
((2,4),(7,9)); 99
((2,4),(8,9)); 99
((2,5),(3,4)); 14
((2,5),(3,7)); 1
((2,5),(3,8)); 1
((2,5),(6,7)); 16
((2,5),(6,8)); 19
((2,5),(6,9)); 18
((2,5),(7,8)); 70
((2,5),(7,9)); 25
((2,5),(8,9)); 28
((2,6),(3,4)); 14
((2,6),(3,7)); 1
((2,6),(3,8)); 1
((2,6),(4,5)); 1
((2,6),(5,7)); 19
((2,6),(5,8)); 17
((2,6),(5,9)); 16
((2,6),(7,8)); 67
((2,6),(7,9)); 25
((2,6),(8,9)); 28
((2,7),(3,4)); 14
((2,7),(4,5)); 1
((2,7),(4,6)); 1
((2,7),(4,9)); 1
((2,7),(5,6)); 65
((2,7),(5,8)); 17
((2,7),(5,9)); 29
((2,7),(6,8)); 16
((2,7),(6,9)); 31
((2,7),(8,9)); 12
((2,8),(3,4)); 14
((2,8),(3,7)); 1
((2,8),(4,5)); 1
((2,8),(4,6)); 1
((2,8),(4,9)); 1
((2,8),(5,6)); 64
((2,8),(5,7)); 13
((2,8),(5,9)); 27
((2,8),(6,7)); 17
((2,8),(6,9)); 27
((2,8),(7,9)); 12
((2,9),(3,4)); 14
((2,9),(3,7)); 1
((2,9),(3,8)); 1
((2,9),(4,5)); 1
((2,9),(5,6)); 66
((2,9),(5,7)); 46
((2,9),(5,8)); 45
((2,9),(6,7)); 44
((2,9),(6,8)); 45
((2,9),(7,8)); 76
((3,4),(5,6)); 99
((3,4),(5,7)); 99
((3,4),(5,8)); 99
((3,4),(5,9)); 99
((3,4),(6,7)); 99
((3,4),(6,8)); 99
((3,4),(6,9)); 100
((3,4),(7,8)); 99
((3,4),(7,9)); 99
((3,4),(8,9)); 99
((3,5),(6,7)); 16
((3,5),(6,8)); 19
((3,5),(6,9)); 18
((3,5),(7,8)); 69
((3,5),(7,9)); 25
((3,5),(8,9)); 28
((3,6),(4,5)); 1
((3,6),(5,7)); 19
((3,6),(5,8)); 17
((3,6),(5,9)); 16
((3,6),(7,8)); 66
((3,6),(7,9)); 25
((3,6),(8,9)); 28
((3,7),(4,5)); 1
((3,7),(4,6)); 1
((3,7),(4,8)); 1
((3,7),(4,9)); 1
((3,7),(5,6)); 65
((3,7),(5,8)); 18
((3,7),(5,9)); 29
((3,7),(6,8)); 17
((3,7),(6,9)); 31
((3,7),(8,9)); 13
((3,8),(4,5)); 1
((3,8),(4,6)); 1
((3,8),(4,9)); 1
((3,8),(5,6)); 64
((3,8),(5,7)); 13
((3,8),(5,9)); 27
((3,8),(6,7)); 17
((3,8),(6,9)); 27
((3,8),(7,9)); 12
((3,9),(4,5)); 1
((3,9),(5,6)); 66
((3,9),(5,7)); 46
((3,9),(5,8)); 45
((3,9),(6,7)); 44
((3,9),(6,8)); 45
((3,9),(7,8)); 75
((4,5),(6,7)); 17
((4,5),(6,8)); 20
((4,5),(6,9)); 18
((4,5),(7,8)); 70
((4,5),(7,9)); 26
((4,5),(8,9)); 29
((4,6),(5,7)); 19
((4,6),(5,8)); 17
((4,6),(5,9)); 16
((4,6),(7,8)); 67
((4,6),(7,9)); 25
((4,6),(8,9)); 28
((4,7),(5,6)); 64
((4,7),(5,8)); 17
((4,7),(5,9)); 28
((4,7),(6,8)); 16
((4,7),(6,9)); 31
((4,7),(8,9)); 12
((4,8),(5,6)); 63
((4,8),(5,7)); 13
((4,8),(5,9)); 26
((4,8),(6,7)); 17
((4,8),(6,9)); 27
((4,8),(7,9)); 12
((4,9),(5,6)); 66
((4,9),(5,7)); 46
((4,9),(5,8)); 45
((4,9),(6,7)); 44
((4,9),(6,8)); 45
((4,9),(7,8)); 76
((5,6),(7,8)); 78
((5,6),(7,9)); 63
((5,6),(8,9)); 62
((5,7),(6,8)); 11
((5,7),(6,9)); 17
((5,7),(8,9)); 12
((5,8),(6,7)); 11
((5,8),(6,9)); 19
((5,8),(7,9)); 18
((5,9),(6,7)); 20
((5,9),(6,8)); 19
((5,9),(7,8)); 70
((6,7),(8,9)); 15
((6,8),(7,9)); 18
((6,9),(7,8)); 67
