((1.1,10.10),(2.2,3.3)); 26
((1.1,10.10),(2.2,4.4)); 4
((1.1,10.10),(3.3,4.4)); 8
((1.1,10.10),(5.5,6.6)); 100
((1.1,10.10),(5.5,7.7)); 93
((1.1,10.10),(5.5,8.8)); 93
((1.1,10.10),(5.5,9.9)); 81
((1.1,10.10),(6.6,7.7)); 93
((1.1,10.10),(6.6,8.8)); 93
((1.1,10.10),(6.6,9.9)); 81
((1.1,10.10),(7.7,8.8)); 100
((1.1,10.10),(7.7,9.9)); 86
((1.1,10.10),(8.8,9.9)); 86
((1.1,11.11),(10.10,5.5)); 100
((1.1,11.11),(10.10,6.6)); 100
((1.1,11.11),(10.10,7.7)); 100
((1.1,11.11),(10.10,8.8)); 100
((1.1,11.11),(10.10,9.9)); 100
((1.1,11.11),(2.2,3.3)); 26
((1.1,11.11),(2.2,4.4)); 4
((1.1,11.11),(3.3,4.4)); 8
((1.1,11.11),(5.5,6.6)); 100
((1.1,11.11),(5.5,7.7)); 100
((1.1,11.11),(5.5,8.8)); 100
((1.1,11.11),(5.5,9.9)); 100
((1.1,11.11),(6.6,7.7)); 100
((1.1,11.11),(6.6,8.8)); 100
((1.1,11.11),(6.6,9.9)); 100
((1.1,11.11),(7.7,8.8)); 100
((1.1,11.11),(7.7,9.9)); 100
((1.1,11.11),(8.8,9.9)); 100
((1.1,2.2),(10.10,11.11)); 100
((1.1,2.2),(10.10,3.3)); 55
((1.1,2.2),(10.10,4.4)); 93
((1.1,2.2),(10.10,5.5)); 100
((1.1,2.2),(10.10,6.6)); 100
((1.1,2.2),(10.10,7.7)); 100
((1.1,2.2),(10.10,8.8)); 100
((1.1,2.2),(10.10,9.9)); 100
((1.1,2.2),(11.11,3.3)); 55
((1.1,2.2),(11.11,4.4)); 93
((1.1,2.2),(11.11,5.5)); 100
((1.1,2.2),(11.11,6.6)); 100
((1.1,2.2),(11.11,7.7)); 100
((1.1,2.2),(11.11,8.8)); 100
((1.1,2.2),(11.11,9.9)); 100
((1.1,2.2),(3.3,4.4)); 55
((1.1,2.2),(3.3,5.5)); 55
((1.1,2.2),(3.3,6.6)); 55
((1.1,2.2),(3.3,7.7)); 55
((1.1,2.2),(3.3,8.8)); 55
((1.1,2.2),(3.3,9.9)); 55
((1.1,2.2),(4.4,5.5)); 93
((1.1,2.2),(4.4,6.6)); 93
((1.1,2.2),(4.4,7.7)); 93
((1.1,2.2),(4.4,8.8)); 93
((1.1,2.2),(4.4,9.9)); 93
((1.1,2.2),(5.5,6.6)); 100
((1.1,2.2),(5.5,7.7)); 100
((1.1,2.2),(5.5,8.8)); 100
((1.1,2.2),(5.5,9.9)); 100
((1.1,2.2),(6.6,7.7)); 100
((1.1,2.2),(6.6,8.8)); 100
((1.1,2.2),(6.6,9.9)); 100
((1.1,2.2),(7.7,8.8)); 100
((1.1,2.2),(7.7,9.9)); 100
((1.1,2.2),(8.8,9.9)); 100
((1.1,3.3),(10.10,11.11)); 100
((1.1,3.3),(10.10,2.2)); 19
((1.1,3.3),(10.10,4.4)); 88
((1.1,3.3),(10.10,5.5)); 100
((1.1,3.3),(10.10,6.6)); 100
((1.1,3.3),(10.10,7.7)); 100
((1.1,3.3),(10.10,8.8)); 100
((1.1,3.3),(10.10,9.9)); 100
((1.1,3.3),(11.11,2.2)); 19
((1.1,3.3),(11.11,4.4)); 88
((1.1,3.3),(11.11,5.5)); 100
((1.1,3.3),(11.11,6.6)); 100
((1.1,3.3),(11.11,7.7)); 100
((1.1,3.3),(11.11,8.8)); 100
((1.1,3.3),(11.11,9.9)); 100
((1.1,3.3),(2.2,4.4)); 19
((1.1,3.3),(2.2,5.5)); 19
((1.1,3.3),(2.2,6.6)); 19
((1.1,3.3),(2.2,7.7)); 19
((1.1,3.3),(2.2,8.8)); 19
((1.1,3.3),(2.2,9.9)); 19
((1.1,3.3),(4.4,5.5)); 88
((1.1,3.3),(4.4,6.6)); 88
((1.1,3.3),(4.4,7.7)); 88
((1.1,3.3),(4.4,8.8)); 88
((1.1,3.3),(4.4,9.9)); 88
((1.1,3.3),(5.5,6.6)); 100
((1.1,3.3),(5.5,7.7)); 100
((1.1,3.3),(5.5,8.8)); 100
((1.1,3.3),(5.5,9.9)); 100
((1.1,3.3),(6.6,7.7)); 100
((1.1,3.3),(6.6,8.8)); 100
((1.1,3.3),(6.6,9.9)); 100
((1.1,3.3),(7.7,8.8)); 100
((1.1,3.3),(7.7,9.9)); 100
((1.1,3.3),(8.8,9.9)); 100
((1.1,4.4),(10.10,11.11)); 100
((1.1,4.4),(10.10,2.2)); 3
((1.1,4.4),(10.10,3.3)); 4
((1.1,4.4),(10.10,5.5)); 100
((1.1,4.4),(10.10,6.6)); 100
((1.1,4.4),(10.10,7.7)); 100
((1.1,4.4),(10.10,8.8)); 100
((1.1,4.4),(10.10,9.9)); 100
((1.1,4.4),(11.11,2.2)); 3
((1.1,4.4),(11.11,3.3)); 4
((1.1,4.4),(11.11,5.5)); 100
((1.1,4.4),(11.11,6.6)); 100
((1.1,4.4),(11.11,7.7)); 100
((1.1,4.4),(11.11,8.8)); 100
((1.1,4.4),(11.11,9.9)); 100
((1.1,4.4),(2.2,3.3)); 26
((1.1,4.4),(2.2,5.5)); 3
((1.1,4.4),(2.2,6.6)); 3
((1.1,4.4),(2.2,7.7)); 3
((1.1,4.4),(2.2,8.8)); 3
((1.1,4.4),(2.2,9.9)); 3
((1.1,4.4),(3.3,5.5)); 4
((1.1,4.4),(3.3,6.6)); 4
((1.1,4.4),(3.3,7.7)); 4
((1.1,4.4),(3.3,8.8)); 4
((1.1,4.4),(3.3,9.9)); 4
((1.1,4.4),(5.5,6.6)); 100
((1.1,4.4),(5.5,7.7)); 100
((1.1,4.4),(5.5,8.8)); 100
((1.1,4.4),(5.5,9.9)); 100
((1.1,4.4),(6.6,7.7)); 100
((1.1,4.4),(6.6,8.8)); 100
((1.1,4.4),(6.6,9.9)); 100
((1.1,4.4),(7.7,8.8)); 100
((1.1,4.4),(7.7,9.9)); 100
((1.1,4.4),(8.8,9.9)); 100
((1.1,5.5),(10.10,7.7)); 3
((1.1,5.5),(10.10,8.8)); 3
((1.1,5.5),(10.10,9.9)); 8
((1.1,5.5),(2.2,3.3)); 26
((1.1,5.5),(2.2,4.4)); 4
((1.1,5.5),(3.3,4.4)); 8
((1.1,5.5),(6.6,7.7)); 1
((1.1,5.5),(6.6,8.8)); 1
((1.1,5.5),(7.7,8.8)); 98
((1.1,5.5),(7.7,9.9)); 24
((1.1,5.5),(8.8,9.9)); 23
((1.1,6.6),(10.10,7.7)); 3
((1.1,6.6),(10.10,8.8)); 3
((1.1,6.6),(10.10,9.9)); 8
((1.1,6.6),(2.2,3.3)); 26
((1.1,6.6),(2.2,4.4)); 4
((1.1,6.6),(3.3,4.4)); 8
((1.1,6.6),(5.5,9.9)); 1
((1.1,6.6),(7.7,8.8)); 98
((1.1,6.6),(7.7,9.9)); 24
((1.1,6.6),(8.8,9.9)); 23
((1.1,7.7),(10.10,5.5)); 4
((1.1,7.7),(10.10,6.6)); 4
((1.1,7.7),(10.10,9.9)); 6
((1.1,7.7),(2.2,3.3)); 26
((1.1,7.7),(2.2,4.4)); 4
((1.1,7.7),(3.3,4.4)); 8
((1.1,7.7),(5.5,6.6)); 99
((1.1,7.7),(5.5,8.8)); 1
((1.1,7.7),(5.5,9.9)); 17
((1.1,7.7),(6.6,8.8)); 1
((1.1,7.7),(6.6,9.9)); 16
((1.1,8.8),(10.10,5.5)); 4
((1.1,8.8),(10.10,6.6)); 4
((1.1,8.8),(10.10,9.9)); 6
((1.1,8.8),(2.2,3.3)); 26
((1.1,8.8),(2.2,4.4)); 4
((1.1,8.8),(3.3,4.4)); 8
((1.1,8.8),(5.5,6.6)); 99
((1.1,8.8),(5.5,7.7)); 1
((1.1,8.8),(5.5,9.9)); 17
((1.1,8.8),(6.6,7.7)); 1
((1.1,8.8),(6.6,9.9)); 16
((1.1,8.8),(7.7,9.9)); 1
((1.1,9.9),(10.10,5.5)); 11
((1.1,9.9),(10.10,6.6)); 11
((1.1,9.9),(10.10,7.7)); 8
((1.1,9.9),(10.10,8.8)); 8
((1.1,9.9),(2.2,3.3)); 26
((1.1,9.9),(2.2,4.4)); 4
((1.1,9.9),(3.3,4.4)); 8
((1.1,9.9),(5.5,6.6)); 99
((1.1,9.9),(5.5,7.7)); 59
((1.1,9.9),(5.5,8.8)); 60
((1.1,9.9),(6.6,7.7)); 60
((1.1,9.9),(6.6,8.8)); 61
((1.1,9.9),(7.7,8.8)); 99
((10.10,11.11),(2.2,3.3)); 100
((10.10,11.11),(2.2,4.4)); 100
((10.10,11.11),(3.3,4.4)); 100
((10.10,11.11),(5.5,6.6)); 100
((10.10,11.11),(5.5,7.7)); 93
((10.10,11.11),(5.5,8.8)); 93
((10.10,11.11),(5.5,9.9)); 81
((10.10,11.11),(6.6,7.7)); 93
((10.10,11.11),(6.6,8.8)); 93
((10.10,11.11),(6.6,9.9)); 81
((10.10,11.11),(7.7,8.8)); 100
((10.10,11.11),(7.7,9.9)); 86
((10.10,11.11),(8.8,9.9)); 86
((10.10,2.2),(3.3,4.4)); 6
((10.10,2.2),(5.5,6.6)); 100
((10.10,2.2),(5.5,7.7)); 93
((10.10,2.2),(5.5,8.8)); 93
((10.10,2.2),(5.5,9.9)); 81
((10.10,2.2),(6.6,7.7)); 93
((10.10,2.2),(6.6,8.8)); 93
((10.10,2.2),(6.6,9.9)); 81
((10.10,2.2),(7.7,8.8)); 100
((10.10,2.2),(7.7,9.9)); 86
((10.10,2.2),(8.8,9.9)); 86
((10.10,3.3),(2.2,4.4)); 3
((10.10,3.3),(5.5,6.6)); 100
((10.10,3.3),(5.5,7.7)); 93
((10.10,3.3),(5.5,8.8)); 93
((10.10,3.3),(5.5,9.9)); 81
((10.10,3.3),(6.6,7.7)); 93
((10.10,3.3),(6.6,8.8)); 93
((10.10,3.3),(6.6,9.9)); 81
((10.10,3.3),(7.7,8.8)); 100
((10.10,3.3),(7.7,9.9)); 86
((10.10,3.3),(8.8,9.9)); 86
((10.10,4.4),(2.2,3.3)); 91
((10.10,4.4),(5.5,6.6)); 100
((10.10,4.4),(5.5,7.7)); 93
((10.10,4.4),(5.5,8.8)); 93
((10.10,4.4),(5.5,9.9)); 81
((10.10,4.4),(6.6,7.7)); 93
((10.10,4.4),(6.6,8.8)); 93
((10.10,4.4),(6.6,9.9)); 81
((10.10,4.4),(7.7,8.8)); 100
((10.10,4.4),(7.7,9.9)); 86
((10.10,4.4),(8.8,9.9)); 86
((10.10,5.5),(11.11,2.2)); 100
((10.10,5.5),(11.11,3.3)); 100
((10.10,5.5),(11.11,4.4)); 100
((10.10,5.5),(11.11,7.7)); 4
((10.10,5.5),(11.11,8.8)); 4
((10.10,5.5),(11.11,9.9)); 11
((10.10,5.5),(2.2,3.3)); 100
((10.10,5.5),(2.2,4.4)); 100
((10.10,5.5),(2.2,7.7)); 4
((10.10,5.5),(2.2,8.8)); 4
((10.10,5.5),(2.2,9.9)); 11
((10.10,5.5),(3.3,4.4)); 100
((10.10,5.5),(3.3,7.7)); 4
((10.10,5.5),(3.3,8.8)); 4
((10.10,5.5),(3.3,9.9)); 11
((10.10,5.5),(4.4,7.7)); 4
((10.10,5.5),(4.4,8.8)); 4
((10.10,5.5),(4.4,9.9)); 11
((10.10,5.5),(6.6,7.7)); 1
((10.10,5.5),(6.6,8.8)); 1
((10.10,5.5),(7.7,8.8)); 98
((10.10,5.5),(7.7,9.9)); 24
((10.10,5.5),(8.8,9.9)); 23
((10.10,6.6),(11.11,2.2)); 100
((10.10,6.6),(11.11,3.3)); 100
((10.10,6.6),(11.11,4.4)); 100
((10.10,6.6),(11.11,7.7)); 4
((10.10,6.6),(11.11,8.8)); 4
((10.10,6.6),(11.11,9.9)); 11
((10.10,6.6),(2.2,3.3)); 100
((10.10,6.6),(2.2,4.4)); 100
((10.10,6.6),(2.2,7.7)); 4
((10.10,6.6),(2.2,8.8)); 4
((10.10,6.6),(2.2,9.9)); 11
((10.10,6.6),(3.3,4.4)); 100
((10.10,6.6),(3.3,7.7)); 4
((10.10,6.6),(3.3,8.8)); 4
((10.10,6.6),(3.3,9.9)); 11
((10.10,6.6),(4.4,7.7)); 4
((10.10,6.6),(4.4,8.8)); 4
((10.10,6.6),(4.4,9.9)); 11
((10.10,6.6),(5.5,9.9)); 1
((10.10,6.6),(7.7,8.8)); 98
((10.10,6.6),(7.7,9.9)); 24
((10.10,6.6),(8.8,9.9)); 23
((10.10,7.7),(11.11,2.2)); 100
((10.10,7.7),(11.11,3.3)); 100
((10.10,7.7),(11.11,4.4)); 100
((10.10,7.7),(11.11,5.5)); 3
((10.10,7.7),(11.11,6.6)); 3
((10.10,7.7),(11.11,9.9)); 8
((10.10,7.7),(2.2,3.3)); 100
((10.10,7.7),(2.2,4.4)); 100
((10.10,7.7),(2.2,5.5)); 3
((10.10,7.7),(2.2,6.6)); 3
((10.10,7.7),(2.2,9.9)); 8
((10.10,7.7),(3.3,4.4)); 100
((10.10,7.7),(3.3,5.5)); 3
((10.10,7.7),(3.3,6.6)); 3
((10.10,7.7),(3.3,9.9)); 8
((10.10,7.7),(4.4,5.5)); 3
((10.10,7.7),(4.4,6.6)); 3
((10.10,7.7),(4.4,9.9)); 8
((10.10,7.7),(5.5,6.6)); 99
((10.10,7.7),(5.5,8.8)); 1
((10.10,7.7),(5.5,9.9)); 17
((10.10,7.7),(6.6,8.8)); 1
((10.10,7.7),(6.6,9.9)); 16
((10.10,8.8),(11.11,2.2)); 100
((10.10,8.8),(11.11,3.3)); 100
((10.10,8.8),(11.11,4.4)); 100
((10.10,8.8),(11.11,5.5)); 3
((10.10,8.8),(11.11,6.6)); 3
((10.10,8.8),(11.11,9.9)); 8
((10.10,8.8),(2.2,3.3)); 100
((10.10,8.8),(2.2,4.4)); 100
((10.10,8.8),(2.2,5.5)); 3
((10.10,8.8),(2.2,6.6)); 3
((10.10,8.8),(2.2,9.9)); 8
((10.10,8.8),(3.3,4.4)); 100
((10.10,8.8),(3.3,5.5)); 3
((10.10,8.8),(3.3,6.6)); 3
((10.10,8.8),(3.3,9.9)); 8
((10.10,8.8),(4.4,5.5)); 3
((10.10,8.8),(4.4,6.6)); 3
((10.10,8.8),(4.4,9.9)); 8
((10.10,8.8),(5.5,6.6)); 99
((10.10,8.8),(5.5,7.7)); 1
((10.10,8.8),(5.5,9.9)); 17
((10.10,8.8),(6.6,7.7)); 1
((10.10,8.8),(6.6,9.9)); 16
((10.10,8.8),(7.7,9.9)); 1
((10.10,9.9),(11.11,2.2)); 100
((10.10,9.9),(11.11,3.3)); 100
((10.10,9.9),(11.11,4.4)); 100
((10.10,9.9),(11.11,5.5)); 8
((10.10,9.9),(11.11,6.6)); 8
((10.10,9.9),(11.11,7.7)); 6
((10.10,9.9),(11.11,8.8)); 6
((10.10,9.9),(2.2,3.3)); 100
((10.10,9.9),(2.2,4.4)); 100
((10.10,9.9),(2.2,5.5)); 8
((10.10,9.9),(2.2,6.6)); 8
((10.10,9.9),(2.2,7.7)); 6
((10.10,9.9),(2.2,8.8)); 6
((10.10,9.9),(3.3,4.4)); 100
((10.10,9.9),(3.3,5.5)); 8
((10.10,9.9),(3.3,6.6)); 8
((10.10,9.9),(3.3,7.7)); 6
((10.10,9.9),(3.3,8.8)); 6
((10.10,9.9),(4.4,5.5)); 8
((10.10,9.9),(4.4,6.6)); 8
((10.10,9.9),(4.4,7.7)); 6
((10.10,9.9),(4.4,8.8)); 6
((10.10,9.9),(5.5,6.6)); 99
((10.10,9.9),(5.5,7.7)); 59
((10.10,9.9),(5.5,8.8)); 60
((10.10,9.9),(6.6,7.7)); 60
((10.10,9.9),(6.6,8.8)); 61
((10.10,9.9),(7.7,8.8)); 99
((11.11,2.2),(3.3,4.4)); 6
((11.11,2.2),(5.5,6.6)); 100
((11.11,2.2),(5.5,7.7)); 100
((11.11,2.2),(5.5,8.8)); 100
((11.11,2.2),(5.5,9.9)); 100
((11.11,2.2),(6.6,7.7)); 100
((11.11,2.2),(6.6,8.8)); 100
((11.11,2.2),(6.6,9.9)); 100
((11.11,2.2),(7.7,8.8)); 100
((11.11,2.2),(7.7,9.9)); 100
((11.11,2.2),(8.8,9.9)); 100
((11.11,3.3),(2.2,4.4)); 3
((11.11,3.3),(5.5,6.6)); 100
((11.11,3.3),(5.5,7.7)); 100
((11.11,3.3),(5.5,8.8)); 100
((11.11,3.3),(5.5,9.9)); 100
((11.11,3.3),(6.6,7.7)); 100
((11.11,3.3),(6.6,8.8)); 100
((11.11,3.3),(6.6,9.9)); 100
((11.11,3.3),(7.7,8.8)); 100
((11.11,3.3),(7.7,9.9)); 100
((11.11,3.3),(8.8,9.9)); 100
((11.11,4.4),(2.2,3.3)); 91
((11.11,4.4),(5.5,6.6)); 100
((11.11,4.4),(5.5,7.7)); 100
((11.11,4.4),(5.5,8.8)); 100
((11.11,4.4),(5.5,9.9)); 100
((11.11,4.4),(6.6,7.7)); 100
((11.11,4.4),(6.6,8.8)); 100
((11.11,4.4),(6.6,9.9)); 100
((11.11,4.4),(7.7,8.8)); 100
((11.11,4.4),(7.7,9.9)); 100
((11.11,4.4),(8.8,9.9)); 100
((11.11,5.5),(2.2,3.3)); 100
((11.11,5.5),(2.2,4.4)); 100
((11.11,5.5),(3.3,4.4)); 100
((11.11,5.5),(6.6,7.7)); 1
((11.11,5.5),(6.6,8.8)); 1
((11.11,5.5),(7.7,8.8)); 98
((11.11,5.5),(7.7,9.9)); 24
((11.11,5.5),(8.8,9.9)); 23
((11.11,6.6),(2.2,3.3)); 100
((11.11,6.6),(2.2,4.4)); 100
((11.11,6.6),(3.3,4.4)); 100
((11.11,6.6),(5.5,9.9)); 1
((11.11,6.6),(7.7,8.8)); 98
((11.11,6.6),(7.7,9.9)); 24
((11.11,6.6),(8.8,9.9)); 23
((11.11,7.7),(2.2,3.3)); 100
((11.11,7.7),(2.2,4.4)); 100
((11.11,7.7),(3.3,4.4)); 100
((11.11,7.7),(5.5,6.6)); 99
((11.11,7.7),(5.5,8.8)); 1
((11.11,7.7),(5.5,9.9)); 17
((11.11,7.7),(6.6,8.8)); 1
((11.11,7.7),(6.6,9.9)); 16
((11.11,8.8),(2.2,3.3)); 100
((11.11,8.8),(2.2,4.4)); 100
((11.11,8.8),(3.3,4.4)); 100
((11.11,8.8),(5.5,6.6)); 99
((11.11,8.8),(5.5,7.7)); 1
((11.11,8.8),(5.5,9.9)); 17
((11.11,8.8),(6.6,7.7)); 1
((11.11,8.8),(6.6,9.9)); 16
((11.11,8.8),(7.7,9.9)); 1
((11.11,9.9),(2.2,3.3)); 100
((11.11,9.9),(2.2,4.4)); 100
((11.11,9.9),(3.3,4.4)); 100
((11.11,9.9),(5.5,6.6)); 99
((11.11,9.9),(5.5,7.7)); 59
((11.11,9.9),(5.5,8.8)); 60
((11.11,9.9),(6.6,7.7)); 60
((11.11,9.9),(6.6,8.8)); 61
((11.11,9.9),(7.7,8.8)); 99
((2.2,3.3),(4.4,5.5)); 91
((2.2,3.3),(4.4,6.6)); 91
((2.2,3.3),(4.4,7.7)); 91
((2.2,3.3),(4.4,8.8)); 91
((2.2,3.3),(4.4,9.9)); 91
((2.2,3.3),(5.5,6.6)); 100
((2.2,3.3),(5.5,7.7)); 100
((2.2,3.3),(5.5,8.8)); 100
((2.2,3.3),(5.5,9.9)); 100
((2.2,3.3),(6.6,7.7)); 100
((2.2,3.3),(6.6,8.8)); 100
((2.2,3.3),(6.6,9.9)); 100
((2.2,3.3),(7.7,8.8)); 100
((2.2,3.3),(7.7,9.9)); 100
((2.2,3.3),(8.8,9.9)); 100
((2.2,4.4),(3.3,5.5)); 3
((2.2,4.4),(3.3,6.6)); 3
((2.2,4.4),(3.3,7.7)); 3
((2.2,4.4),(3.3,8.8)); 3
((2.2,4.4),(3.3,9.9)); 3
((2.2,4.4),(5.5,6.6)); 100
((2.2,4.4),(5.5,7.7)); 100
((2.2,4.4),(5.5,8.8)); 100
((2.2,4.4),(5.5,9.9)); 100
((2.2,4.4),(6.6,7.7)); 100
((2.2,4.4),(6.6,8.8)); 100
((2.2,4.4),(6.6,9.9)); 100
((2.2,4.4),(7.7,8.8)); 100
((2.2,4.4),(7.7,9.9)); 100
((2.2,4.4),(8.8,9.9)); 100
((2.2,5.5),(3.3,4.4)); 6
((2.2,5.5),(6.6,7.7)); 1
((2.2,5.5),(6.6,8.8)); 1
((2.2,5.5),(7.7,8.8)); 98
((2.2,5.5),(7.7,9.9)); 24
((2.2,5.5),(8.8,9.9)); 23
((2.2,6.6),(3.3,4.4)); 6
((2.2,6.6),(5.5,9.9)); 1
((2.2,6.6),(7.7,8.8)); 98
((2.2,6.6),(7.7,9.9)); 24
((2.2,6.6),(8.8,9.9)); 23
((2.2,7.7),(3.3,4.4)); 6
((2.2,7.7),(5.5,6.6)); 99
((2.2,7.7),(5.5,8.8)); 1
((2.2,7.7),(5.5,9.9)); 17
((2.2,7.7),(6.6,8.8)); 1
((2.2,7.7),(6.6,9.9)); 16
((2.2,8.8),(3.3,4.4)); 6
((2.2,8.8),(5.5,6.6)); 99
((2.2,8.8),(5.5,7.7)); 1
((2.2,8.8),(5.5,9.9)); 17
((2.2,8.8),(6.6,7.7)); 1
((2.2,8.8),(6.6,9.9)); 16
((2.2,8.8),(7.7,9.9)); 1
((2.2,9.9),(3.3,4.4)); 6
((2.2,9.9),(5.5,6.6)); 99
((2.2,9.9),(5.5,7.7)); 59
((2.2,9.9),(5.5,8.8)); 60
((2.2,9.9),(6.6,7.7)); 60
((2.2,9.9),(6.6,8.8)); 61
((2.2,9.9),(7.7,8.8)); 99
((3.3,4.4),(5.5,6.6)); 100
((3.3,4.4),(5.5,7.7)); 100
((3.3,4.4),(5.5,8.8)); 100
((3.3,4.4),(5.5,9.9)); 100
((3.3,4.4),(6.6,7.7)); 100
((3.3,4.4),(6.6,8.8)); 100
((3.3,4.4),(6.6,9.9)); 100
((3.3,4.4),(7.7,8.8)); 100
((3.3,4.4),(7.7,9.9)); 100
((3.3,4.4),(8.8,9.9)); 100
((3.3,5.5),(6.6,7.7)); 1
((3.3,5.5),(6.6,8.8)); 1
((3.3,5.5),(7.7,8.8)); 98
((3.3,5.5),(7.7,9.9)); 24
((3.3,5.5),(8.8,9.9)); 23
((3.3,6.6),(5.5,9.9)); 1
((3.3,6.6),(7.7,8.8)); 98
((3.3,6.6),(7.7,9.9)); 24
((3.3,6.6),(8.8,9.9)); 23
((3.3,7.7),(5.5,6.6)); 99
((3.3,7.7),(5.5,8.8)); 1
((3.3,7.7),(5.5,9.9)); 17
((3.3,7.7),(6.6,8.8)); 1
((3.3,7.7),(6.6,9.9)); 16
((3.3,8.8),(5.5,6.6)); 99
((3.3,8.8),(5.5,7.7)); 1
((3.3,8.8),(5.5,9.9)); 17
((3.3,8.8),(6.6,7.7)); 1
((3.3,8.8),(6.6,9.9)); 16
((3.3,8.8),(7.7,9.9)); 1
((3.3,9.9),(5.5,6.6)); 99
((3.3,9.9),(5.5,7.7)); 59
((3.3,9.9),(5.5,8.8)); 60
((3.3,9.9),(6.6,7.7)); 60
((3.3,9.9),(6.6,8.8)); 61
((3.3,9.9),(7.7,8.8)); 99
((4.4,5.5),(6.6,7.7)); 1
((4.4,5.5),(6.6,8.8)); 1
((4.4,5.5),(7.7,8.8)); 98
((4.4,5.5),(7.7,9.9)); 24
((4.4,5.5),(8.8,9.9)); 23
((4.4,6.6),(5.5,9.9)); 1
((4.4,6.6),(7.7,8.8)); 98
((4.4,6.6),(7.7,9.9)); 24
((4.4,6.6),(8.8,9.9)); 23
((4.4,7.7),(5.5,6.6)); 99
((4.4,7.7),(5.5,8.8)); 1
((4.4,7.7),(5.5,9.9)); 17
((4.4,7.7),(6.6,8.8)); 1
((4.4,7.7),(6.6,9.9)); 16
((4.4,8.8),(5.5,6.6)); 99
((4.4,8.8),(5.5,7.7)); 1
((4.4,8.8),(5.5,9.9)); 17
((4.4,8.8),(6.6,7.7)); 1
((4.4,8.8),(6.6,9.9)); 16
((4.4,8.8),(7.7,9.9)); 1
((4.4,9.9),(5.5,6.6)); 99
((4.4,9.9),(5.5,7.7)); 59
((4.4,9.9),(5.5,8.8)); 60
((4.4,9.9),(6.6,7.7)); 60
((4.4,9.9),(6.6,8.8)); 61
((4.4,9.9),(7.7,8.8)); 99
((5.5,6.6),(7.7,8.8)); 100
((5.5,6.6),(7.7,9.9)); 99
((5.5,6.6),(8.8,9.9)); 99
((5.5,7.7),(8.8,9.9)); 1
((5.5,8.8),(7.7,9.9)); 1
((5.5,9.9),(6.6,7.7)); 1
((5.5,9.9),(6.6,8.8)); 1
((5.5,9.9),(7.7,8.8)); 98
((6.6,7.7),(8.8,9.9)); 1
((6.6,8.8),(7.7,9.9)); 1
((6.6,9.9),(7.7,8.8)); 98
