((1,10),(11,5)); 1
((1,10),(11,6)); 1
((1,10),(11,7)); 1
((1,10),(11,8)); 1
((1,10),(11,9)); 1
((1,10),(2,3)); 12
((1,10),(2,4)); 6
((1,10),(3,4)); 9
((1,10),(5,6)); 41
((1,10),(5,7)); 36
((1,10),(5,8)); 34
((1,10),(5,9)); 31
((1,10),(6,7)); 36
((1,10),(6,8)); 34
((1,10),(6,9)); 30
((1,10),(7,8)); 43
((1,10),(7,9)); 33
((1,10),(8,9)); 33
((1,11),(10,5)); 49
((1,11),(10,6)); 49
((1,11),(10,7)); 49
((1,11),(10,8)); 49
((1,11),(10,9)); 49
((1,11),(2,3)); 12
((1,11),(2,4)); 6
((1,11),(3,4)); 9
((1,11),(5,6)); 50
((1,11),(5,7)); 50
((1,11),(5,8)); 50
((1,11),(5,9)); 49
((1,11),(6,7)); 50
((1,11),(6,8)); 50
((1,11),(6,9)); 49
((1,11),(7,8)); 50
((1,11),(7,9)); 49
((1,11),(8,9)); 49
((1,2),(10,11)); 50
((1,2),(10,3)); 28
((1,2),(10,4)); 39
((1,2),(10,5)); 50
((1,2),(10,6)); 50
((1,2),(10,7)); 50
((1,2),(10,8)); 50
((1,2),(10,9)); 50
((1,2),(11,3)); 28
((1,2),(11,4)); 39
((1,2),(11,5)); 50
((1,2),(11,6)); 50
((1,2),(11,7)); 50
((1,2),(11,8)); 50
((1,2),(11,9)); 50
((1,2),(3,4)); 27
((1,2),(3,5)); 28
((1,2),(3,6)); 28
((1,2),(3,7)); 28
((1,2),(3,8)); 28
((1,2),(3,9)); 28
((1,2),(4,5)); 39
((1,2),(4,6)); 39
((1,2),(4,7)); 39
((1,2),(4,8)); 39
((1,2),(4,9)); 39
((1,2),(5,6)); 50
((1,2),(5,7)); 50
((1,2),(5,8)); 50
((1,2),(5,9)); 50
((1,2),(6,7)); 50
((1,2),(6,8)); 50
((1,2),(6,9)); 50
((1,2),(7,8)); 50
((1,2),(7,9)); 50
((1,2),(8,9)); 50
((1,3),(10,11)); 50
((1,3),(10,2)); 10
((1,3),(10,4)); 31
((1,3),(10,5)); 50
((1,3),(10,6)); 50
((1,3),(10,7)); 50
((1,3),(10,8)); 50
((1,3),(10,9)); 50
((1,3),(11,2)); 10
((1,3),(11,4)); 31
((1,3),(11,5)); 50
((1,3),(11,6)); 50
((1,3),(11,7)); 50
((1,3),(11,8)); 50
((1,3),(11,9)); 50
((1,3),(2,4)); 11
((1,3),(2,5)); 10
((1,3),(2,6)); 10
((1,3),(2,7)); 10
((1,3),(2,8)); 10
((1,3),(2,9)); 10
((1,3),(4,5)); 31
((1,3),(4,6)); 31
((1,3),(4,7)); 31
((1,3),(4,8)); 31
((1,3),(4,9)); 31
((1,3),(5,6)); 50
((1,3),(5,7)); 50
((1,3),(5,8)); 50
((1,3),(5,9)); 50
((1,3),(6,7)); 50
((1,3),(6,8)); 50
((1,3),(6,9)); 50
((1,3),(7,8)); 50
((1,3),(7,9)); 50
((1,3),(8,9)); 50
((1,4),(10,11)); 50
((1,4),(10,2)); 5
((1,4),(10,3)); 10
((1,4),(10,5)); 50
((1,4),(10,6)); 50
((1,4),(10,7)); 50
((1,4),(10,8)); 50
((1,4),(10,9)); 50
((1,4),(11,2)); 5
((1,4),(11,3)); 10
((1,4),(11,5)); 50
((1,4),(11,6)); 50
((1,4),(11,7)); 50
((1,4),(11,8)); 50
((1,4),(11,9)); 50
((1,4),(2,3)); 12
((1,4),(2,5)); 5
((1,4),(2,6)); 5
((1,4),(2,7)); 5
((1,4),(2,8)); 5
((1,4),(2,9)); 5
((1,4),(3,5)); 10
((1,4),(3,6)); 10
((1,4),(3,7)); 10
((1,4),(3,8)); 10
((1,4),(3,9)); 10
((1,4),(5,6)); 50
((1,4),(5,7)); 50
((1,4),(5,8)); 50
((1,4),(5,9)); 50
((1,4),(6,7)); 50
((1,4),(6,8)); 50
((1,4),(6,9)); 50
((1,4),(7,8)); 50
((1,4),(7,9)); 50
((1,4),(8,9)); 50
((1,5),(10,6)); 5
((1,5),(10,7)); 7
((1,5),(10,8)); 6
((1,5),(10,9)); 11
((1,5),(11,9)); 1
((1,5),(2,3)); 12
((1,5),(2,4)); 6
((1,5),(3,4)); 9
((1,5),(6,7)); 7
((1,5),(6,8)); 7
((1,5),(6,9)); 8
((1,5),(7,8)); 35
((1,5),(7,9)); 17
((1,5),(8,9)); 16
((1,6),(10,5)); 4
((1,6),(10,7)); 6
((1,6),(10,8)); 4
((1,6),(10,9)); 11
((1,6),(11,9)); 1
((1,6),(2,3)); 12
((1,6),(2,4)); 6
((1,6),(3,4)); 9
((1,6),(5,7)); 10
((1,6),(5,8)); 11
((1,6),(5,9)); 5
((1,6),(7,8)); 33
((1,6),(7,9)); 16
((1,6),(8,9)); 16
((1,7),(10,5)); 7
((1,7),(10,6)); 8
((1,7),(10,8)); 1
((1,7),(10,9)); 9
((1,7),(11,9)); 1
((1,7),(2,3)); 12
((1,7),(2,4)); 6
((1,7),(3,4)); 9
((1,7),(5,6)); 33
((1,7),(5,8)); 8
((1,7),(5,9)); 8
((1,7),(6,8)); 8
((1,7),(6,9)); 8
((1,7),(8,9)); 5
((1,8),(10,5)); 10
((1,8),(10,6)); 12
((1,8),(10,7)); 6
((1,8),(10,9)); 9
((1,8),(11,9)); 1
((1,8),(2,3)); 12
((1,8),(2,4)); 6
((1,8),(3,4)); 9
((1,8),(5,6)); 32
((1,8),(5,7)); 7
((1,8),(5,9)); 7
((1,8),(6,7)); 9
((1,8),(6,9)); 9
((1,8),(7,9)); 7
((1,9),(10,5)); 8
((1,9),(10,6)); 9
((1,9),(10,7)); 8
((1,9),(10,8)); 8
((1,9),(2,3)); 12
((1,9),(2,4)); 6
((1,9),(3,4)); 9
((1,9),(5,6)); 37
((1,9),(5,7)); 25
((1,9),(5,8)); 27
((1,9),(6,7)); 26
((1,9),(6,8)); 25
((1,9),(7,8)); 38
((10,11),(2,3)); 50
((10,11),(2,4)); 50
((10,11),(3,4)); 50
((10,11),(5,6)); 41
((10,11),(5,7)); 36
((10,11),(5,8)); 34
((10,11),(5,9)); 30
((10,11),(6,7)); 36
((10,11),(6,8)); 34
((10,11),(6,9)); 29
((10,11),(7,8)); 43
((10,11),(7,9)); 32
((10,11),(8,9)); 32
((10,2),(11,5)); 1
((10,2),(11,6)); 1
((10,2),(11,7)); 1
((10,2),(11,8)); 1
((10,2),(11,9)); 1
((10,2),(3,4)); 7
((10,2),(5,6)); 41
((10,2),(5,7)); 36
((10,2),(5,8)); 34
((10,2),(5,9)); 31
((10,2),(6,7)); 36
((10,2),(6,8)); 34
((10,2),(6,9)); 30
((10,2),(7,8)); 43
((10,2),(7,9)); 33
((10,2),(8,9)); 33
((10,3),(11,5)); 1
((10,3),(11,6)); 1
((10,3),(11,7)); 1
((10,3),(11,8)); 1
((10,3),(11,9)); 1
((10,3),(2,4)); 11
((10,3),(5,6)); 41
((10,3),(5,7)); 36
((10,3),(5,8)); 34
((10,3),(5,9)); 31
((10,3),(6,7)); 36
((10,3),(6,8)); 34
((10,3),(6,9)); 30
((10,3),(7,8)); 43
((10,3),(7,9)); 33
((10,3),(8,9)); 33
((10,4),(11,5)); 1
((10,4),(11,6)); 1
((10,4),(11,7)); 1
((10,4),(11,8)); 1
((10,4),(11,9)); 1
((10,4),(2,3)); 32
((10,4),(5,6)); 41
((10,4),(5,7)); 36
((10,4),(5,8)); 34
((10,4),(5,9)); 31
((10,4),(6,7)); 36
((10,4),(6,8)); 34
((10,4),(6,9)); 30
((10,4),(7,8)); 43
((10,4),(7,9)); 33
((10,4),(8,9)); 33
((10,5),(11,2)); 49
((10,5),(11,3)); 49
((10,5),(11,4)); 49
((10,5),(11,6)); 4
((10,5),(11,7)); 7
((10,5),(11,8)); 10
((10,5),(11,9)); 9
((10,5),(2,3)); 50
((10,5),(2,4)); 50
((10,5),(2,6)); 4
((10,5),(2,7)); 7
((10,5),(2,8)); 10
((10,5),(2,9)); 8
((10,5),(3,4)); 50
((10,5),(3,6)); 4
((10,5),(3,7)); 7
((10,5),(3,8)); 10
((10,5),(3,9)); 8
((10,5),(4,6)); 4
((10,5),(4,7)); 7
((10,5),(4,8)); 10
((10,5),(4,9)); 8
((10,5),(6,7)); 7
((10,5),(6,8)); 6
((10,5),(6,9)); 7
((10,5),(7,8)); 35
((10,5),(7,9)); 16
((10,5),(8,9)); 19
((10,6),(11,2)); 49
((10,6),(11,3)); 49
((10,6),(11,4)); 49
((10,6),(11,5)); 5
((10,6),(11,7)); 8
((10,6),(11,8)); 12
((10,6),(11,9)); 10
((10,6),(2,3)); 50
((10,6),(2,4)); 50
((10,6),(2,5)); 5
((10,6),(2,7)); 8
((10,6),(2,8)); 12
((10,6),(2,9)); 9
((10,6),(3,4)); 50
((10,6),(3,5)); 5
((10,6),(3,7)); 8
((10,6),(3,8)); 12
((10,6),(3,9)); 9
((10,6),(4,5)); 5
((10,6),(4,7)); 8
((10,6),(4,8)); 12
((10,6),(4,9)); 9
((10,6),(5,7)); 9
((10,6),(5,8)); 13
((10,6),(5,9)); 7
((10,6),(7,8)); 35
((10,6),(7,9)); 19
((10,6),(8,9)); 21
((10,7),(11,2)); 49
((10,7),(11,3)); 49
((10,7),(11,4)); 49
((10,7),(11,5)); 7
((10,7),(11,6)); 6
((10,7),(11,8)); 6
((10,7),(11,9)); 9
((10,7),(2,3)); 50
((10,7),(2,4)); 50
((10,7),(2,5)); 7
((10,7),(2,6)); 6
((10,7),(2,8)); 6
((10,7),(2,9)); 8
((10,7),(3,4)); 50
((10,7),(3,5)); 7
((10,7),(3,6)); 6
((10,7),(3,8)); 6
((10,7),(3,9)); 8
((10,7),(4,5)); 7
((10,7),(4,6)); 6
((10,7),(4,8)); 6
((10,7),(4,9)); 8
((10,7),(5,6)); 34
((10,7),(5,8)); 10
((10,7),(5,9)); 8
((10,7),(6,8)); 8
((10,7),(6,9)); 8
((10,7),(8,9)); 8
((10,8),(11,2)); 49
((10,8),(11,3)); 49
((10,8),(11,4)); 49
((10,8),(11,5)); 6
((10,8),(11,6)); 4
((10,8),(11,7)); 1
((10,8),(11,9)); 9
((10,8),(2,3)); 50
((10,8),(2,4)); 50
((10,8),(2,5)); 6
((10,8),(2,6)); 4
((10,8),(2,7)); 1
((10,8),(2,9)); 8
((10,8),(3,4)); 50
((10,8),(3,5)); 6
((10,8),(3,6)); 4
((10,8),(3,7)); 1
((10,8),(3,9)); 8
((10,8),(4,5)); 6
((10,8),(4,6)); 4
((10,8),(4,7)); 1
((10,8),(4,9)); 8
((10,8),(5,6)); 31
((10,8),(5,7)); 5
((10,8),(5,9)); 4
((10,8),(6,7)); 7
((10,8),(6,9)); 5
((10,8),(7,9)); 5
((10,9),(11,2)); 49
((10,9),(11,3)); 49
((10,9),(11,4)); 49
((10,9),(11,5)); 11
((10,9),(11,6)); 11
((10,9),(11,7)); 9
((10,9),(11,8)); 9
((10,9),(2,3)); 50
((10,9),(2,4)); 50
((10,9),(2,5)); 11
((10,9),(2,6)); 11
((10,9),(2,7)); 9
((10,9),(2,8)); 9
((10,9),(3,4)); 50
((10,9),(3,5)); 11
((10,9),(3,6)); 11
((10,9),(3,7)); 9
((10,9),(3,8)); 9
((10,9),(4,5)); 11
((10,9),(4,6)); 11
((10,9),(4,7)); 9
((10,9),(4,8)); 9
((10,9),(5,6)); 36
((10,9),(5,7)); 26
((10,9),(5,8)); 27
((10,9),(6,7)); 23
((10,9),(6,8)); 24
((10,9),(7,8)); 37
((11,2),(3,4)); 7
((11,2),(5,6)); 50
((11,2),(5,7)); 50
((11,2),(5,8)); 50
((11,2),(5,9)); 49
((11,2),(6,7)); 50
((11,2),(6,8)); 50
((11,2),(6,9)); 49
((11,2),(7,8)); 50
((11,2),(7,9)); 49
((11,2),(8,9)); 49
((11,3),(2,4)); 11
((11,3),(5,6)); 50
((11,3),(5,7)); 50
((11,3),(5,8)); 50
((11,3),(5,9)); 49
((11,3),(6,7)); 50
((11,3),(6,8)); 50
((11,3),(6,9)); 49
((11,3),(7,8)); 50
((11,3),(7,9)); 49
((11,3),(8,9)); 49
((11,4),(2,3)); 32
((11,4),(5,6)); 50
((11,4),(5,7)); 50
((11,4),(5,8)); 50
((11,4),(5,9)); 49
((11,4),(6,7)); 50
((11,4),(6,8)); 50
((11,4),(6,9)); 49
((11,4),(7,8)); 50
((11,4),(7,9)); 49
((11,4),(8,9)); 49
((11,5),(2,3)); 50
((11,5),(2,4)); 50
((11,5),(3,4)); 50
((11,5),(6,7)); 7
((11,5),(6,8)); 7
((11,5),(6,9)); 8
((11,5),(7,8)); 35
((11,5),(7,9)); 17
((11,5),(8,9)); 16
((11,6),(2,3)); 50
((11,6),(2,4)); 50
((11,6),(3,4)); 50
((11,6),(5,7)); 10
((11,6),(5,8)); 11
((11,6),(5,9)); 5
((11,6),(7,8)); 33
((11,6),(7,9)); 16
((11,6),(8,9)); 16
((11,7),(2,3)); 50
((11,7),(2,4)); 50
((11,7),(3,4)); 50
((11,7),(5,6)); 33
((11,7),(5,8)); 8
((11,7),(5,9)); 8
((11,7),(6,8)); 8
((11,7),(6,9)); 8
((11,7),(8,9)); 5
((11,8),(2,3)); 50
((11,8),(2,4)); 50
((11,8),(3,4)); 50
((11,8),(5,6)); 32
((11,8),(5,7)); 7
((11,8),(5,9)); 7
((11,8),(6,7)); 9
((11,8),(6,9)); 9
((11,8),(7,9)); 7
((11,9),(2,3)); 50
((11,9),(2,4)); 50
((11,9),(2,5)); 1
((11,9),(2,6)); 1
((11,9),(2,7)); 1
((11,9),(2,8)); 1
((11,9),(3,4)); 50
((11,9),(3,5)); 1
((11,9),(3,6)); 1
((11,9),(3,7)); 1
((11,9),(3,8)); 1
((11,9),(4,5)); 1
((11,9),(4,6)); 1
((11,9),(4,7)); 1
((11,9),(4,8)); 1
((11,9),(5,6)); 37
((11,9),(5,7)); 25
((11,9),(5,8)); 27
((11,9),(6,7)); 26
((11,9),(6,8)); 25
((11,9),(7,8)); 38
((2,3),(4,5)); 32
((2,3),(4,6)); 32
((2,3),(4,7)); 32
((2,3),(4,8)); 32
((2,3),(4,9)); 32
((2,3),(5,6)); 50
((2,3),(5,7)); 50
((2,3),(5,8)); 50
((2,3),(5,9)); 50
((2,3),(6,7)); 50
((2,3),(6,8)); 50
((2,3),(6,9)); 50
((2,3),(7,8)); 50
((2,3),(7,9)); 50
((2,3),(8,9)); 50
((2,4),(3,5)); 11
((2,4),(3,6)); 11
((2,4),(3,7)); 11
((2,4),(3,8)); 11
((2,4),(3,9)); 11
((2,4),(5,6)); 50
((2,4),(5,7)); 50
((2,4),(5,8)); 50
((2,4),(5,9)); 50
((2,4),(6,7)); 50
((2,4),(6,8)); 50
((2,4),(6,9)); 50
((2,4),(7,8)); 50
((2,4),(7,9)); 50
((2,4),(8,9)); 50
((2,5),(3,4)); 7
((2,5),(6,7)); 7
((2,5),(6,8)); 7
((2,5),(6,9)); 8
((2,5),(7,8)); 35
((2,5),(7,9)); 17
((2,5),(8,9)); 16
((2,6),(3,4)); 7
((2,6),(5,7)); 10
((2,6),(5,8)); 11
((2,6),(5,9)); 5
((2,6),(7,8)); 33
((2,6),(7,9)); 16
((2,6),(8,9)); 16
((2,7),(3,4)); 7
((2,7),(5,6)); 33
((2,7),(5,8)); 8
((2,7),(5,9)); 8
((2,7),(6,8)); 8
((2,7),(6,9)); 8
((2,7),(8,9)); 5
((2,8),(3,4)); 7
((2,8),(5,6)); 32
((2,8),(5,7)); 7
((2,8),(5,9)); 7
((2,8),(6,7)); 9
((2,8),(6,9)); 9
((2,8),(7,9)); 7
((2,9),(3,4)); 7
((2,9),(5,6)); 37
((2,9),(5,7)); 25
((2,9),(5,8)); 27
((2,9),(6,7)); 26
((2,9),(6,8)); 25
((2,9),(7,8)); 38
((3,4),(5,6)); 50
((3,4),(5,7)); 50
((3,4),(5,8)); 50
((3,4),(5,9)); 50
((3,4),(6,7)); 50
((3,4),(6,8)); 50
((3,4),(6,9)); 50
((3,4),(7,8)); 50
((3,4),(7,9)); 50
((3,4),(8,9)); 50
((3,5),(6,7)); 7
((3,5),(6,8)); 7
((3,5),(6,9)); 8
((3,5),(7,8)); 35
((3,5),(7,9)); 17
((3,5),(8,9)); 16
((3,6),(5,7)); 10
((3,6),(5,8)); 11
((3,6),(5,9)); 5
((3,6),(7,8)); 33
((3,6),(7,9)); 16
((3,6),(8,9)); 16
((3,7),(5,6)); 33
((3,7),(5,8)); 8
((3,7),(5,9)); 8
((3,7),(6,8)); 8
((3,7),(6,9)); 8
((3,7),(8,9)); 5
((3,8),(5,6)); 32
((3,8),(5,7)); 7
((3,8),(5,9)); 7
((3,8),(6,7)); 9
((3,8),(6,9)); 9
((3,8),(7,9)); 7
((3,9),(5,6)); 37
((3,9),(5,7)); 25
((3,9),(5,8)); 27
((3,9),(6,7)); 26
((3,9),(6,8)); 25
((3,9),(7,8)); 38
((4,5),(6,7)); 7
((4,5),(6,8)); 7
((4,5),(6,9)); 8
((4,5),(7,8)); 35
((4,5),(7,9)); 17
((4,5),(8,9)); 16
((4,6),(5,7)); 10
((4,6),(5,8)); 11
((4,6),(5,9)); 5
((4,6),(7,8)); 33
((4,6),(7,9)); 16
((4,6),(8,9)); 16
((4,7),(5,6)); 33
((4,7),(5,8)); 8
((4,7),(5,9)); 8
((4,7),(6,8)); 8
((4,7),(6,9)); 8
((4,7),(8,9)); 5
((4,8),(5,6)); 32
((4,8),(5,7)); 7
((4,8),(5,9)); 7
((4,8),(6,7)); 9
((4,8),(6,9)); 9
((4,8),(7,9)); 7
((4,9),(5,6)); 37
((4,9),(5,7)); 25
((4,9),(5,8)); 27
((4,9),(6,7)); 26
((4,9),(6,8)); 25
((4,9),(7,8)); 38
((5,6),(7,8)); 40
((5,6),(7,9)); 36
((5,6),(8,9)); 38
((5,7),(6,8)); 5
((5,7),(6,9)); 8
((5,7),(8,9)); 9
((5,8),(6,7)); 5
((5,8),(6,9)); 7
((5,8),(7,9)); 9
((5,9),(6,7)); 6
((5,9),(6,8)); 5
((5,9),(7,8)); 32
((6,7),(8,9)); 10
((6,8),(7,9)); 7
((6,9),(7,8)); 33
