((1,10),(11,2)); 1
((1,10),(11,4)); 1
((1,10),(11,5)); 3
((1,10),(11,6)); 3
((1,10),(11,7)); 1
((1,10),(11,8)); 1
((1,10),(11,9)); 2
((1,10),(2,3)); 24
((1,10),(2,4)); 22
((1,10),(2,5)); 1
((1,10),(2,6)); 1
((1,10),(2,7)); 1
((1,10),(2,8)); 1
((1,10),(2,9)); 1
((1,10),(3,4)); 19
((1,10),(3,5)); 1
((1,10),(3,6)); 1
((1,10),(3,7)); 1
((1,10),(3,8)); 1
((1,10),(3,9)); 1
((1,10),(4,5)); 1
((1,10),(4,6)); 1
((1,10),(4,7)); 1
((1,10),(4,8)); 1
((1,10),(4,9)); 1
((1,10),(5,6)); 83
((1,10),(5,7)); 59
((1,10),(5,8)); 55
((1,10),(5,9)); 54
((1,10),(6,7)); 60
((1,10),(6,8)); 54
((1,10),(6,9)); 53
((1,10),(7,8)); 83
((1,10),(7,9)); 55
((1,10),(8,9)); 52
((1,11),(10,2)); 1
((1,11),(10,3)); 2
((1,11),(10,4)); 3
((1,11),(10,5)); 96
((1,11),(10,6)); 97
((1,11),(10,7)); 97
((1,11),(10,8)); 97
((1,11),(10,9)); 96
((1,11),(2,3)); 24
((1,11),(2,4)); 22
((1,11),(2,5)); 1
((1,11),(2,6)); 1
((1,11),(2,7)); 1
((1,11),(2,8)); 1
((1,11),(2,9)); 1
((1,11),(3,4)); 19
((1,11),(3,5)); 2
((1,11),(3,6)); 2
((1,11),(3,7)); 2
((1,11),(3,8)); 2
((1,11),(3,9)); 2
((1,11),(4,5)); 3
((1,11),(4,6)); 3
((1,11),(4,7)); 3
((1,11),(4,8)); 3
((1,11),(4,9)); 3
((1,11),(5,6)); 96
((1,11),(5,7)); 97
((1,11),(5,8)); 97
((1,11),(5,9)); 97
((1,11),(6,7)); 97
((1,11),(6,8)); 96
((1,11),(6,9)); 96
((1,11),(7,8)); 98
((1,11),(7,9)); 97
((1,11),(8,9)); 97
((1,2),(10,11)); 98
((1,2),(10,3)); 41
((1,2),(10,4)); 57
((1,2),(10,5)); 99
((1,2),(10,6)); 99
((1,2),(10,7)); 99
((1,2),(10,8)); 99
((1,2),(10,9)); 99
((1,2),(11,3)); 41
((1,2),(11,4)); 56
((1,2),(11,5)); 98
((1,2),(11,6)); 98
((1,2),(11,7)); 98
((1,2),(11,8)); 98
((1,2),(11,9)); 98
((1,2),(3,4)); 41
((1,2),(3,5)); 42
((1,2),(3,6)); 42
((1,2),(3,7)); 41
((1,2),(3,8)); 41
((1,2),(3,9)); 41
((1,2),(4,5)); 57
((1,2),(4,6)); 57
((1,2),(4,7)); 57
((1,2),(4,8)); 57
((1,2),(4,9)); 57
((1,2),(5,6)); 100
((1,2),(5,7)); 99
((1,2),(5,8)); 99
((1,2),(5,9)); 99
((1,2),(6,7)); 99
((1,2),(6,8)); 99
((1,2),(6,9)); 99
((1,2),(7,8)); 100
((1,2),(7,9)); 99
((1,2),(8,9)); 99
((1,3),(10,11)); 98
((1,3),(10,2)); 35
((1,3),(10,4)); 56
((1,3),(10,5)); 99
((1,3),(10,6)); 99
((1,3),(10,7)); 99
((1,3),(10,8)); 99
((1,3),(10,9)); 99
((1,3),(11,2)); 35
((1,3),(11,4)); 57
((1,3),(11,5)); 98
((1,3),(11,6)); 98
((1,3),(11,7)); 98
((1,3),(11,8)); 98
((1,3),(11,9)); 98
((1,3),(2,4)); 32
((1,3),(2,5)); 35
((1,3),(2,6)); 35
((1,3),(2,7)); 35
((1,3),(2,8)); 35
((1,3),(2,9)); 35
((1,3),(4,5)); 56
((1,3),(4,6)); 56
((1,3),(4,7)); 56
((1,3),(4,8)); 56
((1,3),(4,9)); 56
((1,3),(5,6)); 99
((1,3),(5,7)); 99
((1,3),(5,8)); 99
((1,3),(5,9)); 99
((1,3),(6,7)); 99
((1,3),(6,8)); 99
((1,3),(6,9)); 99
((1,3),(7,8)); 100
((1,3),(7,9)); 99
((1,3),(8,9)); 99
((1,4),(10,11)); 96
((1,4),(10,2)); 21
((1,4),(10,3)); 25
((1,4),(10,5)); 99
((1,4),(10,6)); 99
((1,4),(10,7)); 99
((1,4),(10,8)); 99
((1,4),(10,9)); 99
((1,4),(11,2)); 22
((1,4),(11,3)); 24
((1,4),(11,5)); 96
((1,4),(11,6)); 96
((1,4),(11,7)); 96
((1,4),(11,8)); 96
((1,4),(11,9)); 96
((1,4),(2,3)); 27
((1,4),(2,5)); 22
((1,4),(2,6)); 22
((1,4),(2,7)); 21
((1,4),(2,8)); 21
((1,4),(2,9)); 22
((1,4),(3,5)); 26
((1,4),(3,6)); 26
((1,4),(3,7)); 25
((1,4),(3,8)); 25
((1,4),(3,9)); 26
((1,4),(5,6)); 100
((1,4),(5,7)); 99
((1,4),(5,8)); 99
((1,4),(5,9)); 100
((1,4),(6,7)); 99
((1,4),(6,8)); 99
((1,4),(6,9)); 100
((1,4),(7,8)); 100
((1,4),(7,9)); 99
((1,4),(8,9)); 99
((1,5),(10,11)); 1
((1,5),(10,6)); 10
((1,5),(10,7)); 20
((1,5),(10,8)); 24
((1,5),(10,9)); 21
((1,5),(11,2)); 1
((1,5),(11,4)); 1
((1,5),(11,6)); 2
((1,5),(11,7)); 1
((1,5),(11,8)); 1
((1,5),(11,9)); 1
((1,5),(2,3)); 23
((1,5),(2,4)); 21
((1,5),(3,4)); 18
((1,5),(3,6)); 1
((1,5),(6,7)); 15
((1,5),(6,8)); 14
((1,5),(6,9)); 10
((1,5),(7,8)); 69
((1,5),(7,9)); 23
((1,5),(8,9)); 21
((1,6),(10,5)); 7
((1,6),(10,7)); 20
((1,6),(10,8)); 25
((1,6),(10,9)); 21
((1,6),(11,2)); 1
((1,6),(11,4)); 1
((1,6),(11,5)); 2
((1,6),(11,9)); 1
((1,6),(2,3)); 23
((1,6),(2,4)); 21
((1,6),(3,4)); 18
((1,6),(5,7)); 11
((1,6),(5,8)); 9
((1,6),(5,9)); 13
((1,6),(7,8)); 67
((1,6),(7,9)); 24
((1,6),(8,9)); 23
((1,7),(10,11)); 2
((1,7),(10,5)); 21
((1,7),(10,6)); 20
((1,7),(10,8)); 10
((1,7),(10,9)); 22
((1,7),(11,2)); 1
((1,7),(11,4)); 1
((1,7),(11,5)); 2
((1,7),(11,6)); 3
((1,7),(11,8)); 1
((1,7),(11,9)); 1
((1,7),(2,3)); 24
((1,7),(2,4)); 22
((1,7),(2,5)); 1
((1,7),(2,6)); 1
((1,7),(2,9)); 1
((1,7),(3,4)); 19
((1,7),(3,5)); 1
((1,7),(3,6)); 1
((1,7),(3,9)); 1
((1,7),(4,5)); 1
((1,7),(4,6)); 1
((1,7),(4,9)); 1
((1,7),(5,6)); 74
((1,7),(5,8)); 11
((1,7),(5,9)); 32
((1,7),(6,8)); 14
((1,7),(6,9)); 27
((1,7),(8,9)); 11
((1,8),(10,11)); 2
((1,8),(10,5)); 21
((1,8),(10,6)); 21
((1,8),(10,7)); 7
((1,8),(10,9)); 21
((1,8),(11,2)); 1
((1,8),(11,4)); 1
((1,8),(11,5)); 2
((1,8),(11,6)); 4
((1,8),(11,7)); 1
((1,8),(11,9)); 1
((1,8),(2,3)); 24
((1,8),(2,4)); 22
((1,8),(2,5)); 1
((1,8),(2,6)); 1
((1,8),(2,9)); 1
((1,8),(3,4)); 19
((1,8),(3,5)); 1
((1,8),(3,6)); 1
((1,8),(3,9)); 1
((1,8),(4,5)); 1
((1,8),(4,6)); 1
((1,8),(4,9)); 1
((1,8),(5,6)); 77
((1,8),(5,7)); 20
((1,8),(5,9)); 34
((1,8),(6,7)); 19
((1,8),(6,9)); 30
((1,8),(7,9)); 14
((1,9),(10,11)); 2
((1,9),(10,5)); 25
((1,9),(10,6)); 26
((1,9),(10,7)); 23
((1,9),(10,8)); 27
((1,9),(11,2)); 1
((1,9),(11,4)); 1
((1,9),(11,5)); 2
((1,9),(11,6)); 3
((1,9),(11,7)); 2
((1,9),(11,8)); 2
((1,9),(2,3)); 24
((1,9),(2,4)); 21
((1,9),(2,5)); 1
((1,9),(2,6)); 1
((1,9),(3,4)); 18
((1,9),(3,5)); 1
((1,9),(3,6)); 1
((1,9),(5,6)); 77
((1,9),(5,7)); 45
((1,9),(5,8)); 45
((1,9),(6,7)); 49
((1,9),(6,8)); 47
((1,9),(7,8)); 75
((10,11),(2,3)); 98
((10,11),(2,4)); 97
((10,11),(2,5)); 2
((10,11),(2,6)); 1
((10,11),(2,7)); 3
((10,11),(2,8)); 3
((10,11),(2,9)); 3
((10,11),(3,4)); 97
((10,11),(3,5)); 2
((10,11),(3,6)); 1
((10,11),(3,7)); 3
((10,11),(3,8)); 3
((10,11),(3,9)); 3
((10,11),(4,5)); 2
((10,11),(4,6)); 1
((10,11),(4,7)); 3
((10,11),(4,8)); 3
((10,11),(4,9)); 3
((10,11),(5,6)); 83
((10,11),(5,7)); 60
((10,11),(5,8)); 55
((10,11),(5,9)); 54
((10,11),(6,7)); 60
((10,11),(6,8)); 54
((10,11),(6,9)); 53
((10,11),(7,8)); 83
((10,11),(7,9)); 57
((10,11),(8,9)); 53
((10,2),(11,4)); 1
((10,2),(11,5)); 3
((10,2),(11,6)); 3
((10,2),(11,7)); 1
((10,2),(11,8)); 1
((10,2),(11,9)); 2
((10,2),(3,4)); 21
((10,2),(3,5)); 1
((10,2),(3,6)); 1
((10,2),(5,6)); 83
((10,2),(5,7)); 58
((10,2),(5,8)); 54
((10,2),(5,9)); 53
((10,2),(6,7)); 59
((10,2),(6,8)); 53
((10,2),(6,9)); 52
((10,2),(7,8)); 83
((10,2),(7,9)); 54
((10,2),(8,9)); 51
((10,3),(11,2)); 2
((10,3),(11,4)); 1
((10,3),(11,5)); 3
((10,3),(11,6)); 3
((10,3),(11,7)); 1
((10,3),(11,8)); 1
((10,3),(11,9)); 2
((10,3),(2,4)); 25
((10,3),(5,6)); 82
((10,3),(5,7)); 58
((10,3),(5,8)); 54
((10,3),(5,9)); 53
((10,3),(6,7)); 59
((10,3),(6,8)); 53
((10,3),(6,9)); 52
((10,3),(7,8)); 83
((10,3),(7,9)); 54
((10,3),(8,9)); 51
((10,4),(11,2)); 2
((10,4),(11,3)); 2
((10,4),(11,5)); 3
((10,4),(11,6)); 3
((10,4),(11,7)); 1
((10,4),(11,8)); 1
((10,4),(11,9)); 2
((10,4),(2,3)); 54
((10,4),(2,5)); 1
((10,4),(2,6)); 1
((10,4),(2,9)); 1
((10,4),(3,5)); 1
((10,4),(3,6)); 1
((10,4),(3,9)); 1
((10,4),(5,6)); 83
((10,4),(5,7)); 58
((10,4),(5,8)); 54
((10,4),(5,9)); 54
((10,4),(6,7)); 59
((10,4),(6,8)); 53
((10,4),(6,9)); 53
((10,4),(7,8)); 83
((10,4),(7,9)); 54
((10,4),(8,9)); 51
((10,5),(11,2)); 95
((10,5),(11,3)); 95
((10,5),(11,4)); 95
((10,5),(11,6)); 8
((10,5),(11,7)); 20
((10,5),(11,8)); 19
((10,5),(11,9)); 24
((10,5),(2,3)); 99
((10,5),(2,4)); 99
((10,5),(2,6)); 7
((10,5),(2,7)); 21
((10,5),(2,8)); 21
((10,5),(2,9)); 25
((10,5),(3,4)); 99
((10,5),(3,6)); 8
((10,5),(3,7)); 21
((10,5),(3,8)); 21
((10,5),(3,9)); 25
((10,5),(4,6)); 7
((10,5),(4,7)); 21
((10,5),(4,8)); 21
((10,5),(4,9)); 25
((10,5),(6,7)); 16
((10,5),(6,8)); 14
((10,5),(6,9)); 9
((10,5),(7,8)); 67
((10,5),(7,9)); 31
((10,5),(8,9)); 28
((10,6),(11,2)); 96
((10,6),(11,3)); 96
((10,6),(11,4)); 96
((10,6),(11,5)); 9
((10,6),(11,7)); 19
((10,6),(11,8)); 21
((10,6),(11,9)); 25
((10,6),(2,3)); 99
((10,6),(2,4)); 99
((10,6),(2,5)); 10
((10,6),(2,7)); 20
((10,6),(2,8)); 21
((10,6),(2,9)); 26
((10,6),(3,4)); 99
((10,6),(3,5)); 10
((10,6),(3,7)); 20
((10,6),(3,8)); 21
((10,6),(3,9)); 26
((10,6),(4,5)); 10
((10,6),(4,7)); 20
((10,6),(4,8)); 21
((10,6),(4,9)); 26
((10,6),(5,7)); 13
((10,6),(5,8)); 10
((10,6),(5,9)); 14
((10,6),(7,8)); 70
((10,6),(7,9)); 31
((10,6),(8,9)); 28
((10,7),(11,2)); 96
((10,7),(11,3)); 96
((10,7),(11,4)); 96
((10,7),(11,5)); 20
((10,7),(11,6)); 21
((10,7),(11,8)); 7
((10,7),(11,9)); 21
((10,7),(2,3)); 100
((10,7),(2,4)); 100
((10,7),(2,5)); 21
((10,7),(2,6)); 21
((10,7),(2,8)); 7
((10,7),(2,9)); 24
((10,7),(3,4)); 100
((10,7),(3,5)); 21
((10,7),(3,6)); 21
((10,7),(3,8)); 7
((10,7),(3,9)); 24
((10,7),(4,5)); 21
((10,7),(4,6)); 21
((10,7),(4,8)); 7
((10,7),(4,9)); 24
((10,7),(5,6)); 71
((10,7),(5,8)); 11
((10,7),(5,9)); 30
((10,7),(6,8)); 10
((10,7),(6,9)); 26
((10,7),(8,9)); 9
((10,8),(11,2)); 96
((10,8),(11,3)); 96
((10,8),(11,4)); 96
((10,8),(11,5)); 26
((10,8),(11,6)); 25
((10,8),(11,7)); 10
((10,8),(11,9)); 27
((10,8),(2,3)); 100
((10,8),(2,4)); 100
((10,8),(2,5)); 25
((10,8),(2,6)); 26
((10,8),(2,7)); 10
((10,8),(2,9)); 28
((10,8),(3,4)); 100
((10,8),(3,5)); 25
((10,8),(3,6)); 26
((10,8),(3,7)); 10
((10,8),(3,9)); 28
((10,8),(4,5)); 25
((10,8),(4,6)); 26
((10,8),(4,7)); 10
((10,8),(4,9)); 28
((10,8),(5,6)); 76
((10,8),(5,7)); 22
((10,8),(5,9)); 36
((10,8),(6,7)); 20
((10,8),(6,9)); 32
((10,8),(7,9)); 16
((10,9),(11,2)); 95
((10,9),(11,3)); 95
((10,9),(11,4)); 95
((10,9),(11,5)); 22
((10,9),(11,6)); 22
((10,9),(11,7)); 22
((10,9),(11,8)); 20
((10,9),(2,3)); 100
((10,9),(2,4)); 99
((10,9),(2,5)); 22
((10,9),(2,6)); 22
((10,9),(2,7)); 22
((10,9),(2,8)); 21
((10,9),(3,4)); 99
((10,9),(3,5)); 22
((10,9),(3,6)); 22
((10,9),(3,7)); 22
((10,9),(3,8)); 21
((10,9),(4,5)); 21
((10,9),(4,6)); 21
((10,9),(4,7)); 22
((10,9),(4,8)); 21
((10,9),(5,6)); 77
((10,9),(5,7)); 39
((10,9),(5,8)); 36
((10,9),(6,7)); 43
((10,9),(6,8)); 40
((10,9),(7,8)); 75
((11,2),(3,4)); 22
((11,2),(3,5)); 3
((11,2),(3,6)); 3
((11,2),(3,7)); 2
((11,2),(3,8)); 2
((11,2),(3,9)); 2
((11,2),(4,5)); 2
((11,2),(4,6)); 2
((11,2),(4,7)); 2
((11,2),(4,8)); 2
((11,2),(4,9)); 2
((11,2),(5,6)); 96
((11,2),(5,7)); 96
((11,2),(5,8)); 96
((11,2),(5,9)); 96
((11,2),(6,7)); 96
((11,2),(6,8)); 95
((11,2),(6,9)); 95
((11,2),(7,8)); 98
((11,2),(7,9)); 96
((11,2),(8,9)); 96
((11,3),(2,4)); 24
((11,3),(4,5)); 2
((11,3),(4,6)); 2
((11,3),(4,7)); 2
((11,3),(4,8)); 2
((11,3),(4,9)); 2
((11,3),(5,6)); 95
((11,3),(5,7)); 96
((11,3),(5,8)); 96
((11,3),(5,9)); 96
((11,3),(6,7)); 96
((11,3),(6,8)); 95
((11,3),(6,9)); 95
((11,3),(7,8)); 98
((11,3),(7,9)); 96
((11,3),(8,9)); 96
((11,4),(2,3)); 54
((11,4),(2,5)); 2
((11,4),(2,6)); 2
((11,4),(2,7)); 1
((11,4),(2,8)); 1
((11,4),(2,9)); 2
((11,4),(3,5)); 2
((11,4),(3,6)); 2
((11,4),(3,7)); 1
((11,4),(3,8)); 1
((11,4),(3,9)); 2
((11,4),(5,6)); 96
((11,4),(5,7)); 96
((11,4),(5,8)); 96
((11,4),(5,9)); 97
((11,4),(6,7)); 96
((11,4),(6,8)); 95
((11,4),(6,9)); 96
((11,4),(7,8)); 98
((11,4),(7,9)); 96
((11,4),(8,9)); 96
((11,5),(2,3)); 97
((11,5),(2,4)); 96
((11,5),(2,6)); 2
((11,5),(2,7)); 2
((11,5),(2,8)); 2
((11,5),(2,9)); 2
((11,5),(3,4)); 96
((11,5),(3,6)); 3
((11,5),(3,7)); 2
((11,5),(3,8)); 2
((11,5),(3,9)); 2
((11,5),(4,6)); 2
((11,5),(4,7)); 2
((11,5),(4,8)); 2
((11,5),(4,9)); 2
((11,5),(6,7)); 15
((11,5),(6,8)); 15
((11,5),(6,9)); 11
((11,5),(7,8)); 69
((11,5),(7,9)); 24
((11,5),(8,9)); 22
((11,6),(2,3)); 97
((11,6),(2,4)); 96
((11,6),(2,5)); 2
((11,6),(2,7)); 3
((11,6),(2,8)); 4
((11,6),(2,9)); 3
((11,6),(3,4)); 96
((11,6),(3,5)); 2
((11,6),(3,7)); 3
((11,6),(3,8)); 4
((11,6),(3,9)); 3
((11,6),(4,5)); 2
((11,6),(4,7)); 3
((11,6),(4,8)); 4
((11,6),(4,9)); 3
((11,6),(5,7)); 12
((11,6),(5,8)); 10
((11,6),(5,9)); 13
((11,6),(7,8)); 68
((11,6),(7,9)); 26
((11,6),(8,9)); 25
((11,7),(2,3)); 98
((11,7),(2,4)); 97
((11,7),(2,5)); 2
((11,7),(2,6)); 1
((11,7),(2,8)); 1
((11,7),(2,9)); 3
((11,7),(3,4)); 97
((11,7),(3,5)); 2
((11,7),(3,6)); 1
((11,7),(3,8)); 1
((11,7),(3,9)); 3
((11,7),(4,5)); 2
((11,7),(4,6)); 1
((11,7),(4,8)); 1
((11,7),(4,9)); 3
((11,7),(5,6)); 73
((11,7),(5,8)); 11
((11,7),(5,9)); 32
((11,7),(6,8)); 13
((11,7),(6,9)); 27
((11,7),(8,9)); 11
((11,8),(2,3)); 98
((11,8),(2,4)); 97
((11,8),(2,5)); 2
((11,8),(2,6)); 1
((11,8),(2,7)); 1
((11,8),(2,9)); 3
((11,8),(3,4)); 97
((11,8),(3,5)); 2
((11,8),(3,6)); 1
((11,8),(3,7)); 1
((11,8),(3,9)); 3
((11,8),(4,5)); 2
((11,8),(4,6)); 1
((11,8),(4,7)); 1
((11,8),(4,9)); 3
((11,8),(5,6)); 75
((11,8),(5,7)); 20
((11,8),(5,9)); 34
((11,8),(6,7)); 19
((11,8),(6,9)); 29
((11,8),(7,9)); 14
((11,9),(2,3)); 98
((11,9),(2,4)); 96
((11,9),(2,5)); 2
((11,9),(2,6)); 2
((11,9),(2,7)); 1
((11,9),(2,8)); 1
((11,9),(3,4)); 96
((11,9),(3,5)); 2
((11,9),(3,6)); 2
((11,9),(3,7)); 1
((11,9),(3,8)); 1
((11,9),(4,5)); 1
((11,9),(4,6)); 1
((11,9),(4,7)); 1
((11,9),(4,8)); 1
((11,9),(5,6)); 76
((11,9),(5,7)); 44
((11,9),(5,8)); 44
((11,9),(6,7)); 47
((11,9),(6,8)); 46
((11,9),(7,8)); 75
((2,3),(4,5)); 53
((2,3),(4,6)); 53
((2,3),(4,7)); 54
((2,3),(4,8)); 54
((2,3),(4,9)); 54
((2,3),(5,6)); 99
((2,3),(5,7)); 99
((2,3),(5,8)); 99
((2,3),(5,9)); 99
((2,3),(6,7)); 99
((2,3),(6,8)); 99
((2,3),(6,9)); 99
((2,3),(7,8)); 100
((2,3),(7,9)); 100
((2,3),(8,9)); 100
((2,4),(3,5)); 26
((2,4),(3,6)); 26
((2,4),(3,7)); 25
((2,4),(3,8)); 25
((2,4),(3,9)); 25
((2,4),(5,6)); 100
((2,4),(5,7)); 99
((2,4),(5,8)); 99
((2,4),(5,9)); 99
((2,4),(6,7)); 99
((2,4),(6,8)); 99
((2,4),(6,9)); 99
((2,4),(7,8)); 100
((2,4),(7,9)); 99
((2,4),(8,9)); 99
((2,5),(3,4)); 21
((2,5),(3,6)); 1
((2,5),(4,7)); 1
((2,5),(4,8)); 1
((2,5),(4,9)); 1
((2,5),(6,7)); 15
((2,5),(6,8)); 14
((2,5),(6,9)); 10
((2,5),(7,8)); 69
((2,5),(7,9)); 24
((2,5),(8,9)); 22
((2,6),(3,4)); 21
((2,6),(4,7)); 1
((2,6),(4,8)); 1
((2,6),(4,9)); 1
((2,6),(5,7)); 11
((2,6),(5,8)); 9
((2,6),(5,9)); 13
((2,6),(7,8)); 67
((2,6),(7,9)); 25
((2,6),(8,9)); 24
((2,7),(3,4)); 21
((2,7),(3,5)); 1
((2,7),(3,6)); 1
((2,7),(5,6)); 74
((2,7),(5,8)); 11
((2,7),(5,9)); 31
((2,7),(6,8)); 14
((2,7),(6,9)); 26
((2,7),(8,9)); 11
((2,8),(3,4)); 21
((2,8),(3,5)); 1
((2,8),(3,6)); 1
((2,8),(5,6)); 77
((2,8),(5,7)); 20
((2,8),(5,9)); 33
((2,8),(6,7)); 19
((2,8),(6,9)); 29
((2,8),(7,9)); 14
((2,9),(3,4)); 21
((2,9),(3,5)); 1
((2,9),(3,6)); 1
((2,9),(4,7)); 1
((2,9),(4,8)); 1
((2,9),(5,6)); 77
((2,9),(5,7)); 45
((2,9),(5,8)); 45
((2,9),(6,7)); 49
((2,9),(6,8)); 47
((2,9),(7,8)); 75
((3,4),(5,6)); 99
((3,4),(5,7)); 99
((3,4),(5,8)); 99
((3,4),(5,9)); 99
((3,4),(6,7)); 99
((3,4),(6,8)); 99
((3,4),(6,9)); 99
((3,4),(7,8)); 100
((3,4),(7,9)); 99
((3,4),(8,9)); 99
((3,5),(4,7)); 1
((3,5),(4,8)); 1
((3,5),(4,9)); 1
((3,5),(6,7)); 15
((3,5),(6,8)); 14
((3,5),(6,9)); 10
((3,5),(7,8)); 69
((3,5),(7,9)); 24
((3,5),(8,9)); 22
((3,6),(4,5)); 1
((3,6),(4,7)); 1
((3,6),(4,8)); 1
((3,6),(4,9)); 1
((3,6),(5,7)); 12
((3,6),(5,8)); 10
((3,6),(5,9)); 14
((3,6),(7,8)); 67
((3,6),(7,9)); 25
((3,6),(8,9)); 24
((3,7),(5,6)); 73
((3,7),(5,8)); 11
((3,7),(5,9)); 31
((3,7),(6,8)); 14
((3,7),(6,9)); 26
((3,7),(8,9)); 11
((3,8),(5,6)); 76
((3,8),(5,7)); 20
((3,8),(5,9)); 33
((3,8),(6,7)); 19
((3,8),(6,9)); 29
((3,8),(7,9)); 14
((3,9),(4,7)); 1
((3,9),(4,8)); 1
((3,9),(5,6)); 76
((3,9),(5,7)); 45
((3,9),(5,8)); 45
((3,9),(6,7)); 49
((3,9),(6,8)); 47
((3,9),(7,8)); 75
((4,5),(6,7)); 15
((4,5),(6,8)); 14
((4,5),(6,9)); 10
((4,5),(7,8)); 69
((4,5),(7,9)); 23
((4,5),(8,9)); 21
((4,6),(5,7)); 11
((4,6),(5,8)); 9
((4,6),(5,9)); 13
((4,6),(7,8)); 67
((4,6),(7,9)); 24
((4,6),(8,9)); 23
((4,7),(5,6)); 74
((4,7),(5,8)); 11
((4,7),(5,9)); 32
((4,7),(6,8)); 14
((4,7),(6,9)); 27
((4,7),(8,9)); 11
((4,8),(5,6)); 77
((4,8),(5,7)); 20
((4,8),(5,9)); 34
((4,8),(6,7)); 19
((4,8),(6,9)); 30
((4,8),(7,9)); 14
((4,9),(5,6)); 77
((4,9),(5,7)); 45
((4,9),(5,8)); 45
((4,9),(6,7)); 49
((4,9),(6,8)); 47
((4,9),(7,8)); 75
((5,6),(7,8)); 84
((5,6),(7,9)); 69
((5,6),(8,9)); 74
((5,7),(6,8)); 9
((5,7),(6,9)); 12
((5,7),(8,9)); 19
((5,8),(6,7)); 7
((5,8),(6,9)); 9
((5,8),(7,9)); 12
((5,9),(6,7)); 19
((5,9),(6,8)); 17
((5,9),(7,8)); 69
((6,7),(8,9)); 18
((6,8),(7,9)); 15
((6,9),(7,8)); 67
