((1.1,10.10),(2.2,3.3)); 10
((1.1,10.10),(2.2,4.4)); 1
((1.1,10.10),(3.3,4.4)); 5
((1.1,10.10),(5.5,6.6)); 49
((1.1,10.10),(5.5,7.7)); 40
((1.1,10.10),(5.5,8.8)); 40
((1.1,10.10),(5.5,9.9)); 39
((1.1,10.10),(6.6,7.7)); 41
((1.1,10.10),(6.6,8.8)); 41
((1.1,10.10),(6.6,9.9)); 40
((1.1,10.10),(7.7,8.8)); 50
((1.1,10.10),(7.7,9.9)); 43
((1.1,10.10),(8.8,9.9)); 43
((1.1,11.11),(10.10,5.5)); 50
((1.1,11.11),(10.10,6.6)); 50
((1.1,11.11),(10.10,7.7)); 50
((1.1,11.11),(10.10,8.8)); 50
((1.1,11.11),(10.10,9.9)); 50
((1.1,11.11),(2.2,3.3)); 10
((1.1,11.11),(2.2,4.4)); 1
((1.1,11.11),(3.3,4.4)); 5
((1.1,11.11),(5.5,6.6)); 50
((1.1,11.11),(5.5,7.7)); 50
((1.1,11.11),(5.5,8.8)); 50
((1.1,11.11),(5.5,9.9)); 50
((1.1,11.11),(6.6,7.7)); 50
((1.1,11.11),(6.6,8.8)); 50
((1.1,11.11),(6.6,9.9)); 50
((1.1,11.11),(7.7,8.8)); 50
((1.1,11.11),(7.7,9.9)); 50
((1.1,11.11),(8.8,9.9)); 50
((1.1,2.2),(10.10,11.11)); 50
((1.1,2.2),(10.10,3.3)); 28
((1.1,2.2),(10.10,4.4)); 45
((1.1,2.2),(10.10,5.5)); 50
((1.1,2.2),(10.10,6.6)); 50
((1.1,2.2),(10.10,7.7)); 50
((1.1,2.2),(10.10,8.8)); 50
((1.1,2.2),(10.10,9.9)); 50
((1.1,2.2),(11.11,3.3)); 28
((1.1,2.2),(11.11,4.4)); 45
((1.1,2.2),(11.11,5.5)); 50
((1.1,2.2),(11.11,6.6)); 50
((1.1,2.2),(11.11,7.7)); 50
((1.1,2.2),(11.11,8.8)); 50
((1.1,2.2),(11.11,9.9)); 50
((1.1,2.2),(3.3,4.4)); 28
((1.1,2.2),(3.3,5.5)); 28
((1.1,2.2),(3.3,6.6)); 28
((1.1,2.2),(3.3,7.7)); 28
((1.1,2.2),(3.3,8.8)); 28
((1.1,2.2),(3.3,9.9)); 28
((1.1,2.2),(4.4,5.5)); 45
((1.1,2.2),(4.4,6.6)); 45
((1.1,2.2),(4.4,7.7)); 45
((1.1,2.2),(4.4,8.8)); 45
((1.1,2.2),(4.4,9.9)); 45
((1.1,2.2),(5.5,6.6)); 50
((1.1,2.2),(5.5,7.7)); 50
((1.1,2.2),(5.5,8.8)); 50
((1.1,2.2),(5.5,9.9)); 50
((1.1,2.2),(6.6,7.7)); 50
((1.1,2.2),(6.6,8.8)); 50
((1.1,2.2),(6.6,9.9)); 50
((1.1,2.2),(7.7,8.8)); 50
((1.1,2.2),(7.7,9.9)); 50
((1.1,2.2),(8.8,9.9)); 50
((1.1,3.3),(10.10,11.11)); 50
((1.1,3.3),(10.10,2.2)); 12
((1.1,3.3),(10.10,4.4)); 43
((1.1,3.3),(10.10,5.5)); 50
((1.1,3.3),(10.10,6.6)); 50
((1.1,3.3),(10.10,7.7)); 50
((1.1,3.3),(10.10,8.8)); 50
((1.1,3.3),(10.10,9.9)); 50
((1.1,3.3),(11.11,2.2)); 12
((1.1,3.3),(11.11,4.4)); 43
((1.1,3.3),(11.11,5.5)); 50
((1.1,3.3),(11.11,6.6)); 50
((1.1,3.3),(11.11,7.7)); 50
((1.1,3.3),(11.11,8.8)); 50
((1.1,3.3),(11.11,9.9)); 50
((1.1,3.3),(2.2,4.4)); 12
((1.1,3.3),(2.2,5.5)); 12
((1.1,3.3),(2.2,6.6)); 12
((1.1,3.3),(2.2,7.7)); 12
((1.1,3.3),(2.2,8.8)); 12
((1.1,3.3),(2.2,9.9)); 12
((1.1,3.3),(4.4,5.5)); 43
((1.1,3.3),(4.4,6.6)); 43
((1.1,3.3),(4.4,7.7)); 43
((1.1,3.3),(4.4,8.8)); 43
((1.1,3.3),(4.4,9.9)); 43
((1.1,3.3),(5.5,6.6)); 50
((1.1,3.3),(5.5,7.7)); 50
((1.1,3.3),(5.5,8.8)); 50
((1.1,3.3),(5.5,9.9)); 50
((1.1,3.3),(6.6,7.7)); 50
((1.1,3.3),(6.6,8.8)); 50
((1.1,3.3),(6.6,9.9)); 50
((1.1,3.3),(7.7,8.8)); 50
((1.1,3.3),(7.7,9.9)); 50
((1.1,3.3),(8.8,9.9)); 50
((1.1,4.4),(10.10,11.11)); 50
((1.1,4.4),(10.10,2.2)); 4
((1.1,4.4),(10.10,3.3)); 2
((1.1,4.4),(10.10,5.5)); 50
((1.1,4.4),(10.10,6.6)); 50
((1.1,4.4),(10.10,7.7)); 50
((1.1,4.4),(10.10,8.8)); 50
((1.1,4.4),(10.10,9.9)); 50
((1.1,4.4),(11.11,2.2)); 4
((1.1,4.4),(11.11,3.3)); 2
((1.1,4.4),(11.11,5.5)); 50
((1.1,4.4),(11.11,6.6)); 50
((1.1,4.4),(11.11,7.7)); 50
((1.1,4.4),(11.11,8.8)); 50
((1.1,4.4),(11.11,9.9)); 50
((1.1,4.4),(2.2,3.3)); 10
((1.1,4.4),(2.2,5.5)); 4
((1.1,4.4),(2.2,6.6)); 4
((1.1,4.4),(2.2,7.7)); 4
((1.1,4.4),(2.2,8.8)); 4
((1.1,4.4),(2.2,9.9)); 4
((1.1,4.4),(3.3,5.5)); 2
((1.1,4.4),(3.3,6.6)); 2
((1.1,4.4),(3.3,7.7)); 2
((1.1,4.4),(3.3,8.8)); 2
((1.1,4.4),(3.3,9.9)); 2
((1.1,4.4),(5.5,6.6)); 50
((1.1,4.4),(5.5,7.7)); 50
((1.1,4.4),(5.5,8.8)); 50
((1.1,4.4),(5.5,9.9)); 50
((1.1,4.4),(6.6,7.7)); 50
((1.1,4.4),(6.6,8.8)); 50
((1.1,4.4),(6.6,9.9)); 50
((1.1,4.4),(7.7,8.8)); 50
((1.1,4.4),(7.7,9.9)); 50
((1.1,4.4),(8.8,9.9)); 50
((1.1,5.5),(10.10,7.7)); 5
((1.1,5.5),(10.10,8.8)); 5
((1.1,5.5),(10.10,9.9)); 7
((1.1,5.5),(2.2,3.3)); 10
((1.1,5.5),(2.2,4.4)); 1
((1.1,5.5),(3.3,4.4)); 5
((1.1,5.5),(6.6,7.7)); 1
((1.1,5.5),(6.6,8.8)); 1
((1.1,5.5),(6.6,9.9)); 1
((1.1,5.5),(7.7,8.8)); 50
((1.1,5.5),(7.7,9.9)); 13
((1.1,5.5),(8.8,9.9)); 13
((1.1,6.6),(10.10,5.5)); 1
((1.1,6.6),(10.10,7.7)); 5
((1.1,6.6),(10.10,8.8)); 5
((1.1,6.6),(10.10,9.9)); 7
((1.1,6.6),(2.2,3.3)); 10
((1.1,6.6),(2.2,4.4)); 1
((1.1,6.6),(3.3,4.4)); 5
((1.1,6.6),(7.7,8.8)); 50
((1.1,6.6),(7.7,9.9)); 12
((1.1,6.6),(8.8,9.9)); 12
((1.1,7.7),(10.10,5.5)); 5
((1.1,7.7),(10.10,6.6)); 4
((1.1,7.7),(10.10,9.9)); 5
((1.1,7.7),(2.2,3.3)); 10
((1.1,7.7),(2.2,4.4)); 1
((1.1,7.7),(3.3,4.4)); 5
((1.1,7.7),(5.5,6.6)); 49
((1.1,7.7),(5.5,9.9)); 11
((1.1,7.7),(6.6,9.9)); 11
((1.1,8.8),(10.10,5.5)); 5
((1.1,8.8),(10.10,6.6)); 4
((1.1,8.8),(10.10,9.9)); 5
((1.1,8.8),(2.2,3.3)); 10
((1.1,8.8),(2.2,4.4)); 1
((1.1,8.8),(3.3,4.4)); 5
((1.1,8.8),(5.5,6.6)); 49
((1.1,8.8),(5.5,9.9)); 11
((1.1,8.8),(6.6,9.9)); 11
((1.1,9.9),(10.10,5.5)); 4
((1.1,9.9),(10.10,6.6)); 3
((1.1,9.9),(10.10,7.7)); 2
((1.1,9.9),(10.10,8.8)); 2
((1.1,9.9),(2.2,3.3)); 10
((1.1,9.9),(2.2,4.4)); 1
((1.1,9.9),(3.3,4.4)); 5
((1.1,9.9),(5.5,6.6)); 49
((1.1,9.9),(5.5,7.7)); 26
((1.1,9.9),(5.5,8.8)); 26
((1.1,9.9),(6.6,7.7)); 27
((1.1,9.9),(6.6,8.8)); 27
((1.1,9.9),(7.7,8.8)); 50
((10.10,11.11),(2.2,3.3)); 50
((10.10,11.11),(2.2,4.4)); 50
((10.10,11.11),(3.3,4.4)); 50
((10.10,11.11),(5.5,6.6)); 49
((10.10,11.11),(5.5,7.7)); 40
((10.10,11.11),(5.5,8.8)); 40
((10.10,11.11),(5.5,9.9)); 39
((10.10,11.11),(6.6,7.7)); 41
((10.10,11.11),(6.6,8.8)); 41
((10.10,11.11),(6.6,9.9)); 40
((10.10,11.11),(7.7,8.8)); 50
((10.10,11.11),(7.7,9.9)); 43
((10.10,11.11),(8.8,9.9)); 43
((10.10,2.2),(3.3,4.4)); 9
((10.10,2.2),(5.5,6.6)); 49
((10.10,2.2),(5.5,7.7)); 40
((10.10,2.2),(5.5,8.8)); 40
((10.10,2.2),(5.5,9.9)); 39
((10.10,2.2),(6.6,7.7)); 41
((10.10,2.2),(6.6,8.8)); 41
((10.10,2.2),(6.6,9.9)); 40
((10.10,2.2),(7.7,8.8)); 50
((10.10,2.2),(7.7,9.9)); 43
((10.10,2.2),(8.8,9.9)); 43
((10.10,3.3),(2.2,4.4)); 3
((10.10,3.3),(5.5,6.6)); 49
((10.10,3.3),(5.5,7.7)); 40
((10.10,3.3),(5.5,8.8)); 40
((10.10,3.3),(5.5,9.9)); 39
((10.10,3.3),(6.6,7.7)); 41
((10.10,3.3),(6.6,8.8)); 41
((10.10,3.3),(6.6,9.9)); 40
((10.10,3.3),(7.7,8.8)); 50
((10.10,3.3),(7.7,9.9)); 43
((10.10,3.3),(8.8,9.9)); 43
((10.10,4.4),(2.2,3.3)); 38
((10.10,4.4),(5.5,6.6)); 49
((10.10,4.4),(5.5,7.7)); 40
((10.10,4.4),(5.5,8.8)); 40
((10.10,4.4),(5.5,9.9)); 39
((10.10,4.4),(6.6,7.7)); 41
((10.10,4.4),(6.6,8.8)); 41
((10.10,4.4),(6.6,9.9)); 40
((10.10,4.4),(7.7,8.8)); 50
((10.10,4.4),(7.7,9.9)); 43
((10.10,4.4),(8.8,9.9)); 43
((10.10,5.5),(11.11,2.2)); 50
((10.10,5.5),(11.11,3.3)); 50
((10.10,5.5),(11.11,4.4)); 50
((10.10,5.5),(11.11,6.6)); 1
((10.10,5.5),(11.11,7.7)); 5
((10.10,5.5),(11.11,8.8)); 5
((10.10,5.5),(11.11,9.9)); 4
((10.10,5.5),(2.2,3.3)); 50
((10.10,5.5),(2.2,4.4)); 50
((10.10,5.5),(2.2,6.6)); 1
((10.10,5.5),(2.2,7.7)); 5
((10.10,5.5),(2.2,8.8)); 5
((10.10,5.5),(2.2,9.9)); 4
((10.10,5.5),(3.3,4.4)); 50
((10.10,5.5),(3.3,6.6)); 1
((10.10,5.5),(3.3,7.7)); 5
((10.10,5.5),(3.3,8.8)); 5
((10.10,5.5),(3.3,9.9)); 4
((10.10,5.5),(4.4,6.6)); 1
((10.10,5.5),(4.4,7.7)); 5
((10.10,5.5),(4.4,8.8)); 5
((10.10,5.5),(4.4,9.9)); 4
((10.10,5.5),(6.6,7.7)); 1
((10.10,5.5),(6.6,8.8)); 1
((10.10,5.5),(6.6,9.9)); 1
((10.10,5.5),(7.7,8.8)); 50
((10.10,5.5),(7.7,9.9)); 13
((10.10,5.5),(8.8,9.9)); 13
((10.10,6.6),(11.11,2.2)); 50
((10.10,6.6),(11.11,3.3)); 50
((10.10,6.6),(11.11,4.4)); 50
((10.10,6.6),(11.11,7.7)); 4
((10.10,6.6),(11.11,8.8)); 4
((10.10,6.6),(11.11,9.9)); 3
((10.10,6.6),(2.2,3.3)); 50
((10.10,6.6),(2.2,4.4)); 50
((10.10,6.6),(2.2,7.7)); 4
((10.10,6.6),(2.2,8.8)); 4
((10.10,6.6),(2.2,9.9)); 3
((10.10,6.6),(3.3,4.4)); 50
((10.10,6.6),(3.3,7.7)); 4
((10.10,6.6),(3.3,8.8)); 4
((10.10,6.6),(3.3,9.9)); 3
((10.10,6.6),(4.4,7.7)); 4
((10.10,6.6),(4.4,8.8)); 4
((10.10,6.6),(4.4,9.9)); 3
((10.10,6.6),(7.7,8.8)); 50
((10.10,6.6),(7.7,9.9)); 12
((10.10,6.6),(8.8,9.9)); 12
((10.10,7.7),(11.11,2.2)); 50
((10.10,7.7),(11.11,3.3)); 50
((10.10,7.7),(11.11,4.4)); 50
((10.10,7.7),(11.11,5.5)); 5
((10.10,7.7),(11.11,6.6)); 5
((10.10,7.7),(11.11,9.9)); 2
((10.10,7.7),(2.2,3.3)); 50
((10.10,7.7),(2.2,4.4)); 50
((10.10,7.7),(2.2,5.5)); 5
((10.10,7.7),(2.2,6.6)); 5
((10.10,7.7),(2.2,9.9)); 2
((10.10,7.7),(3.3,4.4)); 50
((10.10,7.7),(3.3,5.5)); 5
((10.10,7.7),(3.3,6.6)); 5
((10.10,7.7),(3.3,9.9)); 2
((10.10,7.7),(4.4,5.5)); 5
((10.10,7.7),(4.4,6.6)); 5
((10.10,7.7),(4.4,9.9)); 2
((10.10,7.7),(5.5,6.6)); 49
((10.10,7.7),(5.5,9.9)); 11
((10.10,7.7),(6.6,9.9)); 11
((10.10,8.8),(11.11,2.2)); 50
((10.10,8.8),(11.11,3.3)); 50
((10.10,8.8),(11.11,4.4)); 50
((10.10,8.8),(11.11,5.5)); 5
((10.10,8.8),(11.11,6.6)); 5
((10.10,8.8),(11.11,9.9)); 2
((10.10,8.8),(2.2,3.3)); 50
((10.10,8.8),(2.2,4.4)); 50
((10.10,8.8),(2.2,5.5)); 5
((10.10,8.8),(2.2,6.6)); 5
((10.10,8.8),(2.2,9.9)); 2
((10.10,8.8),(3.3,4.4)); 50
((10.10,8.8),(3.3,5.5)); 5
((10.10,8.8),(3.3,6.6)); 5
((10.10,8.8),(3.3,9.9)); 2
((10.10,8.8),(4.4,5.5)); 5
((10.10,8.8),(4.4,6.6)); 5
((10.10,8.8),(4.4,9.9)); 2
((10.10,8.8),(5.5,6.6)); 49
((10.10,8.8),(5.5,9.9)); 11
((10.10,8.8),(6.6,9.9)); 11
((10.10,9.9),(11.11,2.2)); 50
((10.10,9.9),(11.11,3.3)); 50
((10.10,9.9),(11.11,4.4)); 50
((10.10,9.9),(11.11,5.5)); 7
((10.10,9.9),(11.11,6.6)); 7
((10.10,9.9),(11.11,7.7)); 5
((10.10,9.9),(11.11,8.8)); 5
((10.10,9.9),(2.2,3.3)); 50
((10.10,9.9),(2.2,4.4)); 50
((10.10,9.9),(2.2,5.5)); 7
((10.10,9.9),(2.2,6.6)); 7
((10.10,9.9),(2.2,7.7)); 5
((10.10,9.9),(2.2,8.8)); 5
((10.10,9.9),(3.3,4.4)); 50
((10.10,9.9),(3.3,5.5)); 7
((10.10,9.9),(3.3,6.6)); 7
((10.10,9.9),(3.3,7.7)); 5
((10.10,9.9),(3.3,8.8)); 5
((10.10,9.9),(4.4,5.5)); 7
((10.10,9.9),(4.4,6.6)); 7
((10.10,9.9),(4.4,7.7)); 5
((10.10,9.9),(4.4,8.8)); 5
((10.10,9.9),(5.5,6.6)); 49
((10.10,9.9),(5.5,7.7)); 26
((10.10,9.9),(5.5,8.8)); 26
((10.10,9.9),(6.6,7.7)); 27
((10.10,9.9),(6.6,8.8)); 27
((10.10,9.9),(7.7,8.8)); 50
((11.11,2.2),(3.3,4.4)); 9
((11.11,2.2),(5.5,6.6)); 50
((11.11,2.2),(5.5,7.7)); 50
((11.11,2.2),(5.5,8.8)); 50
((11.11,2.2),(5.5,9.9)); 50
((11.11,2.2),(6.6,7.7)); 50
((11.11,2.2),(6.6,8.8)); 50
((11.11,2.2),(6.6,9.9)); 50
((11.11,2.2),(7.7,8.8)); 50
((11.11,2.2),(7.7,9.9)); 50
((11.11,2.2),(8.8,9.9)); 50
((11.11,3.3),(2.2,4.4)); 3
((11.11,3.3),(5.5,6.6)); 50
((11.11,3.3),(5.5,7.7)); 50
((11.11,3.3),(5.5,8.8)); 50
((11.11,3.3),(5.5,9.9)); 50
((11.11,3.3),(6.6,7.7)); 50
((11.11,3.3),(6.6,8.8)); 50
((11.11,3.3),(6.6,9.9)); 50
((11.11,3.3),(7.7,8.8)); 50
((11.11,3.3),(7.7,9.9)); 50
((11.11,3.3),(8.8,9.9)); 50
((11.11,4.4),(2.2,3.3)); 38
((11.11,4.4),(5.5,6.6)); 50
((11.11,4.4),(5.5,7.7)); 50
((11.11,4.4),(5.5,8.8)); 50
((11.11,4.4),(5.5,9.9)); 50
((11.11,4.4),(6.6,7.7)); 50
((11.11,4.4),(6.6,8.8)); 50
((11.11,4.4),(6.6,9.9)); 50
((11.11,4.4),(7.7,8.8)); 50
((11.11,4.4),(7.7,9.9)); 50
((11.11,4.4),(8.8,9.9)); 50
((11.11,5.5),(2.2,3.3)); 50
((11.11,5.5),(2.2,4.4)); 50
((11.11,5.5),(3.3,4.4)); 50
((11.11,5.5),(6.6,7.7)); 1
((11.11,5.5),(6.6,8.8)); 1
((11.11,5.5),(6.6,9.9)); 1
((11.11,5.5),(7.7,8.8)); 50
((11.11,5.5),(7.7,9.9)); 13
((11.11,5.5),(8.8,9.9)); 13
((11.11,6.6),(2.2,3.3)); 50
((11.11,6.6),(2.2,4.4)); 50
((11.11,6.6),(3.3,4.4)); 50
((11.11,6.6),(7.7,8.8)); 50
((11.11,6.6),(7.7,9.9)); 12
((11.11,6.6),(8.8,9.9)); 12
((11.11,7.7),(2.2,3.3)); 50
((11.11,7.7),(2.2,4.4)); 50
((11.11,7.7),(3.3,4.4)); 50
((11.11,7.7),(5.5,6.6)); 49
((11.11,7.7),(5.5,9.9)); 11
((11.11,7.7),(6.6,9.9)); 11
((11.11,8.8),(2.2,3.3)); 50
((11.11,8.8),(2.2,4.4)); 50
((11.11,8.8),(3.3,4.4)); 50
((11.11,8.8),(5.5,6.6)); 49
((11.11,8.8),(5.5,9.9)); 11
((11.11,8.8),(6.6,9.9)); 11
((11.11,9.9),(2.2,3.3)); 50
((11.11,9.9),(2.2,4.4)); 50
((11.11,9.9),(3.3,4.4)); 50
((11.11,9.9),(5.5,6.6)); 49
((11.11,9.9),(5.5,7.7)); 26
((11.11,9.9),(5.5,8.8)); 26
((11.11,9.9),(6.6,7.7)); 27
((11.11,9.9),(6.6,8.8)); 27
((11.11,9.9),(7.7,8.8)); 50
((2.2,3.3),(4.4,5.5)); 38
((2.2,3.3),(4.4,6.6)); 38
((2.2,3.3),(4.4,7.7)); 38
((2.2,3.3),(4.4,8.8)); 38
((2.2,3.3),(4.4,9.9)); 38
((2.2,3.3),(5.5,6.6)); 50
((2.2,3.3),(5.5,7.7)); 50
((2.2,3.3),(5.5,8.8)); 50
((2.2,3.3),(5.5,9.9)); 50
((2.2,3.3),(6.6,7.7)); 50
((2.2,3.3),(6.6,8.8)); 50
((2.2,3.3),(6.6,9.9)); 50
((2.2,3.3),(7.7,8.8)); 50
((2.2,3.3),(7.7,9.9)); 50
((2.2,3.3),(8.8,9.9)); 50
((2.2,4.4),(3.3,5.5)); 3
((2.2,4.4),(3.3,6.6)); 3
((2.2,4.4),(3.3,7.7)); 3
((2.2,4.4),(3.3,8.8)); 3
((2.2,4.4),(3.3,9.9)); 3
((2.2,4.4),(5.5,6.6)); 50
((2.2,4.4),(5.5,7.7)); 50
((2.2,4.4),(5.5,8.8)); 50
((2.2,4.4),(5.5,9.9)); 50
((2.2,4.4),(6.6,7.7)); 50
((2.2,4.4),(6.6,8.8)); 50
((2.2,4.4),(6.6,9.9)); 50
((2.2,4.4),(7.7,8.8)); 50
((2.2,4.4),(7.7,9.9)); 50
((2.2,4.4),(8.8,9.9)); 50
((2.2,5.5),(3.3,4.4)); 9
((2.2,5.5),(6.6,7.7)); 1
((2.2,5.5),(6.6,8.8)); 1
((2.2,5.5),(6.6,9.9)); 1
((2.2,5.5),(7.7,8.8)); 50
((2.2,5.5),(7.7,9.9)); 13
((2.2,5.5),(8.8,9.9)); 13
((2.2,6.6),(3.3,4.4)); 9
((2.2,6.6),(7.7,8.8)); 50
((2.2,6.6),(7.7,9.9)); 12
((2.2,6.6),(8.8,9.9)); 12
((2.2,7.7),(3.3,4.4)); 9
((2.2,7.7),(5.5,6.6)); 49
((2.2,7.7),(5.5,9.9)); 11
((2.2,7.7),(6.6,9.9)); 11
((2.2,8.8),(3.3,4.4)); 9
((2.2,8.8),(5.5,6.6)); 49
((2.2,8.8),(5.5,9.9)); 11
((2.2,8.8),(6.6,9.9)); 11
((2.2,9.9),(3.3,4.4)); 9
((2.2,9.9),(5.5,6.6)); 49
((2.2,9.9),(5.5,7.7)); 26
((2.2,9.9),(5.5,8.8)); 26
((2.2,9.9),(6.6,7.7)); 27
((2.2,9.9),(6.6,8.8)); 27
((2.2,9.9),(7.7,8.8)); 50
((3.3,4.4),(5.5,6.6)); 50
((3.3,4.4),(5.5,7.7)); 50
((3.3,4.4),(5.5,8.8)); 50
((3.3,4.4),(5.5,9.9)); 50
((3.3,4.4),(6.6,7.7)); 50
((3.3,4.4),(6.6,8.8)); 50
((3.3,4.4),(6.6,9.9)); 50
((3.3,4.4),(7.7,8.8)); 50
((3.3,4.4),(7.7,9.9)); 50
((3.3,4.4),(8.8,9.9)); 50
((3.3,5.5),(6.6,7.7)); 1
((3.3,5.5),(6.6,8.8)); 1
((3.3,5.5),(6.6,9.9)); 1
((3.3,5.5),(7.7,8.8)); 50
((3.3,5.5),(7.7,9.9)); 13
((3.3,5.5),(8.8,9.9)); 13
((3.3,6.6),(7.7,8.8)); 50
((3.3,6.6),(7.7,9.9)); 12
((3.3,6.6),(8.8,9.9)); 12
((3.3,7.7),(5.5,6.6)); 49
((3.3,7.7),(5.5,9.9)); 11
((3.3,7.7),(6.6,9.9)); 11
((3.3,8.8),(5.5,6.6)); 49
((3.3,8.8),(5.5,9.9)); 11
((3.3,8.8),(6.6,9.9)); 11
((3.3,9.9),(5.5,6.6)); 49
((3.3,9.9),(5.5,7.7)); 26
((3.3,9.9),(5.5,8.8)); 26
((3.3,9.9),(6.6,7.7)); 27
((3.3,9.9),(6.6,8.8)); 27
((3.3,9.9),(7.7,8.8)); 50
((4.4,5.5),(6.6,7.7)); 1
((4.4,5.5),(6.6,8.8)); 1
((4.4,5.5),(6.6,9.9)); 1
((4.4,5.5),(7.7,8.8)); 50
((4.4,5.5),(7.7,9.9)); 13
((4.4,5.5),(8.8,9.9)); 13
((4.4,6.6),(7.7,8.8)); 50
((4.4,6.6),(7.7,9.9)); 12
((4.4,6.6),(8.8,9.9)); 12
((4.4,7.7),(5.5,6.6)); 49
((4.4,7.7),(5.5,9.9)); 11
((4.4,7.7),(6.6,9.9)); 11
((4.4,8.8),(5.5,6.6)); 49
((4.4,8.8),(5.5,9.9)); 11
((4.4,8.8),(6.6,9.9)); 11
((4.4,9.9),(5.5,6.6)); 49
((4.4,9.9),(5.5,7.7)); 26
((4.4,9.9),(5.5,8.8)); 26
((4.4,9.9),(6.6,7.7)); 27
((4.4,9.9),(6.6,8.8)); 27
((4.4,9.9),(7.7,8.8)); 50
((5.5,6.6),(7.7,8.8)); 50
((5.5,6.6),(7.7,9.9)); 49
((5.5,6.6),(8.8,9.9)); 49
((5.5,9.9),(6.6,7.7)); 1
((5.5,9.9),(6.6,8.8)); 1
((5.5,9.9),(7.7,8.8)); 50
((6.6,9.9),(7.7,8.8)); 50
