((1.1,10.10),(2.2,3.3)); 24
((1.1,10.10),(2.2,4.4)); 2
((1.1,10.10),(3.3,4.4)); 4
((1.1,10.10),(5.5,6.6)); 100
((1.1,10.10),(5.5,7.7)); 88
((1.1,10.10),(5.5,8.8)); 88
((1.1,10.10),(5.5,9.9)); 90
((1.1,10.10),(6.6,7.7)); 88
((1.1,10.10),(6.6,8.8)); 88
((1.1,10.10),(6.6,9.9)); 90
((1.1,10.10),(7.7,8.8)); 100
((1.1,10.10),(7.7,9.9)); 83
((1.1,10.10),(8.8,9.9)); 83
((1.1,11.11),(10.10,5.5)); 100
((1.1,11.11),(10.10,6.6)); 100
((1.1,11.11),(10.10,7.7)); 100
((1.1,11.11),(10.10,8.8)); 100
((1.1,11.11),(10.10,9.9)); 100
((1.1,11.11),(2.2,3.3)); 24
((1.1,11.11),(2.2,4.4)); 2
((1.1,11.11),(3.3,4.4)); 4
((1.1,11.11),(5.5,6.6)); 100
((1.1,11.11),(5.5,7.7)); 100
((1.1,11.11),(5.5,8.8)); 100
((1.1,11.11),(5.5,9.9)); 100
((1.1,11.11),(6.6,7.7)); 100
((1.1,11.11),(6.6,8.8)); 100
((1.1,11.11),(6.6,9.9)); 100
((1.1,11.11),(7.7,8.8)); 100
((1.1,11.11),(7.7,9.9)); 100
((1.1,11.11),(8.8,9.9)); 100
((1.1,2.2),(10.10,11.11)); 100
((1.1,2.2),(10.10,3.3)); 58
((1.1,2.2),(10.10,4.4)); 94
((1.1,2.2),(10.10,5.5)); 100
((1.1,2.2),(10.10,6.6)); 100
((1.1,2.2),(10.10,7.7)); 100
((1.1,2.2),(10.10,8.8)); 100
((1.1,2.2),(10.10,9.9)); 100
((1.1,2.2),(11.11,3.3)); 58
((1.1,2.2),(11.11,4.4)); 94
((1.1,2.2),(11.11,5.5)); 100
((1.1,2.2),(11.11,6.6)); 100
((1.1,2.2),(11.11,7.7)); 100
((1.1,2.2),(11.11,8.8)); 100
((1.1,2.2),(11.11,9.9)); 100
((1.1,2.2),(3.3,4.4)); 58
((1.1,2.2),(3.3,5.5)); 58
((1.1,2.2),(3.3,6.6)); 58
((1.1,2.2),(3.3,7.7)); 58
((1.1,2.2),(3.3,8.8)); 58
((1.1,2.2),(3.3,9.9)); 58
((1.1,2.2),(4.4,5.5)); 94
((1.1,2.2),(4.4,6.6)); 94
((1.1,2.2),(4.4,7.7)); 94
((1.1,2.2),(4.4,8.8)); 94
((1.1,2.2),(4.4,9.9)); 94
((1.1,2.2),(5.5,6.6)); 100
((1.1,2.2),(5.5,7.7)); 100
((1.1,2.2),(5.5,8.8)); 100
((1.1,2.2),(5.5,9.9)); 100
((1.1,2.2),(6.6,7.7)); 100
((1.1,2.2),(6.6,8.8)); 100
((1.1,2.2),(6.6,9.9)); 100
((1.1,2.2),(7.7,8.8)); 100
((1.1,2.2),(7.7,9.9)); 100
((1.1,2.2),(8.8,9.9)); 100
((1.1,3.3),(10.10,11.11)); 100
((1.1,3.3),(10.10,2.2)); 18
((1.1,3.3),(10.10,4.4)); 93
((1.1,3.3),(10.10,5.5)); 100
((1.1,3.3),(10.10,6.6)); 100
((1.1,3.3),(10.10,7.7)); 100
((1.1,3.3),(10.10,8.8)); 100
((1.1,3.3),(10.10,9.9)); 100
((1.1,3.3),(11.11,2.2)); 18
((1.1,3.3),(11.11,4.4)); 93
((1.1,3.3),(11.11,5.5)); 100
((1.1,3.3),(11.11,6.6)); 100
((1.1,3.3),(11.11,7.7)); 100
((1.1,3.3),(11.11,8.8)); 100
((1.1,3.3),(11.11,9.9)); 100
((1.1,3.3),(2.2,4.4)); 18
((1.1,3.3),(2.2,5.5)); 18
((1.1,3.3),(2.2,6.6)); 18
((1.1,3.3),(2.2,7.7)); 18
((1.1,3.3),(2.2,8.8)); 18
((1.1,3.3),(2.2,9.9)); 18
((1.1,3.3),(4.4,5.5)); 93
((1.1,3.3),(4.4,6.6)); 93
((1.1,3.3),(4.4,7.7)); 93
((1.1,3.3),(4.4,8.8)); 93
((1.1,3.3),(4.4,9.9)); 93
((1.1,3.3),(5.5,6.6)); 100
((1.1,3.3),(5.5,7.7)); 100
((1.1,3.3),(5.5,8.8)); 100
((1.1,3.3),(5.5,9.9)); 100
((1.1,3.3),(6.6,7.7)); 100
((1.1,3.3),(6.6,8.8)); 100
((1.1,3.3),(6.6,9.9)); 100
((1.1,3.3),(7.7,8.8)); 100
((1.1,3.3),(7.7,9.9)); 100
((1.1,3.3),(8.8,9.9)); 100
((1.1,4.4),(10.10,11.11)); 100
((1.1,4.4),(10.10,2.2)); 4
((1.1,4.4),(10.10,3.3)); 3
((1.1,4.4),(10.10,5.5)); 100
((1.1,4.4),(10.10,6.6)); 100
((1.1,4.4),(10.10,7.7)); 100
((1.1,4.4),(10.10,8.8)); 100
((1.1,4.4),(10.10,9.9)); 100
((1.1,4.4),(11.11,2.2)); 4
((1.1,4.4),(11.11,3.3)); 3
((1.1,4.4),(11.11,5.5)); 100
((1.1,4.4),(11.11,6.6)); 100
((1.1,4.4),(11.11,7.7)); 100
((1.1,4.4),(11.11,8.8)); 100
((1.1,4.4),(11.11,9.9)); 100
((1.1,4.4),(2.2,3.3)); 24
((1.1,4.4),(2.2,5.5)); 4
((1.1,4.4),(2.2,6.6)); 4
((1.1,4.4),(2.2,7.7)); 4
((1.1,4.4),(2.2,8.8)); 4
((1.1,4.4),(2.2,9.9)); 4
((1.1,4.4),(3.3,5.5)); 3
((1.1,4.4),(3.3,6.6)); 3
((1.1,4.4),(3.3,7.7)); 3
((1.1,4.4),(3.3,8.8)); 3
((1.1,4.4),(3.3,9.9)); 3
((1.1,4.4),(5.5,6.6)); 100
((1.1,4.4),(5.5,7.7)); 100
((1.1,4.4),(5.5,8.8)); 100
((1.1,4.4),(5.5,9.9)); 100
((1.1,4.4),(6.6,7.7)); 100
((1.1,4.4),(6.6,8.8)); 100
((1.1,4.4),(6.6,9.9)); 100
((1.1,4.4),(7.7,8.8)); 100
((1.1,4.4),(7.7,9.9)); 100
((1.1,4.4),(8.8,9.9)); 100
((1.1,5.5),(10.10,7.7)); 6
((1.1,5.5),(10.10,8.8)); 6
((1.1,5.5),(10.10,9.9)); 5
((1.1,5.5),(2.2,3.3)); 24
((1.1,5.5),(2.2,4.4)); 2
((1.1,5.5),(3.3,4.4)); 4
((1.1,5.5),(6.6,7.7)); 1
((1.1,5.5),(6.6,8.8)); 1
((1.1,5.5),(7.7,8.8)); 98
((1.1,5.5),(7.7,9.9)); 14
((1.1,5.5),(8.8,9.9)); 13
((1.1,6.6),(10.10,7.7)); 6
((1.1,6.6),(10.10,8.8)); 6
((1.1,6.6),(10.10,9.9)); 5
((1.1,6.6),(2.2,3.3)); 24
((1.1,6.6),(2.2,4.4)); 2
((1.1,6.6),(3.3,4.4)); 4
((1.1,6.6),(5.5,9.9)); 1
((1.1,6.6),(7.7,8.8)); 98
((1.1,6.6),(7.7,9.9)); 14
((1.1,6.6),(8.8,9.9)); 13
((1.1,7.7),(10.10,5.5)); 6
((1.1,7.7),(10.10,6.6)); 6
((1.1,7.7),(10.10,9.9)); 8
((1.1,7.7),(2.2,3.3)); 24
((1.1,7.7),(2.2,4.4)); 2
((1.1,7.7),(3.3,4.4)); 4
((1.1,7.7),(5.5,6.6)); 99
((1.1,7.7),(5.5,8.8)); 2
((1.1,7.7),(5.5,9.9)); 34
((1.1,7.7),(6.6,8.8)); 2
((1.1,7.7),(6.6,9.9)); 33
((1.1,7.7),(8.8,9.9)); 1
((1.1,8.8),(10.10,5.5)); 6
((1.1,8.8),(10.10,6.6)); 6
((1.1,8.8),(10.10,9.9)); 8
((1.1,8.8),(2.2,3.3)); 24
((1.1,8.8),(2.2,4.4)); 2
((1.1,8.8),(3.3,4.4)); 4
((1.1,8.8),(5.5,6.6)); 99
((1.1,8.8),(5.5,9.9)); 33
((1.1,8.8),(6.6,9.9)); 32
((1.1,8.8),(7.7,9.9)); 1
((1.1,9.9),(10.10,5.5)); 5
((1.1,9.9),(10.10,6.6)); 5
((1.1,9.9),(10.10,7.7)); 9
((1.1,9.9),(10.10,8.8)); 9
((1.1,9.9),(2.2,3.3)); 24
((1.1,9.9),(2.2,4.4)); 2
((1.1,9.9),(3.3,4.4)); 4
((1.1,9.9),(5.5,6.6)); 99
((1.1,9.9),(5.5,7.7)); 52
((1.1,9.9),(5.5,8.8)); 54
((1.1,9.9),(6.6,7.7)); 53
((1.1,9.9),(6.6,8.8)); 55
((1.1,9.9),(7.7,8.8)); 98
((10.10,11.11),(2.2,3.3)); 100
((10.10,11.11),(2.2,4.4)); 100
((10.10,11.11),(3.3,4.4)); 100
((10.10,11.11),(5.5,6.6)); 100
((10.10,11.11),(5.5,7.7)); 88
((10.10,11.11),(5.5,8.8)); 88
((10.10,11.11),(5.5,9.9)); 90
((10.10,11.11),(6.6,7.7)); 88
((10.10,11.11),(6.6,8.8)); 88
((10.10,11.11),(6.6,9.9)); 90
((10.10,11.11),(7.7,8.8)); 100
((10.10,11.11),(7.7,9.9)); 83
((10.10,11.11),(8.8,9.9)); 83
((10.10,2.2),(3.3,4.4)); 7
((10.10,2.2),(5.5,6.6)); 100
((10.10,2.2),(5.5,7.7)); 88
((10.10,2.2),(5.5,8.8)); 88
((10.10,2.2),(5.5,9.9)); 90
((10.10,2.2),(6.6,7.7)); 88
((10.10,2.2),(6.6,8.8)); 88
((10.10,2.2),(6.6,9.9)); 90
((10.10,2.2),(7.7,8.8)); 100
((10.10,2.2),(7.7,9.9)); 83
((10.10,2.2),(8.8,9.9)); 83
((10.10,3.3),(2.2,4.4)); 4
((10.10,3.3),(5.5,6.6)); 100
((10.10,3.3),(5.5,7.7)); 88
((10.10,3.3),(5.5,8.8)); 88
((10.10,3.3),(5.5,9.9)); 90
((10.10,3.3),(6.6,7.7)); 88
((10.10,3.3),(6.6,8.8)); 88
((10.10,3.3),(6.6,9.9)); 90
((10.10,3.3),(7.7,8.8)); 100
((10.10,3.3),(7.7,9.9)); 83
((10.10,3.3),(8.8,9.9)); 83
((10.10,4.4),(2.2,3.3)); 89
((10.10,4.4),(5.5,6.6)); 100
((10.10,4.4),(5.5,7.7)); 88
((10.10,4.4),(5.5,8.8)); 88
((10.10,4.4),(5.5,9.9)); 90
((10.10,4.4),(6.6,7.7)); 88
((10.10,4.4),(6.6,8.8)); 88
((10.10,4.4),(6.6,9.9)); 90
((10.10,4.4),(7.7,8.8)); 100
((10.10,4.4),(7.7,9.9)); 83
((10.10,4.4),(8.8,9.9)); 83
((10.10,5.5),(11.11,2.2)); 100
((10.10,5.5),(11.11,3.3)); 100
((10.10,5.5),(11.11,4.4)); 100
((10.10,5.5),(11.11,7.7)); 6
((10.10,5.5),(11.11,8.8)); 6
((10.10,5.5),(11.11,9.9)); 5
((10.10,5.5),(2.2,3.3)); 100
((10.10,5.5),(2.2,4.4)); 100
((10.10,5.5),(2.2,7.7)); 6
((10.10,5.5),(2.2,8.8)); 6
((10.10,5.5),(2.2,9.9)); 5
((10.10,5.5),(3.3,4.4)); 100
((10.10,5.5),(3.3,7.7)); 6
((10.10,5.5),(3.3,8.8)); 6
((10.10,5.5),(3.3,9.9)); 5
((10.10,5.5),(4.4,7.7)); 6
((10.10,5.5),(4.4,8.8)); 6
((10.10,5.5),(4.4,9.9)); 5
((10.10,5.5),(6.6,7.7)); 1
((10.10,5.5),(6.6,8.8)); 1
((10.10,5.5),(7.7,8.8)); 98
((10.10,5.5),(7.7,9.9)); 14
((10.10,5.5),(8.8,9.9)); 13
((10.10,6.6),(11.11,2.2)); 100
((10.10,6.6),(11.11,3.3)); 100
((10.10,6.6),(11.11,4.4)); 100
((10.10,6.6),(11.11,7.7)); 6
((10.10,6.6),(11.11,8.8)); 6
((10.10,6.6),(11.11,9.9)); 5
((10.10,6.6),(2.2,3.3)); 100
((10.10,6.6),(2.2,4.4)); 100
((10.10,6.6),(2.2,7.7)); 6
((10.10,6.6),(2.2,8.8)); 6
((10.10,6.6),(2.2,9.9)); 5
((10.10,6.6),(3.3,4.4)); 100
((10.10,6.6),(3.3,7.7)); 6
((10.10,6.6),(3.3,8.8)); 6
((10.10,6.6),(3.3,9.9)); 5
((10.10,6.6),(4.4,7.7)); 6
((10.10,6.6),(4.4,8.8)); 6
((10.10,6.6),(4.4,9.9)); 5
((10.10,6.6),(5.5,9.9)); 1
((10.10,6.6),(7.7,8.8)); 98
((10.10,6.6),(7.7,9.9)); 14
((10.10,6.6),(8.8,9.9)); 13
((10.10,7.7),(11.11,2.2)); 100
((10.10,7.7),(11.11,3.3)); 100
((10.10,7.7),(11.11,4.4)); 100
((10.10,7.7),(11.11,5.5)); 6
((10.10,7.7),(11.11,6.6)); 6
((10.10,7.7),(11.11,9.9)); 9
((10.10,7.7),(2.2,3.3)); 100
((10.10,7.7),(2.2,4.4)); 100
((10.10,7.7),(2.2,5.5)); 6
((10.10,7.7),(2.2,6.6)); 6
((10.10,7.7),(2.2,9.9)); 9
((10.10,7.7),(3.3,4.4)); 100
((10.10,7.7),(3.3,5.5)); 6
((10.10,7.7),(3.3,6.6)); 6
((10.10,7.7),(3.3,9.9)); 9
((10.10,7.7),(4.4,5.5)); 6
((10.10,7.7),(4.4,6.6)); 6
((10.10,7.7),(4.4,9.9)); 9
((10.10,7.7),(5.5,6.6)); 99
((10.10,7.7),(5.5,8.8)); 2
((10.10,7.7),(5.5,9.9)); 33
((10.10,7.7),(6.6,8.8)); 2
((10.10,7.7),(6.6,9.9)); 32
((10.10,7.7),(8.8,9.9)); 1
((10.10,8.8),(11.11,2.2)); 100
((10.10,8.8),(11.11,3.3)); 100
((10.10,8.8),(11.11,4.4)); 100
((10.10,8.8),(11.11,5.5)); 6
((10.10,8.8),(11.11,6.6)); 6
((10.10,8.8),(11.11,9.9)); 9
((10.10,8.8),(2.2,3.3)); 100
((10.10,8.8),(2.2,4.4)); 100
((10.10,8.8),(2.2,5.5)); 6
((10.10,8.8),(2.2,6.6)); 6
((10.10,8.8),(2.2,9.9)); 9
((10.10,8.8),(3.3,4.4)); 100
((10.10,8.8),(3.3,5.5)); 6
((10.10,8.8),(3.3,6.6)); 6
((10.10,8.8),(3.3,9.9)); 9
((10.10,8.8),(4.4,5.5)); 6
((10.10,8.8),(4.4,6.6)); 6
((10.10,8.8),(4.4,9.9)); 9
((10.10,8.8),(5.5,6.6)); 99
((10.10,8.8),(5.5,9.9)); 32
((10.10,8.8),(6.6,9.9)); 31
((10.10,8.8),(7.7,9.9)); 1
((10.10,9.9),(11.11,2.2)); 100
((10.10,9.9),(11.11,3.3)); 100
((10.10,9.9),(11.11,4.4)); 100
((10.10,9.9),(11.11,5.5)); 5
((10.10,9.9),(11.11,6.6)); 5
((10.10,9.9),(11.11,7.7)); 8
((10.10,9.9),(11.11,8.8)); 8
((10.10,9.9),(2.2,3.3)); 100
((10.10,9.9),(2.2,4.4)); 100
((10.10,9.9),(2.2,5.5)); 5
((10.10,9.9),(2.2,6.6)); 5
((10.10,9.9),(2.2,7.7)); 8
((10.10,9.9),(2.2,8.8)); 8
((10.10,9.9),(3.3,4.4)); 100
((10.10,9.9),(3.3,5.5)); 5
((10.10,9.9),(3.3,6.6)); 5
((10.10,9.9),(3.3,7.7)); 8
((10.10,9.9),(3.3,8.8)); 8
((10.10,9.9),(4.4,5.5)); 5
((10.10,9.9),(4.4,6.6)); 5
((10.10,9.9),(4.4,7.7)); 8
((10.10,9.9),(4.4,8.8)); 8
((10.10,9.9),(5.5,6.6)); 99
((10.10,9.9),(5.5,7.7)); 53
((10.10,9.9),(5.5,8.8)); 55
((10.10,9.9),(6.6,7.7)); 54
((10.10,9.9),(6.6,8.8)); 56
((10.10,9.9),(7.7,8.8)); 98
((11.11,2.2),(3.3,4.4)); 7
((11.11,2.2),(5.5,6.6)); 100
((11.11,2.2),(5.5,7.7)); 100
((11.11,2.2),(5.5,8.8)); 100
((11.11,2.2),(5.5,9.9)); 100
((11.11,2.2),(6.6,7.7)); 100
((11.11,2.2),(6.6,8.8)); 100
((11.11,2.2),(6.6,9.9)); 100
((11.11,2.2),(7.7,8.8)); 100
((11.11,2.2),(7.7,9.9)); 100
((11.11,2.2),(8.8,9.9)); 100
((11.11,3.3),(2.2,4.4)); 4
((11.11,3.3),(5.5,6.6)); 100
((11.11,3.3),(5.5,7.7)); 100
((11.11,3.3),(5.5,8.8)); 100
((11.11,3.3),(5.5,9.9)); 100
((11.11,3.3),(6.6,7.7)); 100
((11.11,3.3),(6.6,8.8)); 100
((11.11,3.3),(6.6,9.9)); 100
((11.11,3.3),(7.7,8.8)); 100
((11.11,3.3),(7.7,9.9)); 100
((11.11,3.3),(8.8,9.9)); 100
((11.11,4.4),(2.2,3.3)); 89
((11.11,4.4),(5.5,6.6)); 100
((11.11,4.4),(5.5,7.7)); 100
((11.11,4.4),(5.5,8.8)); 100
((11.11,4.4),(5.5,9.9)); 100
((11.11,4.4),(6.6,7.7)); 100
((11.11,4.4),(6.6,8.8)); 100
((11.11,4.4),(6.6,9.9)); 100
((11.11,4.4),(7.7,8.8)); 100
((11.11,4.4),(7.7,9.9)); 100
((11.11,4.4),(8.8,9.9)); 100
((11.11,5.5),(2.2,3.3)); 100
((11.11,5.5),(2.2,4.4)); 100
((11.11,5.5),(3.3,4.4)); 100
((11.11,5.5),(6.6,7.7)); 1
((11.11,5.5),(6.6,8.8)); 1
((11.11,5.5),(7.7,8.8)); 98
((11.11,5.5),(7.7,9.9)); 14
((11.11,5.5),(8.8,9.9)); 13
((11.11,6.6),(2.2,3.3)); 100
((11.11,6.6),(2.2,4.4)); 100
((11.11,6.6),(3.3,4.4)); 100
((11.11,6.6),(5.5,9.9)); 1
((11.11,6.6),(7.7,8.8)); 98
((11.11,6.6),(7.7,9.9)); 14
((11.11,6.6),(8.8,9.9)); 13
((11.11,7.7),(2.2,3.3)); 100
((11.11,7.7),(2.2,4.4)); 100
((11.11,7.7),(3.3,4.4)); 100
((11.11,7.7),(5.5,6.6)); 99
((11.11,7.7),(5.5,8.8)); 2
((11.11,7.7),(5.5,9.9)); 34
((11.11,7.7),(6.6,8.8)); 2
((11.11,7.7),(6.6,9.9)); 33
((11.11,7.7),(8.8,9.9)); 1
((11.11,8.8),(2.2,3.3)); 100
((11.11,8.8),(2.2,4.4)); 100
((11.11,8.8),(3.3,4.4)); 100
((11.11,8.8),(5.5,6.6)); 99
((11.11,8.8),(5.5,9.9)); 33
((11.11,8.8),(6.6,9.9)); 32
((11.11,8.8),(7.7,9.9)); 1
((11.11,9.9),(2.2,3.3)); 100
((11.11,9.9),(2.2,4.4)); 100
((11.11,9.9),(3.3,4.4)); 100
((11.11,9.9),(5.5,6.6)); 99
((11.11,9.9),(5.5,7.7)); 52
((11.11,9.9),(5.5,8.8)); 54
((11.11,9.9),(6.6,7.7)); 53
((11.11,9.9),(6.6,8.8)); 55
((11.11,9.9),(7.7,8.8)); 98
((2.2,3.3),(4.4,5.5)); 89
((2.2,3.3),(4.4,6.6)); 89
((2.2,3.3),(4.4,7.7)); 89
((2.2,3.3),(4.4,8.8)); 89
((2.2,3.3),(4.4,9.9)); 89
((2.2,3.3),(5.5,6.6)); 100
((2.2,3.3),(5.5,7.7)); 100
((2.2,3.3),(5.5,8.8)); 100
((2.2,3.3),(5.5,9.9)); 100
((2.2,3.3),(6.6,7.7)); 100
((2.2,3.3),(6.6,8.8)); 100
((2.2,3.3),(6.6,9.9)); 100
((2.2,3.3),(7.7,8.8)); 100
((2.2,3.3),(7.7,9.9)); 100
((2.2,3.3),(8.8,9.9)); 100
((2.2,4.4),(3.3,5.5)); 4
((2.2,4.4),(3.3,6.6)); 4
((2.2,4.4),(3.3,7.7)); 4
((2.2,4.4),(3.3,8.8)); 4
((2.2,4.4),(3.3,9.9)); 4
((2.2,4.4),(5.5,6.6)); 100
((2.2,4.4),(5.5,7.7)); 100
((2.2,4.4),(5.5,8.8)); 100
((2.2,4.4),(5.5,9.9)); 100
((2.2,4.4),(6.6,7.7)); 100
((2.2,4.4),(6.6,8.8)); 100
((2.2,4.4),(6.6,9.9)); 100
((2.2,4.4),(7.7,8.8)); 100
((2.2,4.4),(7.7,9.9)); 100
((2.2,4.4),(8.8,9.9)); 100
((2.2,5.5),(3.3,4.4)); 7
((2.2,5.5),(6.6,7.7)); 1
((2.2,5.5),(6.6,8.8)); 1
((2.2,5.5),(7.7,8.8)); 98
((2.2,5.5),(7.7,9.9)); 14
((2.2,5.5),(8.8,9.9)); 13
((2.2,6.6),(3.3,4.4)); 7
((2.2,6.6),(5.5,9.9)); 1
((2.2,6.6),(7.7,8.8)); 98
((2.2,6.6),(7.7,9.9)); 14
((2.2,6.6),(8.8,9.9)); 13
((2.2,7.7),(3.3,4.4)); 7
((2.2,7.7),(5.5,6.6)); 99
((2.2,7.7),(5.5,8.8)); 2
((2.2,7.7),(5.5,9.9)); 34
((2.2,7.7),(6.6,8.8)); 2
((2.2,7.7),(6.6,9.9)); 33
((2.2,7.7),(8.8,9.9)); 1
((2.2,8.8),(3.3,4.4)); 7
((2.2,8.8),(5.5,6.6)); 99
((2.2,8.8),(5.5,9.9)); 33
((2.2,8.8),(6.6,9.9)); 32
((2.2,8.8),(7.7,9.9)); 1
((2.2,9.9),(3.3,4.4)); 7
((2.2,9.9),(5.5,6.6)); 99
((2.2,9.9),(5.5,7.7)); 52
((2.2,9.9),(5.5,8.8)); 54
((2.2,9.9),(6.6,7.7)); 53
((2.2,9.9),(6.6,8.8)); 55
((2.2,9.9),(7.7,8.8)); 98
((3.3,4.4),(5.5,6.6)); 100
((3.3,4.4),(5.5,7.7)); 100
((3.3,4.4),(5.5,8.8)); 100
((3.3,4.4),(5.5,9.9)); 100
((3.3,4.4),(6.6,7.7)); 100
((3.3,4.4),(6.6,8.8)); 100
((3.3,4.4),(6.6,9.9)); 100
((3.3,4.4),(7.7,8.8)); 100
((3.3,4.4),(7.7,9.9)); 100
((3.3,4.4),(8.8,9.9)); 100
((3.3,5.5),(6.6,7.7)); 1
((3.3,5.5),(6.6,8.8)); 1
((3.3,5.5),(7.7,8.8)); 98
((3.3,5.5),(7.7,9.9)); 14
((3.3,5.5),(8.8,9.9)); 13
((3.3,6.6),(5.5,9.9)); 1
((3.3,6.6),(7.7,8.8)); 98
((3.3,6.6),(7.7,9.9)); 14
((3.3,6.6),(8.8,9.9)); 13
((3.3,7.7),(5.5,6.6)); 99
((3.3,7.7),(5.5,8.8)); 2
((3.3,7.7),(5.5,9.9)); 34
((3.3,7.7),(6.6,8.8)); 2
((3.3,7.7),(6.6,9.9)); 33
((3.3,7.7),(8.8,9.9)); 1
((3.3,8.8),(5.5,6.6)); 99
((3.3,8.8),(5.5,9.9)); 33
((3.3,8.8),(6.6,9.9)); 32
((3.3,8.8),(7.7,9.9)); 1
((3.3,9.9),(5.5,6.6)); 99
((3.3,9.9),(5.5,7.7)); 52
((3.3,9.9),(5.5,8.8)); 54
((3.3,9.9),(6.6,7.7)); 53
((3.3,9.9),(6.6,8.8)); 55
((3.3,9.9),(7.7,8.8)); 98
((4.4,5.5),(6.6,7.7)); 1
((4.4,5.5),(6.6,8.8)); 1
((4.4,5.5),(7.7,8.8)); 98
((4.4,5.5),(7.7,9.9)); 14
((4.4,5.5),(8.8,9.9)); 13
((4.4,6.6),(5.5,9.9)); 1
((4.4,6.6),(7.7,8.8)); 98
((4.4,6.6),(7.7,9.9)); 14
((4.4,6.6),(8.8,9.9)); 13
((4.4,7.7),(5.5,6.6)); 99
((4.4,7.7),(5.5,8.8)); 2
((4.4,7.7),(5.5,9.9)); 34
((4.4,7.7),(6.6,8.8)); 2
((4.4,7.7),(6.6,9.9)); 33
((4.4,7.7),(8.8,9.9)); 1
((4.4,8.8),(5.5,6.6)); 99
((4.4,8.8),(5.5,9.9)); 33
((4.4,8.8),(6.6,9.9)); 32
((4.4,8.8),(7.7,9.9)); 1
((4.4,9.9),(5.5,6.6)); 99
((4.4,9.9),(5.5,7.7)); 52
((4.4,9.9),(5.5,8.8)); 54
((4.4,9.9),(6.6,7.7)); 53
((4.4,9.9),(6.6,8.8)); 55
((4.4,9.9),(7.7,8.8)); 98
((5.5,6.6),(7.7,8.8)); 100
((5.5,6.6),(7.7,9.9)); 99
((5.5,6.6),(8.8,9.9)); 99
((5.5,8.8),(7.7,9.9)); 2
((5.5,9.9),(6.6,7.7)); 1
((5.5,9.9),(6.6,8.8)); 1
((5.5,9.9),(7.7,8.8)); 98
((6.6,8.8),(7.7,9.9)); 2
((6.6,9.9),(7.7,8.8)); 98
