((1.1,10.10),(2.2,3.3)); 26
((1.1,10.10),(2.2,4.4)); 7
((1.1,10.10),(3.3,4.4)); 7
((1.1,10.10),(5.5,6.6)); 100
((1.1,10.10),(5.5,7.7)); 95
((1.1,10.10),(5.5,8.8)); 95
((1.1,10.10),(5.5,9.9)); 90
((1.1,10.10),(6.6,7.7)); 95
((1.1,10.10),(6.6,8.8)); 95
((1.1,10.10),(6.6,9.9)); 90
((1.1,10.10),(7.7,8.8)); 100
((1.1,10.10),(7.7,9.9)); 87
((1.1,10.10),(8.8,9.9)); 87
((1.1,11.11),(10.10,5.5)); 100
((1.1,11.11),(10.10,6.6)); 100
((1.1,11.11),(10.10,7.7)); 100
((1.1,11.11),(10.10,8.8)); 100
((1.1,11.11),(10.10,9.9)); 100
((1.1,11.11),(2.2,3.3)); 26
((1.1,11.11),(2.2,4.4)); 7
((1.1,11.11),(3.3,4.4)); 7
((1.1,11.11),(5.5,6.6)); 100
((1.1,11.11),(5.5,7.7)); 100
((1.1,11.11),(5.5,8.8)); 100
((1.1,11.11),(5.5,9.9)); 100
((1.1,11.11),(6.6,7.7)); 100
((1.1,11.11),(6.6,8.8)); 100
((1.1,11.11),(6.6,9.9)); 100
((1.1,11.11),(7.7,8.8)); 100
((1.1,11.11),(7.7,9.9)); 100
((1.1,11.11),(8.8,9.9)); 100
((1.1,2.2),(10.10,11.11)); 100
((1.1,2.2),(10.10,3.3)); 49
((1.1,2.2),(10.10,4.4)); 90
((1.1,2.2),(10.10,5.5)); 100
((1.1,2.2),(10.10,6.6)); 100
((1.1,2.2),(10.10,7.7)); 100
((1.1,2.2),(10.10,8.8)); 100
((1.1,2.2),(10.10,9.9)); 100
((1.1,2.2),(11.11,3.3)); 49
((1.1,2.2),(11.11,4.4)); 90
((1.1,2.2),(11.11,5.5)); 100
((1.1,2.2),(11.11,6.6)); 100
((1.1,2.2),(11.11,7.7)); 100
((1.1,2.2),(11.11,8.8)); 100
((1.1,2.2),(11.11,9.9)); 100
((1.1,2.2),(3.3,4.4)); 49
((1.1,2.2),(3.3,5.5)); 49
((1.1,2.2),(3.3,6.6)); 49
((1.1,2.2),(3.3,7.7)); 49
((1.1,2.2),(3.3,8.8)); 49
((1.1,2.2),(3.3,9.9)); 49
((1.1,2.2),(4.4,5.5)); 90
((1.1,2.2),(4.4,6.6)); 90
((1.1,2.2),(4.4,7.7)); 90
((1.1,2.2),(4.4,8.8)); 90
((1.1,2.2),(4.4,9.9)); 90
((1.1,2.2),(5.5,6.6)); 100
((1.1,2.2),(5.5,7.7)); 100
((1.1,2.2),(5.5,8.8)); 100
((1.1,2.2),(5.5,9.9)); 100
((1.1,2.2),(6.6,7.7)); 100
((1.1,2.2),(6.6,8.8)); 100
((1.1,2.2),(6.6,9.9)); 100
((1.1,2.2),(7.7,8.8)); 100
((1.1,2.2),(7.7,9.9)); 100
((1.1,2.2),(8.8,9.9)); 100
((1.1,3.3),(10.10,11.11)); 100
((1.1,3.3),(10.10,2.2)); 25
((1.1,3.3),(10.10,4.4)); 87
((1.1,3.3),(10.10,5.5)); 100
((1.1,3.3),(10.10,6.6)); 100
((1.1,3.3),(10.10,7.7)); 100
((1.1,3.3),(10.10,8.8)); 100
((1.1,3.3),(10.10,9.9)); 100
((1.1,3.3),(11.11,2.2)); 25
((1.1,3.3),(11.11,4.4)); 87
((1.1,3.3),(11.11,5.5)); 100
((1.1,3.3),(11.11,6.6)); 100
((1.1,3.3),(11.11,7.7)); 100
((1.1,3.3),(11.11,8.8)); 100
((1.1,3.3),(11.11,9.9)); 100
((1.1,3.3),(2.2,4.4)); 25
((1.1,3.3),(2.2,5.5)); 25
((1.1,3.3),(2.2,6.6)); 25
((1.1,3.3),(2.2,7.7)); 25
((1.1,3.3),(2.2,8.8)); 25
((1.1,3.3),(2.2,9.9)); 25
((1.1,3.3),(4.4,5.5)); 87
((1.1,3.3),(4.4,6.6)); 87
((1.1,3.3),(4.4,7.7)); 87
((1.1,3.3),(4.4,8.8)); 87
((1.1,3.3),(4.4,9.9)); 87
((1.1,3.3),(5.5,6.6)); 100
((1.1,3.3),(5.5,7.7)); 100
((1.1,3.3),(5.5,8.8)); 100
((1.1,3.3),(5.5,9.9)); 100
((1.1,3.3),(6.6,7.7)); 100
((1.1,3.3),(6.6,8.8)); 100
((1.1,3.3),(6.6,9.9)); 100
((1.1,3.3),(7.7,8.8)); 100
((1.1,3.3),(7.7,9.9)); 100
((1.1,3.3),(8.8,9.9)); 100
((1.1,4.4),(10.10,11.11)); 100
((1.1,4.4),(10.10,2.2)); 3
((1.1,4.4),(10.10,3.3)); 6
((1.1,4.4),(10.10,5.5)); 100
((1.1,4.4),(10.10,6.6)); 100
((1.1,4.4),(10.10,7.7)); 100
((1.1,4.4),(10.10,8.8)); 100
((1.1,4.4),(10.10,9.9)); 100
((1.1,4.4),(11.11,2.2)); 3
((1.1,4.4),(11.11,3.3)); 6
((1.1,4.4),(11.11,5.5)); 100
((1.1,4.4),(11.11,6.6)); 100
((1.1,4.4),(11.11,7.7)); 100
((1.1,4.4),(11.11,8.8)); 100
((1.1,4.4),(11.11,9.9)); 100
((1.1,4.4),(2.2,3.3)); 26
((1.1,4.4),(2.2,5.5)); 3
((1.1,4.4),(2.2,6.6)); 3
((1.1,4.4),(2.2,7.7)); 3
((1.1,4.4),(2.2,8.8)); 3
((1.1,4.4),(2.2,9.9)); 3
((1.1,4.4),(3.3,5.5)); 6
((1.1,4.4),(3.3,6.6)); 6
((1.1,4.4),(3.3,7.7)); 6
((1.1,4.4),(3.3,8.8)); 6
((1.1,4.4),(3.3,9.9)); 6
((1.1,4.4),(5.5,6.6)); 100
((1.1,4.4),(5.5,7.7)); 100
((1.1,4.4),(5.5,8.8)); 100
((1.1,4.4),(5.5,9.9)); 100
((1.1,4.4),(6.6,7.7)); 100
((1.1,4.4),(6.6,8.8)); 100
((1.1,4.4),(6.6,9.9)); 100
((1.1,4.4),(7.7,8.8)); 100
((1.1,4.4),(7.7,9.9)); 100
((1.1,4.4),(8.8,9.9)); 100
((1.1,5.5),(10.10,7.7)); 3
((1.1,5.5),(10.10,8.8)); 3
((1.1,5.5),(10.10,9.9)); 7
((1.1,5.5),(2.2,3.3)); 26
((1.1,5.5),(2.2,4.4)); 7
((1.1,5.5),(3.3,4.4)); 7
((1.1,5.5),(7.7,8.8)); 100
((1.1,5.5),(7.7,9.9)); 22
((1.1,5.5),(8.8,9.9)); 22
((1.1,6.6),(10.10,7.7)); 3
((1.1,6.6),(10.10,8.8)); 3
((1.1,6.6),(10.10,9.9)); 7
((1.1,6.6),(2.2,3.3)); 26
((1.1,6.6),(2.2,4.4)); 7
((1.1,6.6),(3.3,4.4)); 7
((1.1,6.6),(5.5,7.7)); 1
((1.1,6.6),(5.5,8.8)); 1
((1.1,6.6),(5.5,9.9)); 1
((1.1,6.6),(7.7,8.8)); 100
((1.1,6.6),(7.7,9.9)); 23
((1.1,6.6),(8.8,9.9)); 23
((1.1,7.7),(10.10,5.5)); 2
((1.1,7.7),(10.10,6.6)); 2
((1.1,7.7),(10.10,9.9)); 8
((1.1,7.7),(2.2,3.3)); 26
((1.1,7.7),(2.2,4.4)); 7
((1.1,7.7),(3.3,4.4)); 7
((1.1,7.7),(5.5,6.6)); 99
((1.1,7.7),(5.5,9.9)); 19
((1.1,7.7),(6.6,9.9)); 18
((1.1,8.8),(10.10,5.5)); 2
((1.1,8.8),(10.10,6.6)); 2
((1.1,8.8),(10.10,9.9)); 8
((1.1,8.8),(2.2,3.3)); 26
((1.1,8.8),(2.2,4.4)); 7
((1.1,8.8),(3.3,4.4)); 7
((1.1,8.8),(5.5,6.6)); 99
((1.1,8.8),(5.5,9.9)); 19
((1.1,8.8),(6.6,9.9)); 18
((1.1,9.9),(10.10,5.5)); 3
((1.1,9.9),(10.10,6.6)); 3
((1.1,9.9),(10.10,7.7)); 5
((1.1,9.9),(10.10,8.8)); 5
((1.1,9.9),(2.2,3.3)); 26
((1.1,9.9),(2.2,4.4)); 7
((1.1,9.9),(3.3,4.4)); 7
((1.1,9.9),(5.5,6.6)); 99
((1.1,9.9),(5.5,7.7)); 59
((1.1,9.9),(5.5,8.8)); 59
((1.1,9.9),(6.6,7.7)); 59
((1.1,9.9),(6.6,8.8)); 59
((1.1,9.9),(7.7,8.8)); 100
((10.10,11.11),(2.2,3.3)); 100
((10.10,11.11),(2.2,4.4)); 100
((10.10,11.11),(3.3,4.4)); 100
((10.10,11.11),(5.5,6.6)); 100
((10.10,11.11),(5.5,7.7)); 95
((10.10,11.11),(5.5,8.8)); 95
((10.10,11.11),(5.5,9.9)); 90
((10.10,11.11),(6.6,7.7)); 95
((10.10,11.11),(6.6,8.8)); 95
((10.10,11.11),(6.6,9.9)); 90
((10.10,11.11),(7.7,8.8)); 100
((10.10,11.11),(7.7,9.9)); 87
((10.10,11.11),(8.8,9.9)); 87
((10.10,2.2),(3.3,4.4)); 4
((10.10,2.2),(5.5,6.6)); 100
((10.10,2.2),(5.5,7.7)); 95
((10.10,2.2),(5.5,8.8)); 95
((10.10,2.2),(5.5,9.9)); 90
((10.10,2.2),(6.6,7.7)); 95
((10.10,2.2),(6.6,8.8)); 95
((10.10,2.2),(6.6,9.9)); 90
((10.10,2.2),(7.7,8.8)); 100
((10.10,2.2),(7.7,9.9)); 87
((10.10,2.2),(8.8,9.9)); 87
((10.10,3.3),(2.2,4.4)); 7
((10.10,3.3),(5.5,6.6)); 100
((10.10,3.3),(5.5,7.7)); 95
((10.10,3.3),(5.5,8.8)); 95
((10.10,3.3),(5.5,9.9)); 90
((10.10,3.3),(6.6,7.7)); 95
((10.10,3.3),(6.6,8.8)); 95
((10.10,3.3),(6.6,9.9)); 90
((10.10,3.3),(7.7,8.8)); 100
((10.10,3.3),(7.7,9.9)); 87
((10.10,3.3),(8.8,9.9)); 87
((10.10,4.4),(2.2,3.3)); 89
((10.10,4.4),(5.5,6.6)); 100
((10.10,4.4),(5.5,7.7)); 95
((10.10,4.4),(5.5,8.8)); 95
((10.10,4.4),(5.5,9.9)); 90
((10.10,4.4),(6.6,7.7)); 95
((10.10,4.4),(6.6,8.8)); 95
((10.10,4.4),(6.6,9.9)); 90
((10.10,4.4),(7.7,8.8)); 100
((10.10,4.4),(7.7,9.9)); 87
((10.10,4.4),(8.8,9.9)); 87
((10.10,5.5),(11.11,2.2)); 100
((10.10,5.5),(11.11,3.3)); 100
((10.10,5.5),(11.11,4.4)); 100
((10.10,5.5),(11.11,7.7)); 2
((10.10,5.5),(11.11,8.8)); 2
((10.10,5.5),(11.11,9.9)); 3
((10.10,5.5),(2.2,3.3)); 100
((10.10,5.5),(2.2,4.4)); 100
((10.10,5.5),(2.2,7.7)); 2
((10.10,5.5),(2.2,8.8)); 2
((10.10,5.5),(2.2,9.9)); 3
((10.10,5.5),(3.3,4.4)); 100
((10.10,5.5),(3.3,7.7)); 2
((10.10,5.5),(3.3,8.8)); 2
((10.10,5.5),(3.3,9.9)); 3
((10.10,5.5),(4.4,7.7)); 2
((10.10,5.5),(4.4,8.8)); 2
((10.10,5.5),(4.4,9.9)); 3
((10.10,5.5),(7.7,8.8)); 100
((10.10,5.5),(7.7,9.9)); 22
((10.10,5.5),(8.8,9.9)); 22
((10.10,6.6),(11.11,2.2)); 100
((10.10,6.6),(11.11,3.3)); 100
((10.10,6.6),(11.11,4.4)); 100
((10.10,6.6),(11.11,7.7)); 2
((10.10,6.6),(11.11,8.8)); 2
((10.10,6.6),(11.11,9.9)); 3
((10.10,6.6),(2.2,3.3)); 100
((10.10,6.6),(2.2,4.4)); 100
((10.10,6.6),(2.2,7.7)); 2
((10.10,6.6),(2.2,8.8)); 2
((10.10,6.6),(2.2,9.9)); 3
((10.10,6.6),(3.3,4.4)); 100
((10.10,6.6),(3.3,7.7)); 2
((10.10,6.6),(3.3,8.8)); 2
((10.10,6.6),(3.3,9.9)); 3
((10.10,6.6),(4.4,7.7)); 2
((10.10,6.6),(4.4,8.8)); 2
((10.10,6.6),(4.4,9.9)); 3
((10.10,6.6),(5.5,7.7)); 1
((10.10,6.6),(5.5,8.8)); 1
((10.10,6.6),(5.5,9.9)); 1
((10.10,6.6),(7.7,8.8)); 100
((10.10,6.6),(7.7,9.9)); 23
((10.10,6.6),(8.8,9.9)); 23
((10.10,7.7),(11.11,2.2)); 100
((10.10,7.7),(11.11,3.3)); 100
((10.10,7.7),(11.11,4.4)); 100
((10.10,7.7),(11.11,5.5)); 3
((10.10,7.7),(11.11,6.6)); 3
((10.10,7.7),(11.11,9.9)); 5
((10.10,7.7),(2.2,3.3)); 100
((10.10,7.7),(2.2,4.4)); 100
((10.10,7.7),(2.2,5.5)); 3
((10.10,7.7),(2.2,6.6)); 3
((10.10,7.7),(2.2,9.9)); 5
((10.10,7.7),(3.3,4.4)); 100
((10.10,7.7),(3.3,5.5)); 3
((10.10,7.7),(3.3,6.6)); 3
((10.10,7.7),(3.3,9.9)); 5
((10.10,7.7),(4.4,5.5)); 3
((10.10,7.7),(4.4,6.6)); 3
((10.10,7.7),(4.4,9.9)); 5
((10.10,7.7),(5.5,6.6)); 99
((10.10,7.7),(5.5,9.9)); 19
((10.10,7.7),(6.6,9.9)); 18
((10.10,8.8),(11.11,2.2)); 100
((10.10,8.8),(11.11,3.3)); 100
((10.10,8.8),(11.11,4.4)); 100
((10.10,8.8),(11.11,5.5)); 3
((10.10,8.8),(11.11,6.6)); 3
((10.10,8.8),(11.11,9.9)); 5
((10.10,8.8),(2.2,3.3)); 100
((10.10,8.8),(2.2,4.4)); 100
((10.10,8.8),(2.2,5.5)); 3
((10.10,8.8),(2.2,6.6)); 3
((10.10,8.8),(2.2,9.9)); 5
((10.10,8.8),(3.3,4.4)); 100
((10.10,8.8),(3.3,5.5)); 3
((10.10,8.8),(3.3,6.6)); 3
((10.10,8.8),(3.3,9.9)); 5
((10.10,8.8),(4.4,5.5)); 3
((10.10,8.8),(4.4,6.6)); 3
((10.10,8.8),(4.4,9.9)); 5
((10.10,8.8),(5.5,6.6)); 99
((10.10,8.8),(5.5,9.9)); 19
((10.10,8.8),(6.6,9.9)); 18
((10.10,9.9),(11.11,2.2)); 100
((10.10,9.9),(11.11,3.3)); 100
((10.10,9.9),(11.11,4.4)); 100
((10.10,9.9),(11.11,5.5)); 7
((10.10,9.9),(11.11,6.6)); 7
((10.10,9.9),(11.11,7.7)); 8
((10.10,9.9),(11.11,8.8)); 8
((10.10,9.9),(2.2,3.3)); 100
((10.10,9.9),(2.2,4.4)); 100
((10.10,9.9),(2.2,5.5)); 7
((10.10,9.9),(2.2,6.6)); 7
((10.10,9.9),(2.2,7.7)); 8
((10.10,9.9),(2.2,8.8)); 8
((10.10,9.9),(3.3,4.4)); 100
((10.10,9.9),(3.3,5.5)); 7
((10.10,9.9),(3.3,6.6)); 7
((10.10,9.9),(3.3,7.7)); 8
((10.10,9.9),(3.3,8.8)); 8
((10.10,9.9),(4.4,5.5)); 7
((10.10,9.9),(4.4,6.6)); 7
((10.10,9.9),(4.4,7.7)); 8
((10.10,9.9),(4.4,8.8)); 8
((10.10,9.9),(5.5,6.6)); 99
((10.10,9.9),(5.5,7.7)); 59
((10.10,9.9),(5.5,8.8)); 59
((10.10,9.9),(6.6,7.7)); 59
((10.10,9.9),(6.6,8.8)); 59
((10.10,9.9),(7.7,8.8)); 100
((11.11,2.2),(3.3,4.4)); 4
((11.11,2.2),(5.5,6.6)); 100
((11.11,2.2),(5.5,7.7)); 100
((11.11,2.2),(5.5,8.8)); 100
((11.11,2.2),(5.5,9.9)); 100
((11.11,2.2),(6.6,7.7)); 100
((11.11,2.2),(6.6,8.8)); 100
((11.11,2.2),(6.6,9.9)); 100
((11.11,2.2),(7.7,8.8)); 100
((11.11,2.2),(7.7,9.9)); 100
((11.11,2.2),(8.8,9.9)); 100
((11.11,3.3),(2.2,4.4)); 7
((11.11,3.3),(5.5,6.6)); 100
((11.11,3.3),(5.5,7.7)); 100
((11.11,3.3),(5.5,8.8)); 100
((11.11,3.3),(5.5,9.9)); 100
((11.11,3.3),(6.6,7.7)); 100
((11.11,3.3),(6.6,8.8)); 100
((11.11,3.3),(6.6,9.9)); 100
((11.11,3.3),(7.7,8.8)); 100
((11.11,3.3),(7.7,9.9)); 100
((11.11,3.3),(8.8,9.9)); 100
((11.11,4.4),(2.2,3.3)); 89
((11.11,4.4),(5.5,6.6)); 100
((11.11,4.4),(5.5,7.7)); 100
((11.11,4.4),(5.5,8.8)); 100
((11.11,4.4),(5.5,9.9)); 100
((11.11,4.4),(6.6,7.7)); 100
((11.11,4.4),(6.6,8.8)); 100
((11.11,4.4),(6.6,9.9)); 100
((11.11,4.4),(7.7,8.8)); 100
((11.11,4.4),(7.7,9.9)); 100
((11.11,4.4),(8.8,9.9)); 100
((11.11,5.5),(2.2,3.3)); 100
((11.11,5.5),(2.2,4.4)); 100
((11.11,5.5),(3.3,4.4)); 100
((11.11,5.5),(7.7,8.8)); 100
((11.11,5.5),(7.7,9.9)); 22
((11.11,5.5),(8.8,9.9)); 22
((11.11,6.6),(2.2,3.3)); 100
((11.11,6.6),(2.2,4.4)); 100
((11.11,6.6),(3.3,4.4)); 100
((11.11,6.6),(5.5,7.7)); 1
((11.11,6.6),(5.5,8.8)); 1
((11.11,6.6),(5.5,9.9)); 1
((11.11,6.6),(7.7,8.8)); 100
((11.11,6.6),(7.7,9.9)); 23
((11.11,6.6),(8.8,9.9)); 23
((11.11,7.7),(2.2,3.3)); 100
((11.11,7.7),(2.2,4.4)); 100
((11.11,7.7),(3.3,4.4)); 100
((11.11,7.7),(5.5,6.6)); 99
((11.11,7.7),(5.5,9.9)); 19
((11.11,7.7),(6.6,9.9)); 18
((11.11,8.8),(2.2,3.3)); 100
((11.11,8.8),(2.2,4.4)); 100
((11.11,8.8),(3.3,4.4)); 100
((11.11,8.8),(5.5,6.6)); 99
((11.11,8.8),(5.5,9.9)); 19
((11.11,8.8),(6.6,9.9)); 18
((11.11,9.9),(2.2,3.3)); 100
((11.11,9.9),(2.2,4.4)); 100
((11.11,9.9),(3.3,4.4)); 100
((11.11,9.9),(5.5,6.6)); 99
((11.11,9.9),(5.5,7.7)); 59
((11.11,9.9),(5.5,8.8)); 59
((11.11,9.9),(6.6,7.7)); 59
((11.11,9.9),(6.6,8.8)); 59
((11.11,9.9),(7.7,8.8)); 100
((2.2,3.3),(4.4,5.5)); 89
((2.2,3.3),(4.4,6.6)); 89
((2.2,3.3),(4.4,7.7)); 89
((2.2,3.3),(4.4,8.8)); 89
((2.2,3.3),(4.4,9.9)); 89
((2.2,3.3),(5.5,6.6)); 100
((2.2,3.3),(5.5,7.7)); 100
((2.2,3.3),(5.5,8.8)); 100
((2.2,3.3),(5.5,9.9)); 100
((2.2,3.3),(6.6,7.7)); 100
((2.2,3.3),(6.6,8.8)); 100
((2.2,3.3),(6.6,9.9)); 100
((2.2,3.3),(7.7,8.8)); 100
((2.2,3.3),(7.7,9.9)); 100
((2.2,3.3),(8.8,9.9)); 100
((2.2,4.4),(3.3,5.5)); 7
((2.2,4.4),(3.3,6.6)); 7
((2.2,4.4),(3.3,7.7)); 7
((2.2,4.4),(3.3,8.8)); 7
((2.2,4.4),(3.3,9.9)); 7
((2.2,4.4),(5.5,6.6)); 100
((2.2,4.4),(5.5,7.7)); 100
((2.2,4.4),(5.5,8.8)); 100
((2.2,4.4),(5.5,9.9)); 100
((2.2,4.4),(6.6,7.7)); 100
((2.2,4.4),(6.6,8.8)); 100
((2.2,4.4),(6.6,9.9)); 100
((2.2,4.4),(7.7,8.8)); 100
((2.2,4.4),(7.7,9.9)); 100
((2.2,4.4),(8.8,9.9)); 100
((2.2,5.5),(3.3,4.4)); 4
((2.2,5.5),(7.7,8.8)); 100
((2.2,5.5),(7.7,9.9)); 22
((2.2,5.5),(8.8,9.9)); 22
((2.2,6.6),(3.3,4.4)); 4
((2.2,6.6),(5.5,7.7)); 1
((2.2,6.6),(5.5,8.8)); 1
((2.2,6.6),(5.5,9.9)); 1
((2.2,6.6),(7.7,8.8)); 100
((2.2,6.6),(7.7,9.9)); 23
((2.2,6.6),(8.8,9.9)); 23
((2.2,7.7),(3.3,4.4)); 4
((2.2,7.7),(5.5,6.6)); 99
((2.2,7.7),(5.5,9.9)); 19
((2.2,7.7),(6.6,9.9)); 18
((2.2,8.8),(3.3,4.4)); 4
((2.2,8.8),(5.5,6.6)); 99
((2.2,8.8),(5.5,9.9)); 19
((2.2,8.8),(6.6,9.9)); 18
((2.2,9.9),(3.3,4.4)); 4
((2.2,9.9),(5.5,6.6)); 99
((2.2,9.9),(5.5,7.7)); 59
((2.2,9.9),(5.5,8.8)); 59
((2.2,9.9),(6.6,7.7)); 59
((2.2,9.9),(6.6,8.8)); 59
((2.2,9.9),(7.7,8.8)); 100
((3.3,4.4),(5.5,6.6)); 100
((3.3,4.4),(5.5,7.7)); 100
((3.3,4.4),(5.5,8.8)); 100
((3.3,4.4),(5.5,9.9)); 100
((3.3,4.4),(6.6,7.7)); 100
((3.3,4.4),(6.6,8.8)); 100
((3.3,4.4),(6.6,9.9)); 100
((3.3,4.4),(7.7,8.8)); 100
((3.3,4.4),(7.7,9.9)); 100
((3.3,4.4),(8.8,9.9)); 100
((3.3,5.5),(7.7,8.8)); 100
((3.3,5.5),(7.7,9.9)); 22
((3.3,5.5),(8.8,9.9)); 22
((3.3,6.6),(5.5,7.7)); 1
((3.3,6.6),(5.5,8.8)); 1
((3.3,6.6),(5.5,9.9)); 1
((3.3,6.6),(7.7,8.8)); 100
((3.3,6.6),(7.7,9.9)); 23
((3.3,6.6),(8.8,9.9)); 23
((3.3,7.7),(5.5,6.6)); 99
((3.3,7.7),(5.5,9.9)); 19
((3.3,7.7),(6.6,9.9)); 18
((3.3,8.8),(5.5,6.6)); 99
((3.3,8.8),(5.5,9.9)); 19
((3.3,8.8),(6.6,9.9)); 18
((3.3,9.9),(5.5,6.6)); 99
((3.3,9.9),(5.5,7.7)); 59
((3.3,9.9),(5.5,8.8)); 59
((3.3,9.9),(6.6,7.7)); 59
((3.3,9.9),(6.6,8.8)); 59
((3.3,9.9),(7.7,8.8)); 100
((4.4,5.5),(7.7,8.8)); 100
((4.4,5.5),(7.7,9.9)); 22
((4.4,5.5),(8.8,9.9)); 22
((4.4,6.6),(5.5,7.7)); 1
((4.4,6.6),(5.5,8.8)); 1
((4.4,6.6),(5.5,9.9)); 1
((4.4,6.6),(7.7,8.8)); 100
((4.4,6.6),(7.7,9.9)); 23
((4.4,6.6),(8.8,9.9)); 23
((4.4,7.7),(5.5,6.6)); 99
((4.4,7.7),(5.5,9.9)); 19
((4.4,7.7),(6.6,9.9)); 18
((4.4,8.8),(5.5,6.6)); 99
((4.4,8.8),(5.5,9.9)); 19
((4.4,8.8),(6.6,9.9)); 18
((4.4,9.9),(5.5,6.6)); 99
((4.4,9.9),(5.5,7.7)); 59
((4.4,9.9),(5.5,8.8)); 59
((4.4,9.9),(6.6,7.7)); 59
((4.4,9.9),(6.6,8.8)); 59
((4.4,9.9),(7.7,8.8)); 100
((5.5,6.6),(7.7,8.8)); 100
((5.5,6.6),(7.7,9.9)); 99
((5.5,6.6),(8.8,9.9)); 99
((5.5,9.9),(6.6,7.7)); 1
((5.5,9.9),(6.6,8.8)); 1
((5.5,9.9),(7.7,8.8)); 100
((6.6,9.9),(7.7,8.8)); 100
