((1,10),(11,5)); 2
((1,10),(11,6)); 2
((1,10),(11,7)); 2
((1,10),(11,8)); 2
((1,10),(11,9)); 2
((1,10),(2,3)); 20
((1,10),(2,4)); 18
((1,10),(3,4)); 22
((1,10),(5,6)); 82
((1,10),(5,7)); 59
((1,10),(5,8)); 56
((1,10),(5,9)); 52
((1,10),(6,7)); 56
((1,10),(6,8)); 54
((1,10),(6,9)); 56
((1,10),(7,8)); 91
((1,10),(7,9)); 53
((1,10),(8,9)); 52
((1,11),(10,2)); 2
((1,11),(10,3)); 1
((1,11),(10,4)); 3
((1,11),(10,5)); 97
((1,11),(10,6)); 97
((1,11),(10,7)); 97
((1,11),(10,8)); 97
((1,11),(10,9)); 97
((1,11),(2,3)); 21
((1,11),(2,4)); 19
((1,11),(2,5)); 2
((1,11),(2,6)); 2
((1,11),(2,7)); 2
((1,11),(2,8)); 2
((1,11),(2,9)); 2
((1,11),(3,4)); 23
((1,11),(3,5)); 1
((1,11),(3,6)); 1
((1,11),(3,7)); 1
((1,11),(3,8)); 1
((1,11),(3,9)); 1
((1,11),(4,5)); 3
((1,11),(4,6)); 3
((1,11),(4,7)); 3
((1,11),(4,8)); 3
((1,11),(4,9)); 3
((1,11),(5,6)); 99
((1,11),(5,7)); 97
((1,11),(5,8)); 97
((1,11),(5,9)); 98
((1,11),(6,7)); 98
((1,11),(6,8)); 98
((1,11),(6,9)); 99
((1,11),(7,8)); 100
((1,11),(7,9)); 98
((1,11),(8,9)); 98
((1,2),(10,11)); 98
((1,2),(10,3)); 40
((1,2),(10,4)); 58
((1,2),(10,5)); 100
((1,2),(10,6)); 100
((1,2),(10,7)); 100
((1,2),(10,8)); 100
((1,2),(10,9)); 100
((1,2),(11,3)); 39
((1,2),(11,4)); 58
((1,2),(11,5)); 98
((1,2),(11,6)); 98
((1,2),(11,7)); 98
((1,2),(11,8)); 98
((1,2),(11,9)); 98
((1,2),(3,4)); 44
((1,2),(3,5)); 40
((1,2),(3,6)); 40
((1,2),(3,7)); 40
((1,2),(3,8)); 40
((1,2),(3,9)); 40
((1,2),(4,5)); 58
((1,2),(4,6)); 58
((1,2),(4,7)); 58
((1,2),(4,8)); 58
((1,2),(4,9)); 58
((1,2),(5,6)); 100
((1,2),(5,7)); 100
((1,2),(5,8)); 100
((1,2),(5,9)); 100
((1,2),(6,7)); 100
((1,2),(6,8)); 100
((1,2),(6,9)); 100
((1,2),(7,8)); 100
((1,2),(7,9)); 100
((1,2),(8,9)); 100
((1,3),(10,11)); 99
((1,3),(10,2)); 40
((1,3),(10,4)); 52
((1,3),(10,5)); 100
((1,3),(10,6)); 100
((1,3),(10,7)); 100
((1,3),(10,8)); 100
((1,3),(10,9)); 100
((1,3),(11,2)); 40
((1,3),(11,4)); 52
((1,3),(11,5)); 99
((1,3),(11,6)); 99
((1,3),(11,7)); 99
((1,3),(11,8)); 99
((1,3),(11,9)); 99
((1,3),(2,4)); 29
((1,3),(2,5)); 40
((1,3),(2,6)); 40
((1,3),(2,7)); 40
((1,3),(2,8)); 40
((1,3),(2,9)); 40
((1,3),(4,5)); 52
((1,3),(4,6)); 52
((1,3),(4,7)); 52
((1,3),(4,8)); 52
((1,3),(4,9)); 52
((1,3),(5,6)); 100
((1,3),(5,7)); 100
((1,3),(5,8)); 100
((1,3),(5,9)); 100
((1,3),(6,7)); 100
((1,3),(6,8)); 100
((1,3),(6,9)); 100
((1,3),(7,8)); 100
((1,3),(7,9)); 100
((1,3),(8,9)); 100
((1,4),(10,11)); 97
((1,4),(10,2)); 24
((1,4),(10,3)); 26
((1,4),(10,5)); 100
((1,4),(10,6)); 100
((1,4),(10,7)); 100
((1,4),(10,8)); 100
((1,4),(10,9)); 100
((1,4),(11,2)); 23
((1,4),(11,3)); 25
((1,4),(11,5)); 97
((1,4),(11,6)); 97
((1,4),(11,7)); 97
((1,4),(11,8)); 97
((1,4),(11,9)); 97
((1,4),(2,3)); 27
((1,4),(2,5)); 24
((1,4),(2,6)); 24
((1,4),(2,7)); 24
((1,4),(2,8)); 24
((1,4),(2,9)); 24
((1,4),(3,5)); 26
((1,4),(3,6)); 26
((1,4),(3,7)); 26
((1,4),(3,8)); 26
((1,4),(3,9)); 26
((1,4),(5,6)); 100
((1,4),(5,7)); 100
((1,4),(5,8)); 100
((1,4),(5,9)); 100
((1,4),(6,7)); 100
((1,4),(6,8)); 100
((1,4),(6,9)); 100
((1,4),(7,8)); 100
((1,4),(7,9)); 100
((1,4),(8,9)); 100
((1,5),(10,11)); 1
((1,5),(10,6)); 9
((1,5),(10,7)); 19
((1,5),(10,8)); 21
((1,5),(10,9)); 20
((1,5),(11,6)); 1
((1,5),(11,7)); 3
((1,5),(11,8)); 3
((1,5),(11,9)); 2
((1,5),(2,3)); 20
((1,5),(2,4)); 18
((1,5),(3,4)); 22
((1,5),(6,7)); 13
((1,5),(6,8)); 12
((1,5),(6,9)); 16
((1,5),(7,8)); 79
((1,5),(7,9)); 30
((1,5),(8,9)); 29
((1,6),(10,11)); 1
((1,6),(10,5)); 9
((1,6),(10,7)); 22
((1,6),(10,8)); 24
((1,6),(10,9)); 19
((1,6),(11,7)); 2
((1,6),(11,8)); 2
((1,6),(11,9)); 1
((1,6),(2,3)); 20
((1,6),(2,4)); 18
((1,6),(3,4)); 22
((1,6),(5,7)); 13
((1,6),(5,8)); 14
((1,6),(5,9)); 12
((1,6),(7,8)); 80
((1,6),(7,9)); 30
((1,6),(8,9)); 27
((1,7),(10,11)); 1
((1,7),(10,5)); 22
((1,7),(10,6)); 22
((1,7),(10,8)); 4
((1,7),(10,9)); 20
((1,7),(2,3)); 20
((1,7),(2,4)); 18
((1,7),(3,4)); 22
((1,7),(5,6)); 74
((1,7),(5,8)); 8
((1,7),(5,9)); 29
((1,7),(6,8)); 8
((1,7),(6,9)); 30
((1,7),(8,9)); 8
((1,8),(10,11)); 1
((1,8),(10,5)); 23
((1,8),(10,6)); 22
((1,8),(10,7)); 5
((1,8),(10,9)); 20
((1,8),(2,3)); 20
((1,8),(2,4)); 18
((1,8),(3,4)); 22
((1,8),(5,6)); 74
((1,8),(5,7)); 13
((1,8),(5,9)); 30
((1,8),(6,7)); 12
((1,8),(6,9)); 32
((1,8),(7,9)); 10
((1,9),(10,11)); 1
((1,9),(10,5)); 28
((1,9),(10,6)); 25
((1,9),(10,7)); 27
((1,9),(10,8)); 28
((1,9),(11,7)); 2
((1,9),(11,8)); 2
((1,9),(2,3)); 20
((1,9),(2,4)); 18
((1,9),(3,4)); 22
((1,9),(5,6)); 72
((1,9),(5,7)); 41
((1,9),(5,8)); 41
((1,9),(6,7)); 40
((1,9),(6,8)); 41
((1,9),(7,8)); 82
((10,11),(2,3)); 98
((10,11),(2,4)); 98
((10,11),(2,5)); 1
((10,11),(2,6)); 1
((10,11),(2,7)); 1
((10,11),(2,8)); 1
((10,11),(2,9)); 1
((10,11),(3,4)); 97
((10,11),(3,5)); 1
((10,11),(3,6)); 1
((10,11),(3,7)); 1
((10,11),(3,8)); 1
((10,11),(3,9)); 1
((10,11),(4,5)); 1
((10,11),(4,6)); 1
((10,11),(4,7)); 1
((10,11),(4,8)); 1
((10,11),(4,9)); 1
((10,11),(5,6)); 83
((10,11),(5,7)); 58
((10,11),(5,8)); 55
((10,11),(5,9)); 52
((10,11),(6,7)); 54
((10,11),(6,8)); 52
((10,11),(6,9)); 55
((10,11),(7,8)); 91
((10,11),(7,9)); 51
((10,11),(8,9)); 50
((10,2),(11,3)); 1
((10,2),(11,4)); 1
((10,2),(11,5)); 2
((10,2),(11,6)); 2
((10,2),(11,7)); 2
((10,2),(11,8)); 2
((10,2),(11,9)); 2
((10,2),(3,4)); 28
((10,2),(5,6)); 82
((10,2),(5,7)); 59
((10,2),(5,8)); 56
((10,2),(5,9)); 52
((10,2),(6,7)); 56
((10,2),(6,8)); 54
((10,2),(6,9)); 56
((10,2),(7,8)); 91
((10,2),(7,9)); 53
((10,2),(8,9)); 52
((10,3),(11,2)); 1
((10,3),(11,4)); 1
((10,3),(11,5)); 2
((10,3),(11,6)); 2
((10,3),(11,7)); 2
((10,3),(11,8)); 2
((10,3),(11,9)); 2
((10,3),(2,4)); 20
((10,3),(5,6)); 82
((10,3),(5,7)); 59
((10,3),(5,8)); 56
((10,3),(5,9)); 52
((10,3),(6,7)); 56
((10,3),(6,8)); 54
((10,3),(6,9)); 56
((10,3),(7,8)); 91
((10,3),(7,9)); 53
((10,3),(8,9)); 52
((10,4),(11,2)); 1
((10,4),(11,3)); 2
((10,4),(11,5)); 2
((10,4),(11,6)); 2
((10,4),(11,7)); 2
((10,4),(11,8)); 2
((10,4),(11,9)); 2
((10,4),(2,3)); 52
((10,4),(5,6)); 82
((10,4),(5,7)); 59
((10,4),(5,8)); 56
((10,4),(5,9)); 52
((10,4),(6,7)); 56
((10,4),(6,8)); 54
((10,4),(6,9)); 56
((10,4),(7,8)); 91
((10,4),(7,9)); 53
((10,4),(8,9)); 52
((10,5),(11,2)); 97
((10,5),(11,3)); 97
((10,5),(11,4)); 97
((10,5),(11,6)); 9
((10,5),(11,7)); 24
((10,5),(11,8)); 25
((10,5),(11,9)); 29
((10,5),(2,3)); 100
((10,5),(2,4)); 100
((10,5),(2,6)); 9
((10,5),(2,7)); 22
((10,5),(2,8)); 23
((10,5),(2,9)); 28
((10,5),(3,4)); 100
((10,5),(3,6)); 9
((10,5),(3,7)); 22
((10,5),(3,8)); 23
((10,5),(3,9)); 28
((10,5),(4,6)); 9
((10,5),(4,7)); 22
((10,5),(4,8)); 23
((10,5),(4,9)); 28
((10,5),(6,7)); 18
((10,5),(6,8)); 16
((10,5),(6,9)); 19
((10,5),(7,8)); 80
((10,5),(7,9)); 33
((10,5),(8,9)); 32
((10,6),(11,2)); 97
((10,6),(11,3)); 97
((10,6),(11,4)); 97
((10,6),(11,5)); 8
((10,6),(11,7)); 24
((10,6),(11,8)); 24
((10,6),(11,9)); 26
((10,6),(2,3)); 100
((10,6),(2,4)); 100
((10,6),(2,5)); 9
((10,6),(2,7)); 22
((10,6),(2,8)); 22
((10,6),(2,9)); 25
((10,6),(3,4)); 100
((10,6),(3,5)); 9
((10,6),(3,7)); 22
((10,6),(3,8)); 22
((10,6),(3,9)); 25
((10,6),(4,5)); 9
((10,6),(4,7)); 22
((10,6),(4,8)); 22
((10,6),(4,9)); 25
((10,6),(5,7)); 15
((10,6),(5,8)); 16
((10,6),(5,9)); 14
((10,6),(7,8)); 82
((10,6),(7,9)); 32
((10,6),(8,9)); 29
((10,7),(11,2)); 97
((10,7),(11,3)); 97
((10,7),(11,4)); 97
((10,7),(11,5)); 18
((10,7),(11,6)); 22
((10,7),(11,8)); 5
((10,7),(11,9)); 27
((10,7),(2,3)); 100
((10,7),(2,4)); 100
((10,7),(2,5)); 19
((10,7),(2,6)); 22
((10,7),(2,8)); 5
((10,7),(2,9)); 27
((10,7),(3,4)); 100
((10,7),(3,5)); 19
((10,7),(3,6)); 22
((10,7),(3,8)); 5
((10,7),(3,9)); 27
((10,7),(4,5)); 19
((10,7),(4,6)); 22
((10,7),(4,8)); 5
((10,7),(4,9)); 27
((10,7),(5,6)); 67
((10,7),(5,8)); 7
((10,7),(5,9)); 30
((10,7),(6,8)); 7
((10,7),(6,9)); 34
((10,7),(8,9)); 8
((10,8),(11,2)); 97
((10,8),(11,3)); 97
((10,8),(11,4)); 97
((10,8),(11,5)); 20
((10,8),(11,6)); 24
((10,8),(11,7)); 4
((10,8),(11,9)); 28
((10,8),(2,3)); 100
((10,8),(2,4)); 100
((10,8),(2,5)); 21
((10,8),(2,6)); 24
((10,8),(2,7)); 4
((10,8),(2,9)); 28
((10,8),(3,4)); 100
((10,8),(3,5)); 21
((10,8),(3,6)); 24
((10,8),(3,7)); 4
((10,8),(3,9)); 28
((10,8),(4,5)); 21
((10,8),(4,6)); 24
((10,8),(4,7)); 4
((10,8),(4,9)); 28
((10,8),(5,6)); 68
((10,8),(5,7)); 13
((10,8),(5,9)); 34
((10,8),(6,7)); 11
((10,8),(6,9)); 37
((10,8),(7,9)); 11
((10,9),(11,2)); 97
((10,9),(11,3)); 97
((10,9),(11,4)); 97
((10,9),(11,5)); 19
((10,9),(11,6)); 19
((10,9),(11,7)); 22
((10,9),(11,8)); 22
((10,9),(2,3)); 100
((10,9),(2,4)); 100
((10,9),(2,5)); 20
((10,9),(2,6)); 19
((10,9),(2,7)); 20
((10,9),(2,8)); 20
((10,9),(3,4)); 100
((10,9),(3,5)); 20
((10,9),(3,6)); 19
((10,9),(3,7)); 20
((10,9),(3,8)); 20
((10,9),(4,5)); 20
((10,9),(4,6)); 19
((10,9),(4,7)); 20
((10,9),(4,8)); 20
((10,9),(5,6)); 67
((10,9),(5,7)); 37
((10,9),(5,8)); 34
((10,9),(6,7)); 34
((10,9),(6,8)); 34
((10,9),(7,8)); 81
((11,2),(3,4)); 27
((11,2),(3,5)); 1
((11,2),(3,6)); 1
((11,2),(3,7)); 1
((11,2),(3,8)); 1
((11,2),(3,9)); 1
((11,2),(4,5)); 1
((11,2),(4,6)); 1
((11,2),(4,7)); 1
((11,2),(4,8)); 1
((11,2),(4,9)); 1
((11,2),(5,6)); 99
((11,2),(5,7)); 97
((11,2),(5,8)); 97
((11,2),(5,9)); 98
((11,2),(6,7)); 98
((11,2),(6,8)); 98
((11,2),(6,9)); 99
((11,2),(7,8)); 100
((11,2),(7,9)); 98
((11,2),(8,9)); 98
((11,3),(2,4)); 21
((11,3),(2,5)); 1
((11,3),(2,6)); 1
((11,3),(2,7)); 1
((11,3),(2,8)); 1
((11,3),(2,9)); 1
((11,3),(4,5)); 2
((11,3),(4,6)); 2
((11,3),(4,7)); 2
((11,3),(4,8)); 2
((11,3),(4,9)); 2
((11,3),(5,6)); 99
((11,3),(5,7)); 97
((11,3),(5,8)); 97
((11,3),(5,9)); 98
((11,3),(6,7)); 98
((11,3),(6,8)); 98
((11,3),(6,9)); 99
((11,3),(7,8)); 100
((11,3),(7,9)); 98
((11,3),(8,9)); 98
((11,4),(2,3)); 52
((11,4),(2,5)); 1
((11,4),(2,6)); 1
((11,4),(2,7)); 1
((11,4),(2,8)); 1
((11,4),(2,9)); 1
((11,4),(3,5)); 1
((11,4),(3,6)); 1
((11,4),(3,7)); 1
((11,4),(3,8)); 1
((11,4),(3,9)); 1
((11,4),(5,6)); 99
((11,4),(5,7)); 97
((11,4),(5,8)); 97
((11,4),(5,9)); 98
((11,4),(6,7)); 98
((11,4),(6,8)); 98
((11,4),(6,9)); 99
((11,4),(7,8)); 100
((11,4),(7,9)); 98
((11,4),(8,9)); 98
((11,5),(2,3)); 98
((11,5),(2,4)); 98
((11,5),(3,4)); 97
((11,5),(6,7)); 13
((11,5),(6,8)); 12
((11,5),(6,9)); 16
((11,5),(7,8)); 79
((11,5),(7,9)); 29
((11,5),(8,9)); 28
((11,6),(2,3)); 98
((11,6),(2,4)); 98
((11,6),(2,5)); 1
((11,6),(3,4)); 97
((11,6),(3,5)); 1
((11,6),(4,5)); 1
((11,6),(5,7)); 13
((11,6),(5,8)); 14
((11,6),(5,9)); 12
((11,6),(7,8)); 80
((11,6),(7,9)); 29
((11,6),(8,9)); 26
((11,7),(2,3)); 98
((11,7),(2,4)); 98
((11,7),(2,5)); 3
((11,7),(2,6)); 2
((11,7),(2,9)); 2
((11,7),(3,4)); 97
((11,7),(3,5)); 3
((11,7),(3,6)); 2
((11,7),(3,9)); 2
((11,7),(4,5)); 3
((11,7),(4,6)); 2
((11,7),(4,9)); 2
((11,7),(5,6)); 74
((11,7),(5,8)); 8
((11,7),(5,9)); 30
((11,7),(6,8)); 8
((11,7),(6,9)); 31
((11,7),(8,9)); 8
((11,8),(2,3)); 98
((11,8),(2,4)); 98
((11,8),(2,5)); 3
((11,8),(2,6)); 2
((11,8),(2,9)); 2
((11,8),(3,4)); 97
((11,8),(3,5)); 3
((11,8),(3,6)); 2
((11,8),(3,9)); 2
((11,8),(4,5)); 3
((11,8),(4,6)); 2
((11,8),(4,9)); 2
((11,8),(5,6)); 74
((11,8),(5,7)); 13
((11,8),(5,9)); 31
((11,8),(6,7)); 12
((11,8),(6,9)); 33
((11,8),(7,9)); 10
((11,9),(2,3)); 98
((11,9),(2,4)); 98
((11,9),(2,5)); 2
((11,9),(2,6)); 1
((11,9),(3,4)); 97
((11,9),(3,5)); 2
((11,9),(3,6)); 1
((11,9),(4,5)); 2
((11,9),(4,6)); 1
((11,9),(5,6)); 72
((11,9),(5,7)); 41
((11,9),(5,8)); 41
((11,9),(6,7)); 40
((11,9),(6,8)); 41
((11,9),(7,8)); 82
((2,3),(4,5)); 52
((2,3),(4,6)); 52
((2,3),(4,7)); 52
((2,3),(4,8)); 52
((2,3),(4,9)); 52
((2,3),(5,6)); 100
((2,3),(5,7)); 100
((2,3),(5,8)); 100
((2,3),(5,9)); 100
((2,3),(6,7)); 100
((2,3),(6,8)); 100
((2,3),(6,9)); 100
((2,3),(7,8)); 100
((2,3),(7,9)); 100
((2,3),(8,9)); 100
((2,4),(3,5)); 20
((2,4),(3,6)); 20
((2,4),(3,7)); 20
((2,4),(3,8)); 20
((2,4),(3,9)); 20
((2,4),(5,6)); 100
((2,4),(5,7)); 100
((2,4),(5,8)); 100
((2,4),(5,9)); 100
((2,4),(6,7)); 100
((2,4),(6,8)); 100
((2,4),(6,9)); 100
((2,4),(7,8)); 100
((2,4),(7,9)); 100
((2,4),(8,9)); 100
((2,5),(3,4)); 28
((2,5),(6,7)); 13
((2,5),(6,8)); 12
((2,5),(6,9)); 16
((2,5),(7,8)); 79
((2,5),(7,9)); 30
((2,5),(8,9)); 29
((2,6),(3,4)); 28
((2,6),(5,7)); 13
((2,6),(5,8)); 14
((2,6),(5,9)); 12
((2,6),(7,8)); 80
((2,6),(7,9)); 30
((2,6),(8,9)); 27
((2,7),(3,4)); 28
((2,7),(5,6)); 74
((2,7),(5,8)); 8
((2,7),(5,9)); 29
((2,7),(6,8)); 8
((2,7),(6,9)); 30
((2,7),(8,9)); 8
((2,8),(3,4)); 28
((2,8),(5,6)); 74
((2,8),(5,7)); 13
((2,8),(5,9)); 30
((2,8),(6,7)); 12
((2,8),(6,9)); 32
((2,8),(7,9)); 10
((2,9),(3,4)); 28
((2,9),(5,6)); 72
((2,9),(5,7)); 41
((2,9),(5,8)); 41
((2,9),(6,7)); 40
((2,9),(6,8)); 41
((2,9),(7,8)); 82
((3,4),(5,6)); 100
((3,4),(5,7)); 100
((3,4),(5,8)); 100
((3,4),(5,9)); 100
((3,4),(6,7)); 100
((3,4),(6,8)); 100
((3,4),(6,9)); 100
((3,4),(7,8)); 100
((3,4),(7,9)); 100
((3,4),(8,9)); 100
((3,5),(6,7)); 13
((3,5),(6,8)); 12
((3,5),(6,9)); 16
((3,5),(7,8)); 79
((3,5),(7,9)); 30
((3,5),(8,9)); 29
((3,6),(5,7)); 13
((3,6),(5,8)); 14
((3,6),(5,9)); 12
((3,6),(7,8)); 80
((3,6),(7,9)); 30
((3,6),(8,9)); 27
((3,7),(5,6)); 74
((3,7),(5,8)); 8
((3,7),(5,9)); 29
((3,7),(6,8)); 8
((3,7),(6,9)); 30
((3,7),(8,9)); 8
((3,8),(5,6)); 74
((3,8),(5,7)); 13
((3,8),(5,9)); 30
((3,8),(6,7)); 12
((3,8),(6,9)); 32
((3,8),(7,9)); 10
((3,9),(5,6)); 72
((3,9),(5,7)); 41
((3,9),(5,8)); 41
((3,9),(6,7)); 40
((3,9),(6,8)); 41
((3,9),(7,8)); 82
((4,5),(6,7)); 13
((4,5),(6,8)); 12
((4,5),(6,9)); 16
((4,5),(7,8)); 79
((4,5),(7,9)); 30
((4,5),(8,9)); 29
((4,6),(5,7)); 13
((4,6),(5,8)); 14
((4,6),(5,9)); 12
((4,6),(7,8)); 80
((4,6),(7,9)); 30
((4,6),(8,9)); 27
((4,7),(5,6)); 74
((4,7),(5,8)); 8
((4,7),(5,9)); 29
((4,7),(6,8)); 8
((4,7),(6,9)); 30
((4,7),(8,9)); 8
((4,8),(5,6)); 74
((4,8),(5,7)); 13
((4,8),(5,9)); 30
((4,8),(6,7)); 12
((4,8),(6,9)); 32
((4,8),(7,9)); 10
((4,9),(5,6)); 72
((4,9),(5,7)); 41
((4,9),(5,8)); 41
((4,9),(6,7)); 40
((4,9),(6,8)); 41
((4,9),(7,8)); 82
((5,6),(7,8)); 87
((5,6),(7,9)); 71
((5,6),(8,9)); 70
((5,7),(6,8)); 6
((5,7),(6,9)); 19
((5,7),(8,9)); 13
((5,8),(6,7)); 7
((5,8),(6,9)); 19
((5,8),(7,9)); 11
((5,9),(6,7)); 10
((5,9),(6,8)); 11
((5,9),(7,8)); 76
((6,7),(8,9)); 11
((6,8),(7,9)); 10
((6,9),(7,8)); 79
