((1,10),(11,3)); 2
((1,10),(11,4)); 3
((1,10),(11,5)); 3
((1,10),(11,6)); 3
((1,10),(11,7)); 2
((1,10),(11,8)); 2
((1,10),(11,9)); 2
((1,10),(2,3)); 26
((1,10),(2,4)); 21
((1,10),(2,5)); 1
((1,10),(2,6)); 1
((1,10),(2,7)); 1
((1,10),(3,4)); 24
((1,10),(3,5)); 2
((1,10),(3,6)); 2
((1,10),(3,7)); 2
((1,10),(3,8)); 1
((1,10),(4,5)); 2
((1,10),(4,6)); 2
((1,10),(4,7)); 2
((1,10),(4,8)); 3
((1,10),(4,9)); 1
((1,10),(5,6)); 80
((1,10),(5,7)); 58
((1,10),(5,8)); 53
((1,10),(5,9)); 52
((1,10),(6,7)); 57
((1,10),(6,8)); 56
((1,10),(6,9)); 57
((1,10),(7,8)); 77
((1,10),(7,9)); 51
((1,10),(8,9)); 49
((1,11),(10,2)); 2
((1,11),(10,3)); 1
((1,11),(10,4)); 2
((1,11),(10,5)); 94
((1,11),(10,6)); 94
((1,11),(10,7)); 95
((1,11),(10,8)); 94
((1,11),(10,9)); 96
((1,11),(2,3)); 27
((1,11),(2,4)); 22
((1,11),(2,5)); 3
((1,11),(2,6)); 3
((1,11),(2,7)); 3
((1,11),(2,8)); 2
((1,11),(2,9)); 2
((1,11),(3,4)); 22
((1,11),(3,5)); 2
((1,11),(3,6)); 2
((1,11),(3,7)); 2
((1,11),(3,8)); 1
((1,11),(3,9)); 1
((1,11),(4,5)); 2
((1,11),(4,6)); 2
((1,11),(4,7)); 3
((1,11),(4,8)); 2
((1,11),(4,9)); 2
((1,11),(5,6)); 98
((1,11),(5,7)); 97
((1,11),(5,8)); 96
((1,11),(5,9)); 97
((1,11),(6,7)); 97
((1,11),(6,8)); 97
((1,11),(6,9)); 96
((1,11),(7,8)); 96
((1,11),(7,9)); 97
((1,11),(8,9)); 96
((1,2),(10,11)); 98
((1,2),(10,3)); 42
((1,2),(10,4)); 61
((1,2),(10,5)); 99
((1,2),(10,6)); 99
((1,2),(10,7)); 99
((1,2),(10,8)); 100
((1,2),(10,9)); 100
((1,2),(11,3)); 43
((1,2),(11,4)); 62
((1,2),(11,5)); 97
((1,2),(11,6)); 97
((1,2),(11,7)); 97
((1,2),(11,8)); 98
((1,2),(11,9)); 98
((1,2),(3,4)); 38
((1,2),(3,5)); 42
((1,2),(3,6)); 42
((1,2),(3,7)); 42
((1,2),(3,8)); 42
((1,2),(3,9)); 42
((1,2),(4,5)); 60
((1,2),(4,6)); 60
((1,2),(4,7)); 60
((1,2),(4,8)); 61
((1,2),(4,9)); 61
((1,2),(5,6)); 99
((1,2),(5,7)); 100
((1,2),(5,8)); 99
((1,2),(5,9)); 99
((1,2),(6,7)); 99
((1,2),(6,8)); 99
((1,2),(6,9)); 99
((1,2),(7,8)); 99
((1,2),(7,9)); 99
((1,2),(8,9)); 100
((1,3),(10,11)); 97
((1,3),(10,2)); 32
((1,3),(10,4)); 57
((1,3),(10,5)); 98
((1,3),(10,6)); 98
((1,3),(10,7)); 98
((1,3),(10,8)); 99
((1,3),(10,9)); 100
((1,3),(11,2)); 30
((1,3),(11,4)); 59
((1,3),(11,5)); 97
((1,3),(11,6)); 97
((1,3),(11,7)); 97
((1,3),(11,8)); 98
((1,3),(11,9)); 97
((1,3),(2,4)); 38
((1,3),(2,5)); 33
((1,3),(2,6)); 33
((1,3),(2,7)); 33
((1,3),(2,8)); 32
((1,3),(2,9)); 32
((1,3),(4,5)); 57
((1,3),(4,6)); 57
((1,3),(4,7)); 57
((1,3),(4,8)); 58
((1,3),(4,9)); 57
((1,3),(5,6)); 100
((1,3),(5,7)); 100
((1,3),(5,8)); 99
((1,3),(5,9)); 98
((1,3),(6,7)); 100
((1,3),(6,8)); 99
((1,3),(6,9)); 98
((1,3),(7,8)); 99
((1,3),(7,9)); 98
((1,3),(8,9)); 99
((1,4),(10,11)); 95
((1,4),(10,2)); 18
((1,4),(10,3)); 19
((1,4),(10,5)); 97
((1,4),(10,6)); 97
((1,4),(10,7)); 97
((1,4),(10,8)); 97
((1,4),(10,9)); 99
((1,4),(11,2)); 16
((1,4),(11,3)); 19
((1,4),(11,5)); 95
((1,4),(11,6)); 94
((1,4),(11,7)); 94
((1,4),(11,8)); 95
((1,4),(11,9)); 95
((1,4),(2,3)); 24
((1,4),(2,5)); 19
((1,4),(2,6)); 19
((1,4),(2,7)); 19
((1,4),(2,8)); 18
((1,4),(2,9)); 18
((1,4),(3,5)); 20
((1,4),(3,6)); 20
((1,4),(3,7)); 20
((1,4),(3,8)); 19
((1,4),(3,9)); 19
((1,4),(5,6)); 98
((1,4),(5,7)); 98
((1,4),(5,8)); 96
((1,4),(5,9)); 98
((1,4),(6,7)); 98
((1,4),(6,8)); 97
((1,4),(6,9)); 97
((1,4),(7,8)); 96
((1,4),(7,9)); 97
((1,4),(8,9)); 97
((1,5),(10,11)); 3
((1,5),(10,4)); 1
((1,5),(10,6)); 9
((1,5),(10,7)); 23
((1,5),(10,8)); 24
((1,5),(10,9)); 22
((1,5),(11,3)); 1
((1,5),(11,4)); 3
((1,5),(11,8)); 1
((1,5),(11,9)); 1
((1,5),(2,3)); 25
((1,5),(2,4)); 21
((1,5),(2,6)); 1
((1,5),(3,4)); 23
((1,5),(4,7)); 1
((1,5),(4,8)); 2
((1,5),(4,9)); 1
((1,5),(6,7)); 18
((1,5),(6,8)); 15
((1,5),(6,9)); 12
((1,5),(7,8)); 63
((1,5),(7,9)); 28
((1,5),(8,9)); 31
((1,6),(10,11)); 3
((1,6),(10,4)); 1
((1,6),(10,5)); 11
((1,6),(10,7)); 25
((1,6),(10,8)); 24
((1,6),(10,9)); 21
((1,6),(11,3)); 1
((1,6),(11,4)); 4
((1,6),(11,5)); 2
((1,6),(11,7)); 1
((1,6),(11,8)); 1
((1,6),(11,9)); 2
((1,6),(2,3)); 25
((1,6),(2,4)); 21
((1,6),(3,4)); 23
((1,6),(4,5)); 2
((1,6),(4,7)); 1
((1,6),(4,8)); 2
((1,6),(4,9)); 2
((1,6),(5,7)); 16
((1,6),(5,8)); 15
((1,6),(5,9)); 12
((1,6),(7,8)); 62
((1,6),(7,9)); 28
((1,6),(8,9)); 32
((1,7),(10,11)); 3
((1,7),(10,4)); 1
((1,7),(10,5)); 19
((1,7),(10,6)); 18
((1,7),(10,8)); 13
((1,7),(10,9)); 25
((1,7),(11,3)); 1
((1,7),(11,4)); 3
((1,7),(11,5)); 3
((1,7),(11,6)); 2
((1,7),(11,8)); 1
((1,7),(11,9)); 2
((1,7),(2,3)); 25
((1,7),(2,4)); 21
((1,7),(2,6)); 1
((1,7),(3,4)); 23
((1,7),(4,5)); 1
((1,7),(4,6)); 1
((1,7),(4,8)); 2
((1,7),(4,9)); 2
((1,7),(5,6)); 66
((1,7),(5,8)); 19
((1,7),(5,9)); 33
((1,7),(6,8)); 20
((1,7),(6,9)); 32
((1,7),(8,9)); 15
((1,8),(10,11)); 4
((1,8),(10,5)); 23
((1,8),(10,6)); 20
((1,8),(10,7)); 10
((1,8),(10,9)); 25
((1,8),(11,3)); 1
((1,8),(11,4)); 3
((1,8),(11,5)); 3
((1,8),(11,6)); 2
((1,8),(11,7)); 3
((1,8),(11,9)); 3
((1,8),(2,3)); 26
((1,8),(2,4)); 21
((1,8),(2,5)); 1
((1,8),(2,6)); 1
((1,8),(2,7)); 1
((1,8),(3,4)); 23
((1,8),(3,5)); 1
((1,8),(3,6)); 1
((1,8),(3,7)); 1
((1,8),(4,5)); 2
((1,8),(4,6)); 1
((1,8),(4,7)); 2
((1,8),(4,9)); 1
((1,8),(5,6)); 70
((1,8),(5,7)); 18
((1,8),(5,9)); 30
((1,8),(6,7)); 18
((1,8),(6,9)); 27
((1,8),(7,9)); 18
((1,9),(10,11)); 2
((1,9),(10,5)); 26
((1,9),(10,6)); 22
((1,9),(10,7)); 24
((1,9),(10,8)); 26
((1,9),(11,3)); 2
((1,9),(11,4)); 3
((1,9),(11,5)); 2
((1,9),(11,6)); 2
((1,9),(11,7)); 1
((1,9),(11,8)); 1
((1,9),(2,3)); 26
((1,9),(2,4)); 21
((1,9),(2,5)); 1
((1,9),(2,6)); 1
((1,9),(2,7)); 1
((1,9),(3,4)); 24
((1,9),(3,5)); 2
((1,9),(3,6)); 2
((1,9),(3,7)); 2
((1,9),(3,8)); 1
((1,9),(4,5)); 1
((1,9),(4,6)); 1
((1,9),(4,7)); 1
((1,9),(4,8)); 2
((1,9),(5,6)); 76
((1,9),(5,7)); 39
((1,9),(5,8)); 39
((1,9),(6,7)); 40
((1,9),(6,8)); 41
((1,9),(7,8)); 67
((10,11),(2,3)); 97
((10,11),(2,4)); 95
((10,11),(2,5)); 3
((10,11),(2,6)); 3
((10,11),(2,7)); 3
((10,11),(2,8)); 4
((10,11),(2,9)); 2
((10,11),(3,4)); 96
((10,11),(3,5)); 3
((10,11),(3,6)); 3
((10,11),(3,7)); 3
((10,11),(3,8)); 4
((10,11),(3,9)); 2
((10,11),(4,5)); 3
((10,11),(4,6)); 3
((10,11),(4,7)); 4
((10,11),(4,8)); 5
((10,11),(4,9)); 2
((10,11),(5,6)); 78
((10,11),(5,7)); 56
((10,11),(5,8)); 52
((10,11),(5,9)); 52
((10,11),(6,7)); 55
((10,11),(6,8)); 56
((10,11),(6,9)); 56
((10,11),(7,8)); 76
((10,11),(7,9)); 50
((10,11),(8,9)); 48
((10,2),(11,3)); 3
((10,2),(11,4)); 4
((10,2),(11,5)); 3
((10,2),(11,6)); 3
((10,2),(11,7)); 2
((10,2),(11,8)); 2
((10,2),(11,9)); 2
((10,2),(3,4)); 22
((10,2),(3,5)); 1
((10,2),(3,6)); 1
((10,2),(3,7)); 1
((10,2),(3,8)); 1
((10,2),(4,5)); 2
((10,2),(4,6)); 2
((10,2),(4,7)); 2
((10,2),(4,8)); 3
((10,2),(4,9)); 1
((10,2),(5,6)); 79
((10,2),(5,7)); 58
((10,2),(5,8)); 53
((10,2),(5,9)); 52
((10,2),(6,7)); 56
((10,2),(6,8)); 56
((10,2),(6,9)); 57
((10,2),(7,8)); 77
((10,2),(7,9)); 51
((10,2),(8,9)); 49
((10,3),(11,4)); 3
((10,3),(11,5)); 3
((10,3),(11,6)); 3
((10,3),(11,7)); 2
((10,3),(11,8)); 2
((10,3),(11,9)); 2
((10,3),(2,4)); 27
((10,3),(2,5)); 1
((10,3),(2,6)); 1
((10,3),(2,7)); 1
((10,3),(4,5)); 2
((10,3),(4,6)); 2
((10,3),(4,7)); 2
((10,3),(4,8)); 3
((10,3),(4,9)); 1
((10,3),(5,6)); 80
((10,3),(5,7)); 58
((10,3),(5,8)); 53
((10,3),(5,9)); 52
((10,3),(6,7)); 57
((10,3),(6,8)); 56
((10,3),(6,9)); 57
((10,3),(7,8)); 77
((10,3),(7,9)); 51
((10,3),(8,9)); 49
((10,4),(11,2)); 1
((10,4),(11,3)); 1
((10,4),(11,5)); 2
((10,4),(11,6)); 1
((10,4),(11,9)); 1
((10,4),(2,3)); 51
((10,4),(2,5)); 1
((10,4),(2,6)); 1
((10,4),(2,7)); 1
((10,4),(3,5)); 1
((10,4),(3,6)); 1
((10,4),(3,7)); 1
((10,4),(5,6)); 78
((10,4),(5,7)); 56
((10,4),(5,8)); 51
((10,4),(5,9)); 52
((10,4),(6,7)); 55
((10,4),(6,8)); 55
((10,4),(6,9)); 56
((10,4),(7,8)); 75
((10,4),(7,9)); 50
((10,4),(8,9)); 48
((10,5),(11,2)); 94
((10,5),(11,3)); 94
((10,5),(11,4)); 95
((10,5),(11,6)); 11
((10,5),(11,7)); 19
((10,5),(11,8)); 22
((10,5),(11,9)); 27
((10,5),(2,3)); 98
((10,5),(2,4)); 97
((10,5),(2,6)); 12
((10,5),(2,7)); 19
((10,5),(2,8)); 23
((10,5),(2,9)); 26
((10,5),(3,4)); 97
((10,5),(3,6)); 11
((10,5),(3,7)); 19
((10,5),(3,8)); 23
((10,5),(3,9)); 26
((10,5),(4,6)); 11
((10,5),(4,7)); 20
((10,5),(4,8)); 23
((10,5),(4,9)); 26
((10,5),(6,7)); 22
((10,5),(6,8)); 20
((10,5),(6,9)); 14
((10,5),(7,8)); 60
((10,5),(7,9)); 31
((10,5),(8,9)); 32
((10,6),(11,2)); 94
((10,6),(11,3)); 94
((10,6),(11,4)); 96
((10,6),(11,5)); 11
((10,6),(11,7)); 19
((10,6),(11,8)); 19
((10,6),(11,9)); 24
((10,6),(2,3)); 98
((10,6),(2,4)); 97
((10,6),(2,5)); 9
((10,6),(2,7)); 18
((10,6),(2,8)); 20
((10,6),(2,9)); 22
((10,6),(3,4)); 97
((10,6),(3,5)); 9
((10,6),(3,7)); 18
((10,6),(3,8)); 20
((10,6),(3,9)); 22
((10,6),(4,5)); 11
((10,6),(4,7)); 19
((10,6),(4,8)); 20
((10,6),(4,9)); 23
((10,6),(5,7)); 15
((10,6),(5,8)); 15
((10,6),(5,9)); 12
((10,6),(7,8)); 61
((10,6),(7,9)); 30
((10,6),(8,9)); 30
((10,7),(11,2)); 95
((10,7),(11,3)); 95
((10,7),(11,4)); 96
((10,7),(11,5)); 25
((10,7),(11,6)); 26
((10,7),(11,8)); 10
((10,7),(11,9)); 26
((10,7),(2,3)); 98
((10,7),(2,4)); 97
((10,7),(2,5)); 23
((10,7),(2,6)); 26
((10,7),(2,8)); 10
((10,7),(2,9)); 24
((10,7),(3,4)); 97
((10,7),(3,5)); 23
((10,7),(3,6)); 25
((10,7),(3,8)); 10
((10,7),(3,9)); 24
((10,7),(4,5)); 24
((10,7),(4,6)); 26
((10,7),(4,8)); 10
((10,7),(4,9)); 25
((10,7),(5,6)); 63
((10,7),(5,8)); 19
((10,7),(5,9)); 33
((10,7),(6,8)); 19
((10,7),(6,9)); 31
((10,7),(8,9)); 15
((10,8),(11,2)); 94
((10,8),(11,3)); 94
((10,8),(11,4)); 95
((10,8),(11,5)); 26
((10,8),(11,6)); 25
((10,8),(11,7)); 14
((10,8),(11,9)); 28
((10,8),(2,3)); 99
((10,8),(2,4)); 97
((10,8),(2,5)); 24
((10,8),(2,6)); 24
((10,8),(2,7)); 13
((10,8),(2,9)); 26
((10,8),(3,4)); 97
((10,8),(3,5)); 24
((10,8),(3,6)); 24
((10,8),(3,7)); 13
((10,8),(3,9)); 26
((10,8),(4,5)); 26
((10,8),(4,6)); 25
((10,8),(4,7)); 15
((10,8),(4,9)); 27
((10,8),(5,6)); 65
((10,8),(5,7)); 21
((10,8),(5,9)); 29
((10,8),(6,7)); 20
((10,8),(6,9)); 32
((10,8),(7,9)); 19
((10,9),(11,2)); 96
((10,9),(11,3)); 96
((10,9),(11,4)); 97
((10,9),(11,5)); 21
((10,9),(11,6)); 20
((10,9),(11,7)); 24
((10,9),(11,8)); 24
((10,9),(2,3)); 100
((10,9),(2,4)); 99
((10,9),(2,5)); 22
((10,9),(2,6)); 21
((10,9),(2,7)); 25
((10,9),(2,8)); 25
((10,9),(3,4)); 99
((10,9),(3,5)); 22
((10,9),(3,6)); 21
((10,9),(3,7)); 25
((10,9),(3,8)); 25
((10,9),(4,5)); 22
((10,9),(4,6)); 21
((10,9),(4,7)); 25
((10,9),(4,8)); 25
((10,9),(5,6)); 74
((10,9),(5,7)); 36
((10,9),(5,8)); 39
((10,9),(6,7)); 39
((10,9),(6,8)); 38
((10,9),(7,8)); 66
((11,2),(3,4)); 20
((11,2),(4,5)); 1
((11,2),(4,6)); 1
((11,2),(4,7)); 2
((11,2),(4,8)); 1
((11,2),(4,9)); 1
((11,2),(5,6)); 97
((11,2),(5,7)); 97
((11,2),(5,8)); 96
((11,2),(5,9)); 97
((11,2),(6,7)); 96
((11,2),(6,8)); 97
((11,2),(6,9)); 96
((11,2),(7,8)); 96
((11,2),(7,9)); 97
((11,2),(8,9)); 96
((11,3),(2,4)); 27
((11,3),(2,5)); 3
((11,3),(2,6)); 3
((11,3),(2,7)); 3
((11,3),(2,8)); 2
((11,3),(2,9)); 3
((11,3),(4,5)); 1
((11,3),(4,6)); 1
((11,3),(4,7)); 2
((11,3),(4,8)); 1
((11,3),(4,9)); 1
((11,3),(5,6)); 98
((11,3),(5,7)); 97
((11,3),(5,8)); 96
((11,3),(5,9)); 97
((11,3),(6,7)); 97
((11,3),(6,8)); 97
((11,3),(6,9)); 96
((11,3),(7,8)); 96
((11,3),(7,9)); 97
((11,3),(8,9)); 96
((11,4),(2,3)); 53
((11,4),(2,5)); 4
((11,4),(2,6)); 5
((11,4),(2,7)); 4
((11,4),(2,8)); 4
((11,4),(2,9)); 4
((11,4),(3,5)); 3
((11,4),(3,6)); 4
((11,4),(3,7)); 3
((11,4),(3,8)); 3
((11,4),(3,9)); 3
((11,4),(5,6)); 99
((11,4),(5,7)); 98
((11,4),(5,8)); 96
((11,4),(5,9)); 97
((11,4),(6,7)); 98
((11,4),(6,8)); 97
((11,4),(6,9)); 98
((11,4),(7,8)); 96
((11,4),(7,9)); 98
((11,4),(8,9)); 97
((11,5),(2,3)); 97
((11,5),(2,4)); 95
((11,5),(2,6)); 3
((11,5),(2,7)); 3
((11,5),(2,8)); 3
((11,5),(2,9)); 2
((11,5),(3,4)); 96
((11,5),(3,6)); 2
((11,5),(3,7)); 3
((11,5),(3,8)); 3
((11,5),(3,9)); 2
((11,5),(4,6)); 1
((11,5),(4,7)); 2
((11,5),(4,8)); 3
((11,5),(4,9)); 2
((11,5),(6,7)); 20
((11,5),(6,8)); 16
((11,5),(6,9)); 13
((11,5),(7,8)); 66
((11,5),(7,9)); 29
((11,5),(8,9)); 32
((11,6),(2,3)); 97
((11,6),(2,4)); 94
((11,6),(2,7)); 2
((11,6),(2,8)); 2
((11,6),(2,9)); 2
((11,6),(3,4)); 95
((11,6),(3,7)); 2
((11,6),(3,8)); 2
((11,6),(3,9)); 2
((11,6),(4,7)); 2
((11,6),(4,8)); 2
((11,6),(4,9)); 1
((11,6),(5,7)); 15
((11,6),(5,8)); 15
((11,6),(5,9)); 12
((11,6),(7,8)); 64
((11,6),(7,9)); 28
((11,6),(8,9)); 32
((11,7),(2,3)); 97
((11,7),(2,4)); 94
((11,7),(2,6)); 2
((11,7),(2,8)); 3
((11,7),(2,9)); 1
((11,7),(3,4)); 95
((11,7),(3,6)); 1
((11,7),(3,8)); 3
((11,7),(3,9)); 1
((11,7),(4,8)); 2
((11,7),(5,6)); 65
((11,7),(5,8)); 19
((11,7),(5,9)); 33
((11,7),(6,8)); 20
((11,7),(6,9)); 32
((11,7),(8,9)); 15
((11,8),(2,3)); 98
((11,8),(2,4)); 95
((11,8),(2,5)); 1
((11,8),(2,6)); 1
((11,8),(2,7)); 1
((11,8),(2,9)); 1
((11,8),(3,4)); 96
((11,8),(3,5)); 1
((11,8),(3,6)); 1
((11,8),(3,7)); 1
((11,8),(3,9)); 1
((11,8),(4,5)); 1
((11,8),(4,6)); 1
((11,8),(4,7)); 2
((11,8),(5,6)); 69
((11,8),(5,7)); 15
((11,8),(5,9)); 29
((11,8),(6,7)); 16
((11,8),(6,9)); 25
((11,8),(7,9)); 17
((11,9),(2,3)); 97
((11,9),(2,4)); 95
((11,9),(2,5)); 1
((11,9),(2,6)); 2
((11,9),(2,7)); 2
((11,9),(2,8)); 3
((11,9),(3,4)); 96
((11,9),(3,5)); 1
((11,9),(3,6)); 2
((11,9),(3,7)); 2
((11,9),(3,8)); 3
((11,9),(4,5)); 1
((11,9),(4,6)); 1
((11,9),(4,7)); 2
((11,9),(4,8)); 3
((11,9),(5,6)); 75
((11,9),(5,7)); 38
((11,9),(5,8)); 39
((11,9),(6,7)); 40
((11,9),(6,8)); 43
((11,9),(7,8)); 68
((2,3),(4,5)); 51
((2,3),(4,6)); 51
((2,3),(4,7)); 51
((2,3),(4,8)); 52
((2,3),(4,9)); 51
((2,3),(5,6)); 99
((2,3),(5,7)); 100
((2,3),(5,8)); 99
((2,3),(5,9)); 98
((2,3),(6,7)); 99
((2,3),(6,8)); 99
((2,3),(6,9)); 98
((2,3),(7,8)); 99
((2,3),(7,9)); 98
((2,3),(8,9)); 99
((2,4),(3,5)); 27
((2,4),(3,6)); 27
((2,4),(3,7)); 27
((2,4),(3,8)); 27
((2,4),(3,9)); 27
((2,4),(5,6)); 97
((2,4),(5,7)); 98
((2,4),(5,8)); 96
((2,4),(5,9)); 98
((2,4),(6,7)); 97
((2,4),(6,8)); 97
((2,4),(6,9)); 97
((2,4),(7,8)); 96
((2,4),(7,9)); 97
((2,4),(8,9)); 97
((2,5),(3,4)); 22
((2,5),(3,8)); 1
((2,5),(3,9)); 1
((2,5),(4,7)); 1
((2,5),(4,8)); 2
((2,5),(4,9)); 1
((2,5),(6,7)); 18
((2,5),(6,8)); 15
((2,5),(6,9)); 12
((2,5),(7,8)); 63
((2,5),(7,9)); 28
((2,5),(8,9)); 31
((2,6),(3,4)); 22
((2,6),(3,5)); 1
((2,6),(3,7)); 1
((2,6),(3,8)); 1
((2,6),(3,9)); 1
((2,6),(4,5)); 3
((2,6),(4,7)); 2
((2,6),(4,8)); 2
((2,6),(4,9)); 2
((2,6),(5,7)); 16
((2,6),(5,8)); 16
((2,6),(5,9)); 13
((2,6),(7,8)); 63
((2,6),(7,9)); 29
((2,6),(8,9)); 32
((2,7),(3,4)); 22
((2,7),(3,8)); 1
((2,7),(3,9)); 1
((2,7),(4,5)); 1
((2,7),(4,6)); 1
((2,7),(4,8)); 2
((2,7),(4,9)); 2
((2,7),(5,6)); 66
((2,7),(5,8)); 19
((2,7),(5,9)); 33
((2,7),(6,8)); 20
((2,7),(6,9)); 32
((2,7),(8,9)); 15
((2,8),(3,4)); 21
((2,8),(4,5)); 2
((2,8),(4,6)); 1
((2,8),(4,7)); 2
((2,8),(4,9)); 1
((2,8),(5,6)); 69
((2,8),(5,7)); 18
((2,8),(5,9)); 30
((2,8),(6,7)); 17
((2,8),(6,9)); 27
((2,8),(7,9)); 18
((2,9),(3,4)); 22
((2,9),(3,5)); 1
((2,9),(3,6)); 1
((2,9),(3,7)); 1
((2,9),(3,8)); 1
((2,9),(4,5)); 1
((2,9),(4,6)); 1
((2,9),(4,7)); 1
((2,9),(4,8)); 2
((2,9),(5,6)); 75
((2,9),(5,7)); 39
((2,9),(5,8)); 39
((2,9),(6,7)); 39
((2,9),(6,8)); 41
((2,9),(7,8)); 67
((3,4),(5,6)); 98
((3,4),(5,7)); 98
((3,4),(5,8)); 96
((3,4),(5,9)); 98
((3,4),(6,7)); 98
((3,4),(6,8)); 97
((3,4),(6,9)); 97
((3,4),(7,8)); 96
((3,4),(7,9)); 97
((3,4),(8,9)); 97
((3,5),(4,7)); 1
((3,5),(4,8)); 2
((3,5),(4,9)); 1
((3,5),(6,7)); 18
((3,5),(6,8)); 15
((3,5),(6,9)); 12
((3,5),(7,8)); 63
((3,5),(7,9)); 28
((3,5),(8,9)); 31
((3,6),(4,5)); 2
((3,6),(4,7)); 1
((3,6),(4,8)); 2
((3,6),(4,9)); 2
((3,6),(5,7)); 16
((3,6),(5,8)); 15
((3,6),(5,9)); 12
((3,6),(7,8)); 62
((3,6),(7,9)); 28
((3,6),(8,9)); 32
((3,7),(4,5)); 1
((3,7),(4,6)); 1
((3,7),(4,8)); 2
((3,7),(4,9)); 2
((3,7),(5,6)); 66
((3,7),(5,8)); 19
((3,7),(5,9)); 33
((3,7),(6,8)); 20
((3,7),(6,9)); 32
((3,7),(8,9)); 15
((3,8),(4,5)); 2
((3,8),(4,6)); 1
((3,8),(4,7)); 2
((3,8),(4,9)); 1
((3,8),(5,6)); 70
((3,8),(5,7)); 18
((3,8),(5,9)); 30
((3,8),(6,7)); 18
((3,8),(6,9)); 27
((3,8),(7,9)); 18
((3,9),(4,5)); 1
((3,9),(4,6)); 1
((3,9),(4,7)); 1
((3,9),(4,8)); 2
((3,9),(5,6)); 76
((3,9),(5,7)); 39
((3,9),(5,8)); 39
((3,9),(6,7)); 40
((3,9),(6,8)); 41
((3,9),(7,8)); 67
((4,5),(6,7)); 19
((4,5),(6,8)); 16
((4,5),(6,9)); 13
((4,5),(7,8)); 64
((4,5),(7,9)); 28
((4,5),(8,9)); 32
((4,6),(5,7)); 15
((4,6),(5,8)); 15
((4,6),(5,9)); 12
((4,6),(7,8)); 63
((4,6),(7,9)); 28
((4,6),(8,9)); 32
((4,7),(5,6)); 66
((4,7),(5,8)); 20
((4,7),(5,9)); 34
((4,7),(6,8)); 20
((4,7),(6,9)); 32
((4,7),(8,9)); 16
((4,8),(5,6)); 69
((4,8),(5,7)); 16
((4,8),(5,9)); 30
((4,8),(6,7)); 17
((4,8),(6,9)); 26
((4,8),(7,9)); 17
((4,9),(5,6)); 75
((4,9),(5,7)); 38
((4,9),(5,8)); 38
((4,9),(6,7)); 40
((4,9),(6,8)); 42
((4,9),(7,8)); 67
((5,6),(7,8)); 79
((5,6),(7,9)); 64
((5,6),(8,9)); 69
((5,7),(6,8)); 10
((5,7),(6,9)); 19
((5,7),(8,9)); 17
((5,8),(6,7)); 11
((5,8),(6,9)); 16
((5,8),(7,9)); 21
((5,9),(6,7)); 17
((5,9),(6,8)); 15
((5,9),(7,8)); 62
((6,7),(8,9)); 18
((6,8),(7,9)); 20
((6,9),(7,8)); 62
