((1.1,10.10),(2.2,3.3)); 29
((1.1,10.10),(2.2,4.4)); 6
((1.1,10.10),(3.3,4.4)); 9
((1.1,10.10),(5.5,6.6)); 99
((1.1,10.10),(5.5,7.7)); 94
((1.1,10.10),(5.5,8.8)); 94
((1.1,10.10),(5.5,9.9)); 88
((1.1,10.10),(6.6,7.7)); 95
((1.1,10.10),(6.6,8.8)); 95
((1.1,10.10),(6.6,9.9)); 88
((1.1,10.10),(7.7,8.8)); 100
((1.1,10.10),(7.7,9.9)); 87
((1.1,10.10),(8.8,9.9)); 87
((1.1,11.11),(10.10,5.5)); 100
((1.1,11.11),(10.10,6.6)); 100
((1.1,11.11),(10.10,7.7)); 100
((1.1,11.11),(10.10,8.8)); 100
((1.1,11.11),(10.10,9.9)); 100
((1.1,11.11),(2.2,3.3)); 29
((1.1,11.11),(2.2,4.4)); 6
((1.1,11.11),(3.3,4.4)); 9
((1.1,11.11),(5.5,6.6)); 100
((1.1,11.11),(5.5,7.7)); 100
((1.1,11.11),(5.5,8.8)); 100
((1.1,11.11),(5.5,9.9)); 100
((1.1,11.11),(6.6,7.7)); 100
((1.1,11.11),(6.6,8.8)); 100
((1.1,11.11),(6.6,9.9)); 100
((1.1,11.11),(7.7,8.8)); 100
((1.1,11.11),(7.7,9.9)); 100
((1.1,11.11),(8.8,9.9)); 100
((1.1,2.2),(10.10,11.11)); 100
((1.1,2.2),(10.10,3.3)); 54
((1.1,2.2),(10.10,4.4)); 87
((1.1,2.2),(10.10,5.5)); 100
((1.1,2.2),(10.10,6.6)); 100
((1.1,2.2),(10.10,7.7)); 100
((1.1,2.2),(10.10,8.8)); 100
((1.1,2.2),(10.10,9.9)); 100
((1.1,2.2),(11.11,3.3)); 54
((1.1,2.2),(11.11,4.4)); 87
((1.1,2.2),(11.11,5.5)); 100
((1.1,2.2),(11.11,6.6)); 100
((1.1,2.2),(11.11,7.7)); 100
((1.1,2.2),(11.11,8.8)); 100
((1.1,2.2),(11.11,9.9)); 100
((1.1,2.2),(3.3,4.4)); 54
((1.1,2.2),(3.3,5.5)); 54
((1.1,2.2),(3.3,6.6)); 54
((1.1,2.2),(3.3,7.7)); 54
((1.1,2.2),(3.3,8.8)); 54
((1.1,2.2),(3.3,9.9)); 54
((1.1,2.2),(4.4,5.5)); 87
((1.1,2.2),(4.4,6.6)); 87
((1.1,2.2),(4.4,7.7)); 87
((1.1,2.2),(4.4,8.8)); 87
((1.1,2.2),(4.4,9.9)); 87
((1.1,2.2),(5.5,6.6)); 100
((1.1,2.2),(5.5,7.7)); 100
((1.1,2.2),(5.5,8.8)); 100
((1.1,2.2),(5.5,9.9)); 100
((1.1,2.2),(6.6,7.7)); 100
((1.1,2.2),(6.6,8.8)); 100
((1.1,2.2),(6.6,9.9)); 100
((1.1,2.2),(7.7,8.8)); 100
((1.1,2.2),(7.7,9.9)); 100
((1.1,2.2),(8.8,9.9)); 100
((1.1,3.3),(10.10,11.11)); 100
((1.1,3.3),(10.10,2.2)); 17
((1.1,3.3),(10.10,4.4)); 85
((1.1,3.3),(10.10,5.5)); 100
((1.1,3.3),(10.10,6.6)); 100
((1.1,3.3),(10.10,7.7)); 100
((1.1,3.3),(10.10,8.8)); 100
((1.1,3.3),(10.10,9.9)); 100
((1.1,3.3),(11.11,2.2)); 17
((1.1,3.3),(11.11,4.4)); 85
((1.1,3.3),(11.11,5.5)); 100
((1.1,3.3),(11.11,6.6)); 100
((1.1,3.3),(11.11,7.7)); 100
((1.1,3.3),(11.11,8.8)); 100
((1.1,3.3),(11.11,9.9)); 100
((1.1,3.3),(2.2,4.4)); 17
((1.1,3.3),(2.2,5.5)); 17
((1.1,3.3),(2.2,6.6)); 17
((1.1,3.3),(2.2,7.7)); 17
((1.1,3.3),(2.2,8.8)); 17
((1.1,3.3),(2.2,9.9)); 17
((1.1,3.3),(4.4,5.5)); 85
((1.1,3.3),(4.4,6.6)); 85
((1.1,3.3),(4.4,7.7)); 85
((1.1,3.3),(4.4,8.8)); 85
((1.1,3.3),(4.4,9.9)); 85
((1.1,3.3),(5.5,6.6)); 100
((1.1,3.3),(5.5,7.7)); 100
((1.1,3.3),(5.5,8.8)); 100
((1.1,3.3),(5.5,9.9)); 100
((1.1,3.3),(6.6,7.7)); 100
((1.1,3.3),(6.6,8.8)); 100
((1.1,3.3),(6.6,9.9)); 100
((1.1,3.3),(7.7,8.8)); 100
((1.1,3.3),(7.7,9.9)); 100
((1.1,3.3),(8.8,9.9)); 100
((1.1,4.4),(10.10,11.11)); 100
((1.1,4.4),(10.10,2.2)); 7
((1.1,4.4),(10.10,3.3)); 6
((1.1,4.4),(10.10,5.5)); 100
((1.1,4.4),(10.10,6.6)); 100
((1.1,4.4),(10.10,7.7)); 100
((1.1,4.4),(10.10,8.8)); 100
((1.1,4.4),(10.10,9.9)); 100
((1.1,4.4),(11.11,2.2)); 7
((1.1,4.4),(11.11,3.3)); 6
((1.1,4.4),(11.11,5.5)); 100
((1.1,4.4),(11.11,6.6)); 100
((1.1,4.4),(11.11,7.7)); 100
((1.1,4.4),(11.11,8.8)); 100
((1.1,4.4),(11.11,9.9)); 100
((1.1,4.4),(2.2,3.3)); 29
((1.1,4.4),(2.2,5.5)); 7
((1.1,4.4),(2.2,6.6)); 7
((1.1,4.4),(2.2,7.7)); 7
((1.1,4.4),(2.2,8.8)); 7
((1.1,4.4),(2.2,9.9)); 7
((1.1,4.4),(3.3,5.5)); 6
((1.1,4.4),(3.3,6.6)); 6
((1.1,4.4),(3.3,7.7)); 6
((1.1,4.4),(3.3,8.8)); 6
((1.1,4.4),(3.3,9.9)); 6
((1.1,4.4),(5.5,6.6)); 100
((1.1,4.4),(5.5,7.7)); 100
((1.1,4.4),(5.5,8.8)); 100
((1.1,4.4),(5.5,9.9)); 100
((1.1,4.4),(6.6,7.7)); 100
((1.1,4.4),(6.6,8.8)); 100
((1.1,4.4),(6.6,9.9)); 100
((1.1,4.4),(7.7,8.8)); 100
((1.1,4.4),(7.7,9.9)); 100
((1.1,4.4),(8.8,9.9)); 100
((1.1,5.5),(10.10,7.7)); 1
((1.1,5.5),(10.10,8.8)); 1
((1.1,5.5),(10.10,9.9)); 7
((1.1,5.5),(2.2,3.3)); 29
((1.1,5.5),(2.2,4.4)); 6
((1.1,5.5),(3.3,4.4)); 9
((1.1,5.5),(6.6,7.7)); 1
((1.1,5.5),(6.6,8.8)); 1
((1.1,5.5),(7.7,8.8)); 98
((1.1,5.5),(7.7,9.9)); 21
((1.1,5.5),(8.8,9.9)); 21
((1.1,6.6),(10.10,5.5)); 1
((1.1,6.6),(10.10,7.7)); 1
((1.1,6.6),(10.10,8.8)); 1
((1.1,6.6),(10.10,9.9)); 7
((1.1,6.6),(2.2,3.3)); 29
((1.1,6.6),(2.2,4.4)); 6
((1.1,6.6),(3.3,4.4)); 9
((1.1,6.6),(5.5,7.7)); 1
((1.1,6.6),(5.5,8.8)); 1
((1.1,6.6),(5.5,9.9)); 1
((1.1,6.6),(7.7,8.8)); 98
((1.1,6.6),(7.7,9.9)); 21
((1.1,6.6),(8.8,9.9)); 21
((1.1,7.7),(10.10,5.5)); 5
((1.1,7.7),(10.10,6.6)); 4
((1.1,7.7),(10.10,9.9)); 9
((1.1,7.7),(2.2,3.3)); 29
((1.1,7.7),(2.2,4.4)); 6
((1.1,7.7),(3.3,4.4)); 9
((1.1,7.7),(5.5,6.6)); 98
((1.1,7.7),(5.5,8.8)); 1
((1.1,7.7),(5.5,9.9)); 22
((1.1,7.7),(6.6,8.8)); 1
((1.1,7.7),(6.6,9.9)); 21
((1.1,7.7),(8.8,9.9)); 1
((1.1,8.8),(10.10,5.5)); 5
((1.1,8.8),(10.10,6.6)); 4
((1.1,8.8),(10.10,9.9)); 9
((1.1,8.8),(2.2,3.3)); 29
((1.1,8.8),(2.2,4.4)); 6
((1.1,8.8),(3.3,4.4)); 9
((1.1,8.8),(5.5,6.6)); 98
((1.1,8.8),(5.5,7.7)); 1
((1.1,8.8),(5.5,9.9)); 22
((1.1,8.8),(6.6,7.7)); 1
((1.1,8.8),(6.6,9.9)); 21
((1.1,8.8),(7.7,9.9)); 1
((1.1,9.9),(10.10,5.5)); 5
((1.1,9.9),(10.10,6.6)); 5
((1.1,9.9),(10.10,7.7)); 4
((1.1,9.9),(10.10,8.8)); 4
((1.1,9.9),(2.2,3.3)); 29
((1.1,9.9),(2.2,4.4)); 6
((1.1,9.9),(3.3,4.4)); 9
((1.1,9.9),(5.5,6.6)); 99
((1.1,9.9),(5.5,7.7)); 57
((1.1,9.9),(5.5,8.8)); 57
((1.1,9.9),(6.6,7.7)); 58
((1.1,9.9),(6.6,8.8)); 58
((1.1,9.9),(7.7,8.8)); 98
((10.10,11.11),(2.2,3.3)); 100
((10.10,11.11),(2.2,4.4)); 100
((10.10,11.11),(3.3,4.4)); 100
((10.10,11.11),(5.5,6.6)); 99
((10.10,11.11),(5.5,7.7)); 94
((10.10,11.11),(5.5,8.8)); 94
((10.10,11.11),(5.5,9.9)); 88
((10.10,11.11),(6.6,7.7)); 95
((10.10,11.11),(6.6,8.8)); 95
((10.10,11.11),(6.6,9.9)); 88
((10.10,11.11),(7.7,8.8)); 100
((10.10,11.11),(7.7,9.9)); 87
((10.10,11.11),(8.8,9.9)); 87
((10.10,2.2),(3.3,4.4)); 8
((10.10,2.2),(5.5,6.6)); 99
((10.10,2.2),(5.5,7.7)); 94
((10.10,2.2),(5.5,8.8)); 94
((10.10,2.2),(5.5,9.9)); 88
((10.10,2.2),(6.6,7.7)); 95
((10.10,2.2),(6.6,8.8)); 95
((10.10,2.2),(6.6,9.9)); 88
((10.10,2.2),(7.7,8.8)); 100
((10.10,2.2),(7.7,9.9)); 87
((10.10,2.2),(8.8,9.9)); 87
((10.10,3.3),(2.2,4.4)); 4
((10.10,3.3),(5.5,6.6)); 99
((10.10,3.3),(5.5,7.7)); 94
((10.10,3.3),(5.5,8.8)); 94
((10.10,3.3),(5.5,9.9)); 88
((10.10,3.3),(6.6,7.7)); 95
((10.10,3.3),(6.6,8.8)); 95
((10.10,3.3),(6.6,9.9)); 88
((10.10,3.3),(7.7,8.8)); 100
((10.10,3.3),(7.7,9.9)); 87
((10.10,3.3),(8.8,9.9)); 87
((10.10,4.4),(2.2,3.3)); 88
((10.10,4.4),(5.5,6.6)); 99
((10.10,4.4),(5.5,7.7)); 94
((10.10,4.4),(5.5,8.8)); 94
((10.10,4.4),(5.5,9.9)); 88
((10.10,4.4),(6.6,7.7)); 95
((10.10,4.4),(6.6,8.8)); 95
((10.10,4.4),(6.6,9.9)); 88
((10.10,4.4),(7.7,8.8)); 100
((10.10,4.4),(7.7,9.9)); 87
((10.10,4.4),(8.8,9.9)); 87
((10.10,5.5),(11.11,2.2)); 100
((10.10,5.5),(11.11,3.3)); 100
((10.10,5.5),(11.11,4.4)); 100
((10.10,5.5),(11.11,6.6)); 1
((10.10,5.5),(11.11,7.7)); 5
((10.10,5.5),(11.11,8.8)); 5
((10.10,5.5),(11.11,9.9)); 5
((10.10,5.5),(2.2,3.3)); 100
((10.10,5.5),(2.2,4.4)); 100
((10.10,5.5),(2.2,6.6)); 1
((10.10,5.5),(2.2,7.7)); 5
((10.10,5.5),(2.2,8.8)); 5
((10.10,5.5),(2.2,9.9)); 5
((10.10,5.5),(3.3,4.4)); 100
((10.10,5.5),(3.3,6.6)); 1
((10.10,5.5),(3.3,7.7)); 5
((10.10,5.5),(3.3,8.8)); 5
((10.10,5.5),(3.3,9.9)); 5
((10.10,5.5),(4.4,6.6)); 1
((10.10,5.5),(4.4,7.7)); 5
((10.10,5.5),(4.4,8.8)); 5
((10.10,5.5),(4.4,9.9)); 5
((10.10,5.5),(6.6,7.7)); 1
((10.10,5.5),(6.6,8.8)); 1
((10.10,5.5),(7.7,8.8)); 98
((10.10,5.5),(7.7,9.9)); 21
((10.10,5.5),(8.8,9.9)); 21
((10.10,6.6),(11.11,2.2)); 100
((10.10,6.6),(11.11,3.3)); 100
((10.10,6.6),(11.11,4.4)); 100
((10.10,6.6),(11.11,7.7)); 4
((10.10,6.6),(11.11,8.8)); 4
((10.10,6.6),(11.11,9.9)); 5
((10.10,6.6),(2.2,3.3)); 100
((10.10,6.6),(2.2,4.4)); 100
((10.10,6.6),(2.2,7.7)); 4
((10.10,6.6),(2.2,8.8)); 4
((10.10,6.6),(2.2,9.9)); 5
((10.10,6.6),(3.3,4.4)); 100
((10.10,6.6),(3.3,7.7)); 4
((10.10,6.6),(3.3,8.8)); 4
((10.10,6.6),(3.3,9.9)); 5
((10.10,6.6),(4.4,7.7)); 4
((10.10,6.6),(4.4,8.8)); 4
((10.10,6.6),(4.4,9.9)); 5
((10.10,6.6),(5.5,7.7)); 1
((10.10,6.6),(5.5,8.8)); 1
((10.10,6.6),(7.7,8.8)); 98
((10.10,6.6),(7.7,9.9)); 21
((10.10,6.6),(8.8,9.9)); 21
((10.10,7.7),(11.11,2.2)); 100
((10.10,7.7),(11.11,3.3)); 100
((10.10,7.7),(11.11,4.4)); 100
((10.10,7.7),(11.11,5.5)); 1
((10.10,7.7),(11.11,6.6)); 1
((10.10,7.7),(11.11,9.9)); 4
((10.10,7.7),(2.2,3.3)); 100
((10.10,7.7),(2.2,4.4)); 100
((10.10,7.7),(2.2,5.5)); 1
((10.10,7.7),(2.2,6.6)); 1
((10.10,7.7),(2.2,9.9)); 4
((10.10,7.7),(3.3,4.4)); 100
((10.10,7.7),(3.3,5.5)); 1
((10.10,7.7),(3.3,6.6)); 1
((10.10,7.7),(3.3,9.9)); 4
((10.10,7.7),(4.4,5.5)); 1
((10.10,7.7),(4.4,6.6)); 1
((10.10,7.7),(4.4,9.9)); 4
((10.10,7.7),(5.5,6.6)); 98
((10.10,7.7),(5.5,8.8)); 1
((10.10,7.7),(5.5,9.9)); 21
((10.10,7.7),(6.6,8.8)); 1
((10.10,7.7),(6.6,9.9)); 21
((10.10,7.7),(8.8,9.9)); 1
((10.10,8.8),(11.11,2.2)); 100
((10.10,8.8),(11.11,3.3)); 100
((10.10,8.8),(11.11,4.4)); 100
((10.10,8.8),(11.11,5.5)); 1
((10.10,8.8),(11.11,6.6)); 1
((10.10,8.8),(11.11,9.9)); 4
((10.10,8.8),(2.2,3.3)); 100
((10.10,8.8),(2.2,4.4)); 100
((10.10,8.8),(2.2,5.5)); 1
((10.10,8.8),(2.2,6.6)); 1
((10.10,8.8),(2.2,9.9)); 4
((10.10,8.8),(3.3,4.4)); 100
((10.10,8.8),(3.3,5.5)); 1
((10.10,8.8),(3.3,6.6)); 1
((10.10,8.8),(3.3,9.9)); 4
((10.10,8.8),(4.4,5.5)); 1
((10.10,8.8),(4.4,6.6)); 1
((10.10,8.8),(4.4,9.9)); 4
((10.10,8.8),(5.5,6.6)); 98
((10.10,8.8),(5.5,7.7)); 1
((10.10,8.8),(5.5,9.9)); 21
((10.10,8.8),(6.6,7.7)); 1
((10.10,8.8),(6.6,9.9)); 21
((10.10,8.8),(7.7,9.9)); 1
((10.10,9.9),(11.11,2.2)); 100
((10.10,9.9),(11.11,3.3)); 100
((10.10,9.9),(11.11,4.4)); 100
((10.10,9.9),(11.11,5.5)); 7
((10.10,9.9),(11.11,6.6)); 7
((10.10,9.9),(11.11,7.7)); 9
((10.10,9.9),(11.11,8.8)); 9
((10.10,9.9),(2.2,3.3)); 100
((10.10,9.9),(2.2,4.4)); 100
((10.10,9.9),(2.2,5.5)); 7
((10.10,9.9),(2.2,6.6)); 7
((10.10,9.9),(2.2,7.7)); 9
((10.10,9.9),(2.2,8.8)); 9
((10.10,9.9),(3.3,4.4)); 100
((10.10,9.9),(3.3,5.5)); 7
((10.10,9.9),(3.3,6.6)); 7
((10.10,9.9),(3.3,7.7)); 9
((10.10,9.9),(3.3,8.8)); 9
((10.10,9.9),(4.4,5.5)); 7
((10.10,9.9),(4.4,6.6)); 7
((10.10,9.9),(4.4,7.7)); 9
((10.10,9.9),(4.4,8.8)); 9
((10.10,9.9),(5.5,6.6)); 100
((10.10,9.9),(5.5,7.7)); 58
((10.10,9.9),(5.5,8.8)); 58
((10.10,9.9),(6.6,7.7)); 58
((10.10,9.9),(6.6,8.8)); 58
((10.10,9.9),(7.7,8.8)); 98
((11.11,2.2),(3.3,4.4)); 8
((11.11,2.2),(5.5,6.6)); 100
((11.11,2.2),(5.5,7.7)); 100
((11.11,2.2),(5.5,8.8)); 100
((11.11,2.2),(5.5,9.9)); 100
((11.11,2.2),(6.6,7.7)); 100
((11.11,2.2),(6.6,8.8)); 100
((11.11,2.2),(6.6,9.9)); 100
((11.11,2.2),(7.7,8.8)); 100
((11.11,2.2),(7.7,9.9)); 100
((11.11,2.2),(8.8,9.9)); 100
((11.11,3.3),(2.2,4.4)); 4
((11.11,3.3),(5.5,6.6)); 100
((11.11,3.3),(5.5,7.7)); 100
((11.11,3.3),(5.5,8.8)); 100
((11.11,3.3),(5.5,9.9)); 100
((11.11,3.3),(6.6,7.7)); 100
((11.11,3.3),(6.6,8.8)); 100
((11.11,3.3),(6.6,9.9)); 100
((11.11,3.3),(7.7,8.8)); 100
((11.11,3.3),(7.7,9.9)); 100
((11.11,3.3),(8.8,9.9)); 100
((11.11,4.4),(2.2,3.3)); 88
((11.11,4.4),(5.5,6.6)); 100
((11.11,4.4),(5.5,7.7)); 100
((11.11,4.4),(5.5,8.8)); 100
((11.11,4.4),(5.5,9.9)); 100
((11.11,4.4),(6.6,7.7)); 100
((11.11,4.4),(6.6,8.8)); 100
((11.11,4.4),(6.6,9.9)); 100
((11.11,4.4),(7.7,8.8)); 100
((11.11,4.4),(7.7,9.9)); 100
((11.11,4.4),(8.8,9.9)); 100
((11.11,5.5),(2.2,3.3)); 100
((11.11,5.5),(2.2,4.4)); 100
((11.11,5.5),(3.3,4.4)); 100
((11.11,5.5),(6.6,7.7)); 1
((11.11,5.5),(6.6,8.8)); 1
((11.11,5.5),(7.7,8.8)); 98
((11.11,5.5),(7.7,9.9)); 21
((11.11,5.5),(8.8,9.9)); 21
((11.11,6.6),(2.2,3.3)); 100
((11.11,6.6),(2.2,4.4)); 100
((11.11,6.6),(3.3,4.4)); 100
((11.11,6.6),(5.5,7.7)); 1
((11.11,6.6),(5.5,8.8)); 1
((11.11,6.6),(5.5,9.9)); 1
((11.11,6.6),(7.7,8.8)); 98
((11.11,6.6),(7.7,9.9)); 21
((11.11,6.6),(8.8,9.9)); 21
((11.11,7.7),(2.2,3.3)); 100
((11.11,7.7),(2.2,4.4)); 100
((11.11,7.7),(3.3,4.4)); 100
((11.11,7.7),(5.5,6.6)); 98
((11.11,7.7),(5.5,8.8)); 1
((11.11,7.7),(5.5,9.9)); 22
((11.11,7.7),(6.6,8.8)); 1
((11.11,7.7),(6.6,9.9)); 21
((11.11,7.7),(8.8,9.9)); 1
((11.11,8.8),(2.2,3.3)); 100
((11.11,8.8),(2.2,4.4)); 100
((11.11,8.8),(3.3,4.4)); 100
((11.11,8.8),(5.5,6.6)); 98
((11.11,8.8),(5.5,7.7)); 1
((11.11,8.8),(5.5,9.9)); 22
((11.11,8.8),(6.6,7.7)); 1
((11.11,8.8),(6.6,9.9)); 21
((11.11,8.8),(7.7,9.9)); 1
((11.11,9.9),(2.2,3.3)); 100
((11.11,9.9),(2.2,4.4)); 100
((11.11,9.9),(3.3,4.4)); 100
((11.11,9.9),(5.5,6.6)); 99
((11.11,9.9),(5.5,7.7)); 57
((11.11,9.9),(5.5,8.8)); 57
((11.11,9.9),(6.6,7.7)); 58
((11.11,9.9),(6.6,8.8)); 58
((11.11,9.9),(7.7,8.8)); 98
((2.2,3.3),(4.4,5.5)); 88
((2.2,3.3),(4.4,6.6)); 88
((2.2,3.3),(4.4,7.7)); 88
((2.2,3.3),(4.4,8.8)); 88
((2.2,3.3),(4.4,9.9)); 88
((2.2,3.3),(5.5,6.6)); 100
((2.2,3.3),(5.5,7.7)); 100
((2.2,3.3),(5.5,8.8)); 100
((2.2,3.3),(5.5,9.9)); 100
((2.2,3.3),(6.6,7.7)); 100
((2.2,3.3),(6.6,8.8)); 100
((2.2,3.3),(6.6,9.9)); 100
((2.2,3.3),(7.7,8.8)); 100
((2.2,3.3),(7.7,9.9)); 100
((2.2,3.3),(8.8,9.9)); 100
((2.2,4.4),(3.3,5.5)); 4
((2.2,4.4),(3.3,6.6)); 4
((2.2,4.4),(3.3,7.7)); 4
((2.2,4.4),(3.3,8.8)); 4
((2.2,4.4),(3.3,9.9)); 4
((2.2,4.4),(5.5,6.6)); 100
((2.2,4.4),(5.5,7.7)); 100
((2.2,4.4),(5.5,8.8)); 100
((2.2,4.4),(5.5,9.9)); 100
((2.2,4.4),(6.6,7.7)); 100
((2.2,4.4),(6.6,8.8)); 100
((2.2,4.4),(6.6,9.9)); 100
((2.2,4.4),(7.7,8.8)); 100
((2.2,4.4),(7.7,9.9)); 100
((2.2,4.4),(8.8,9.9)); 100
((2.2,5.5),(3.3,4.4)); 8
((2.2,5.5),(6.6,7.7)); 1
((2.2,5.5),(6.6,8.8)); 1
((2.2,5.5),(7.7,8.8)); 98
((2.2,5.5),(7.7,9.9)); 21
((2.2,5.5),(8.8,9.9)); 21
((2.2,6.6),(3.3,4.4)); 8
((2.2,6.6),(5.5,7.7)); 1
((2.2,6.6),(5.5,8.8)); 1
((2.2,6.6),(5.5,9.9)); 1
((2.2,6.6),(7.7,8.8)); 98
((2.2,6.6),(7.7,9.9)); 21
((2.2,6.6),(8.8,9.9)); 21
((2.2,7.7),(3.3,4.4)); 8
((2.2,7.7),(5.5,6.6)); 98
((2.2,7.7),(5.5,8.8)); 1
((2.2,7.7),(5.5,9.9)); 22
((2.2,7.7),(6.6,8.8)); 1
((2.2,7.7),(6.6,9.9)); 21
((2.2,7.7),(8.8,9.9)); 1
((2.2,8.8),(3.3,4.4)); 8
((2.2,8.8),(5.5,6.6)); 98
((2.2,8.8),(5.5,7.7)); 1
((2.2,8.8),(5.5,9.9)); 22
((2.2,8.8),(6.6,7.7)); 1
((2.2,8.8),(6.6,9.9)); 21
((2.2,8.8),(7.7,9.9)); 1
((2.2,9.9),(3.3,4.4)); 8
((2.2,9.9),(5.5,6.6)); 99
((2.2,9.9),(5.5,7.7)); 57
((2.2,9.9),(5.5,8.8)); 57
((2.2,9.9),(6.6,7.7)); 58
((2.2,9.9),(6.6,8.8)); 58
((2.2,9.9),(7.7,8.8)); 98
((3.3,4.4),(5.5,6.6)); 100
((3.3,4.4),(5.5,7.7)); 100
((3.3,4.4),(5.5,8.8)); 100
((3.3,4.4),(5.5,9.9)); 100
((3.3,4.4),(6.6,7.7)); 100
((3.3,4.4),(6.6,8.8)); 100
((3.3,4.4),(6.6,9.9)); 100
((3.3,4.4),(7.7,8.8)); 100
((3.3,4.4),(7.7,9.9)); 100
((3.3,4.4),(8.8,9.9)); 100
((3.3,5.5),(6.6,7.7)); 1
((3.3,5.5),(6.6,8.8)); 1
((3.3,5.5),(7.7,8.8)); 98
((3.3,5.5),(7.7,9.9)); 21
((3.3,5.5),(8.8,9.9)); 21
((3.3,6.6),(5.5,7.7)); 1
((3.3,6.6),(5.5,8.8)); 1
((3.3,6.6),(5.5,9.9)); 1
((3.3,6.6),(7.7,8.8)); 98
((3.3,6.6),(7.7,9.9)); 21
((3.3,6.6),(8.8,9.9)); 21
((3.3,7.7),(5.5,6.6)); 98
((3.3,7.7),(5.5,8.8)); 1
((3.3,7.7),(5.5,9.9)); 22
((3.3,7.7),(6.6,8.8)); 1
((3.3,7.7),(6.6,9.9)); 21
((3.3,7.7),(8.8,9.9)); 1
((3.3,8.8),(5.5,6.6)); 98
((3.3,8.8),(5.5,7.7)); 1
((3.3,8.8),(5.5,9.9)); 22
((3.3,8.8),(6.6,7.7)); 1
((3.3,8.8),(6.6,9.9)); 21
((3.3,8.8),(7.7,9.9)); 1
((3.3,9.9),(5.5,6.6)); 99
((3.3,9.9),(5.5,7.7)); 57
((3.3,9.9),(5.5,8.8)); 57
((3.3,9.9),(6.6,7.7)); 58
((3.3,9.9),(6.6,8.8)); 58
((3.3,9.9),(7.7,8.8)); 98
((4.4,5.5),(6.6,7.7)); 1
((4.4,5.5),(6.6,8.8)); 1
((4.4,5.5),(7.7,8.8)); 98
((4.4,5.5),(7.7,9.9)); 21
((4.4,5.5),(8.8,9.9)); 21
((4.4,6.6),(5.5,7.7)); 1
((4.4,6.6),(5.5,8.8)); 1
((4.4,6.6),(5.5,9.9)); 1
((4.4,6.6),(7.7,8.8)); 98
((4.4,6.6),(7.7,9.9)); 21
((4.4,6.6),(8.8,9.9)); 21
((4.4,7.7),(5.5,6.6)); 98
((4.4,7.7),(5.5,8.8)); 1
((4.4,7.7),(5.5,9.9)); 22
((4.4,7.7),(6.6,8.8)); 1
((4.4,7.7),(6.6,9.9)); 21
((4.4,7.7),(8.8,9.9)); 1
((4.4,8.8),(5.5,6.6)); 98
((4.4,8.8),(5.5,7.7)); 1
((4.4,8.8),(5.5,9.9)); 22
((4.4,8.8),(6.6,7.7)); 1
((4.4,8.8),(6.6,9.9)); 21
((4.4,8.8),(7.7,9.9)); 1
((4.4,9.9),(5.5,6.6)); 99
((4.4,9.9),(5.5,7.7)); 57
((4.4,9.9),(5.5,8.8)); 57
((4.4,9.9),(6.6,7.7)); 58
((4.4,9.9),(6.6,8.8)); 58
((4.4,9.9),(7.7,8.8)); 98
((5.5,6.6),(7.7,8.8)); 100
((5.5,6.6),(7.7,9.9)); 98
((5.5,6.6),(8.8,9.9)); 98
((5.5,7.7),(6.6,9.9)); 1
((5.5,7.7),(8.8,9.9)); 1
((5.5,8.8),(6.6,9.9)); 1
((5.5,8.8),(7.7,9.9)); 1
((5.5,9.9),(6.6,7.7)); 1
((5.5,9.9),(6.6,8.8)); 1
((5.5,9.9),(7.7,8.8)); 98
((6.6,7.7),(8.8,9.9)); 1
((6.6,8.8),(7.7,9.9)); 1
((6.6,9.9),(7.7,8.8)); 98
