((1.1,10.10),(2.2,3.3)); 27
((1.1,10.10),(2.2,4.4)); 1
((1.1,10.10),(3.3,4.4)); 4
((1.1,10.10),(5.5,6.6)); 100
((1.1,10.10),(5.5,7.7)); 93
((1.1,10.10),(5.5,8.8)); 93
((1.1,10.10),(5.5,9.9)); 87
((1.1,10.10),(6.6,7.7)); 93
((1.1,10.10),(6.6,8.8)); 93
((1.1,10.10),(6.6,9.9)); 87
((1.1,10.10),(7.7,8.8)); 100
((1.1,10.10),(7.7,9.9)); 86
((1.1,10.10),(8.8,9.9)); 86
((1.1,11.11),(10.10,5.5)); 100
((1.1,11.11),(10.10,6.6)); 100
((1.1,11.11),(10.10,7.7)); 100
((1.1,11.11),(10.10,8.8)); 100
((1.1,11.11),(10.10,9.9)); 100
((1.1,11.11),(2.2,3.3)); 27
((1.1,11.11),(2.2,4.4)); 1
((1.1,11.11),(3.3,4.4)); 4
((1.1,11.11),(5.5,6.6)); 100
((1.1,11.11),(5.5,7.7)); 100
((1.1,11.11),(5.5,8.8)); 100
((1.1,11.11),(5.5,9.9)); 100
((1.1,11.11),(6.6,7.7)); 100
((1.1,11.11),(6.6,8.8)); 100
((1.1,11.11),(6.6,9.9)); 100
((1.1,11.11),(7.7,8.8)); 100
((1.1,11.11),(7.7,9.9)); 100
((1.1,11.11),(8.8,9.9)); 100
((1.1,2.2),(10.10,11.11)); 100
((1.1,2.2),(10.10,3.3)); 52
((1.1,2.2),(10.10,4.4)); 94
((1.1,2.2),(10.10,5.5)); 100
((1.1,2.2),(10.10,6.6)); 100
((1.1,2.2),(10.10,7.7)); 100
((1.1,2.2),(10.10,8.8)); 100
((1.1,2.2),(10.10,9.9)); 100
((1.1,2.2),(11.11,3.3)); 52
((1.1,2.2),(11.11,4.4)); 94
((1.1,2.2),(11.11,5.5)); 100
((1.1,2.2),(11.11,6.6)); 100
((1.1,2.2),(11.11,7.7)); 100
((1.1,2.2),(11.11,8.8)); 100
((1.1,2.2),(11.11,9.9)); 100
((1.1,2.2),(3.3,4.4)); 52
((1.1,2.2),(3.3,5.5)); 52
((1.1,2.2),(3.3,6.6)); 52
((1.1,2.2),(3.3,7.7)); 52
((1.1,2.2),(3.3,8.8)); 52
((1.1,2.2),(3.3,9.9)); 52
((1.1,2.2),(4.4,5.5)); 94
((1.1,2.2),(4.4,6.6)); 94
((1.1,2.2),(4.4,7.7)); 94
((1.1,2.2),(4.4,8.8)); 94
((1.1,2.2),(4.4,9.9)); 94
((1.1,2.2),(5.5,6.6)); 100
((1.1,2.2),(5.5,7.7)); 100
((1.1,2.2),(5.5,8.8)); 100
((1.1,2.2),(5.5,9.9)); 100
((1.1,2.2),(6.6,7.7)); 100
((1.1,2.2),(6.6,8.8)); 100
((1.1,2.2),(6.6,9.9)); 100
((1.1,2.2),(7.7,8.8)); 100
((1.1,2.2),(7.7,9.9)); 100
((1.1,2.2),(8.8,9.9)); 100
((1.1,3.3),(10.10,11.11)); 100
((1.1,3.3),(10.10,2.2)); 21
((1.1,3.3),(10.10,4.4)); 92
((1.1,3.3),(10.10,5.5)); 100
((1.1,3.3),(10.10,6.6)); 100
((1.1,3.3),(10.10,7.7)); 100
((1.1,3.3),(10.10,8.8)); 100
((1.1,3.3),(10.10,9.9)); 100
((1.1,3.3),(11.11,2.2)); 21
((1.1,3.3),(11.11,4.4)); 92
((1.1,3.3),(11.11,5.5)); 100
((1.1,3.3),(11.11,6.6)); 100
((1.1,3.3),(11.11,7.7)); 100
((1.1,3.3),(11.11,8.8)); 100
((1.1,3.3),(11.11,9.9)); 100
((1.1,3.3),(2.2,4.4)); 21
((1.1,3.3),(2.2,5.5)); 21
((1.1,3.3),(2.2,6.6)); 21
((1.1,3.3),(2.2,7.7)); 21
((1.1,3.3),(2.2,8.8)); 21
((1.1,3.3),(2.2,9.9)); 21
((1.1,3.3),(4.4,5.5)); 92
((1.1,3.3),(4.4,6.6)); 92
((1.1,3.3),(4.4,7.7)); 92
((1.1,3.3),(4.4,8.8)); 92
((1.1,3.3),(4.4,9.9)); 92
((1.1,3.3),(5.5,6.6)); 100
((1.1,3.3),(5.5,7.7)); 100
((1.1,3.3),(5.5,8.8)); 100
((1.1,3.3),(5.5,9.9)); 100
((1.1,3.3),(6.6,7.7)); 100
((1.1,3.3),(6.6,8.8)); 100
((1.1,3.3),(6.6,9.9)); 100
((1.1,3.3),(7.7,8.8)); 100
((1.1,3.3),(7.7,9.9)); 100
((1.1,3.3),(8.8,9.9)); 100
((1.1,4.4),(10.10,11.11)); 100
((1.1,4.4),(10.10,2.2)); 5
((1.1,4.4),(10.10,3.3)); 4
((1.1,4.4),(10.10,5.5)); 100
((1.1,4.4),(10.10,6.6)); 100
((1.1,4.4),(10.10,7.7)); 100
((1.1,4.4),(10.10,8.8)); 100
((1.1,4.4),(10.10,9.9)); 100
((1.1,4.4),(11.11,2.2)); 5
((1.1,4.4),(11.11,3.3)); 4
((1.1,4.4),(11.11,5.5)); 100
((1.1,4.4),(11.11,6.6)); 100
((1.1,4.4),(11.11,7.7)); 100
((1.1,4.4),(11.11,8.8)); 100
((1.1,4.4),(11.11,9.9)); 100
((1.1,4.4),(2.2,3.3)); 27
((1.1,4.4),(2.2,5.5)); 5
((1.1,4.4),(2.2,6.6)); 5
((1.1,4.4),(2.2,7.7)); 5
((1.1,4.4),(2.2,8.8)); 5
((1.1,4.4),(2.2,9.9)); 5
((1.1,4.4),(3.3,5.5)); 4
((1.1,4.4),(3.3,6.6)); 4
((1.1,4.4),(3.3,7.7)); 4
((1.1,4.4),(3.3,8.8)); 4
((1.1,4.4),(3.3,9.9)); 4
((1.1,4.4),(5.5,6.6)); 100
((1.1,4.4),(5.5,7.7)); 100
((1.1,4.4),(5.5,8.8)); 100
((1.1,4.4),(5.5,9.9)); 100
((1.1,4.4),(6.6,7.7)); 100
((1.1,4.4),(6.6,8.8)); 100
((1.1,4.4),(6.6,9.9)); 100
((1.1,4.4),(7.7,8.8)); 100
((1.1,4.4),(7.7,9.9)); 100
((1.1,4.4),(8.8,9.9)); 100
((1.1,5.5),(10.10,7.7)); 2
((1.1,5.5),(10.10,8.8)); 2
((1.1,5.5),(10.10,9.9)); 9
((1.1,5.5),(2.2,3.3)); 27
((1.1,5.5),(2.2,4.4)); 1
((1.1,5.5),(3.3,4.4)); 4
((1.1,5.5),(7.7,8.8)); 100
((1.1,5.5),(7.7,9.9)); 24
((1.1,5.5),(8.8,9.9)); 24
((1.1,6.6),(10.10,7.7)); 2
((1.1,6.6),(10.10,8.8)); 2
((1.1,6.6),(10.10,9.9)); 9
((1.1,6.6),(2.2,3.3)); 27
((1.1,6.6),(2.2,4.4)); 1
((1.1,6.6),(3.3,4.4)); 4
((1.1,6.6),(5.5,7.7)); 1
((1.1,6.6),(5.5,8.8)); 1
((1.1,6.6),(7.7,8.8)); 100
((1.1,6.6),(7.7,9.9)); 24
((1.1,6.6),(8.8,9.9)); 24
((1.1,7.7),(10.10,5.5)); 5
((1.1,7.7),(10.10,6.6)); 5
((1.1,7.7),(10.10,9.9)); 11
((1.1,7.7),(2.2,3.3)); 27
((1.1,7.7),(2.2,4.4)); 1
((1.1,7.7),(3.3,4.4)); 4
((1.1,7.7),(5.5,6.6)); 99
((1.1,7.7),(5.5,9.9)); 15
((1.1,7.7),(6.6,9.9)); 15
((1.1,8.8),(10.10,5.5)); 5
((1.1,8.8),(10.10,6.6)); 5
((1.1,8.8),(10.10,9.9)); 11
((1.1,8.8),(2.2,3.3)); 27
((1.1,8.8),(2.2,4.4)); 1
((1.1,8.8),(3.3,4.4)); 4
((1.1,8.8),(5.5,6.6)); 99
((1.1,8.8),(5.5,9.9)); 15
((1.1,8.8),(6.6,9.9)); 15
((1.1,8.8),(7.7,9.9)); 1
((1.1,9.9),(10.10,5.5)); 4
((1.1,9.9),(10.10,6.6)); 4
((1.1,9.9),(10.10,7.7)); 3
((1.1,9.9),(10.10,8.8)); 3
((1.1,9.9),(2.2,3.3)); 27
((1.1,9.9),(2.2,4.4)); 1
((1.1,9.9),(3.3,4.4)); 4
((1.1,9.9),(5.5,6.6)); 100
((1.1,9.9),(5.5,7.7)); 61
((1.1,9.9),(5.5,8.8)); 61
((1.1,9.9),(6.6,7.7)); 61
((1.1,9.9),(6.6,8.8)); 61
((1.1,9.9),(7.7,8.8)); 99
((10.10,11.11),(2.2,3.3)); 100
((10.10,11.11),(2.2,4.4)); 100
((10.10,11.11),(3.3,4.4)); 100
((10.10,11.11),(5.5,6.6)); 100
((10.10,11.11),(5.5,7.7)); 93
((10.10,11.11),(5.5,8.8)); 93
((10.10,11.11),(5.5,9.9)); 87
((10.10,11.11),(6.6,7.7)); 93
((10.10,11.11),(6.6,8.8)); 93
((10.10,11.11),(6.6,9.9)); 87
((10.10,11.11),(7.7,8.8)); 100
((10.10,11.11),(7.7,9.9)); 86
((10.10,11.11),(8.8,9.9)); 86
((10.10,2.2),(3.3,4.4)); 5
((10.10,2.2),(5.5,6.6)); 100
((10.10,2.2),(5.5,7.7)); 93
((10.10,2.2),(5.5,8.8)); 93
((10.10,2.2),(5.5,9.9)); 87
((10.10,2.2),(6.6,7.7)); 93
((10.10,2.2),(6.6,8.8)); 93
((10.10,2.2),(6.6,9.9)); 87
((10.10,2.2),(7.7,8.8)); 100
((10.10,2.2),(7.7,9.9)); 86
((10.10,2.2),(8.8,9.9)); 86
((10.10,3.3),(2.2,4.4)); 1
((10.10,3.3),(5.5,6.6)); 100
((10.10,3.3),(5.5,7.7)); 93
((10.10,3.3),(5.5,8.8)); 93
((10.10,3.3),(5.5,9.9)); 87
((10.10,3.3),(6.6,7.7)); 93
((10.10,3.3),(6.6,8.8)); 93
((10.10,3.3),(6.6,9.9)); 87
((10.10,3.3),(7.7,8.8)); 100
((10.10,3.3),(7.7,9.9)); 86
((10.10,3.3),(8.8,9.9)); 86
((10.10,4.4),(2.2,3.3)); 94
((10.10,4.4),(5.5,6.6)); 100
((10.10,4.4),(5.5,7.7)); 93
((10.10,4.4),(5.5,8.8)); 93
((10.10,4.4),(5.5,9.9)); 87
((10.10,4.4),(6.6,7.7)); 93
((10.10,4.4),(6.6,8.8)); 93
((10.10,4.4),(6.6,9.9)); 87
((10.10,4.4),(7.7,8.8)); 100
((10.10,4.4),(7.7,9.9)); 86
((10.10,4.4),(8.8,9.9)); 86
((10.10,5.5),(11.11,2.2)); 100
((10.10,5.5),(11.11,3.3)); 100
((10.10,5.5),(11.11,4.4)); 100
((10.10,5.5),(11.11,7.7)); 5
((10.10,5.5),(11.11,8.8)); 5
((10.10,5.5),(11.11,9.9)); 4
((10.10,5.5),(2.2,3.3)); 100
((10.10,5.5),(2.2,4.4)); 100
((10.10,5.5),(2.2,7.7)); 5
((10.10,5.5),(2.2,8.8)); 5
((10.10,5.5),(2.2,9.9)); 4
((10.10,5.5),(3.3,4.4)); 100
((10.10,5.5),(3.3,7.7)); 5
((10.10,5.5),(3.3,8.8)); 5
((10.10,5.5),(3.3,9.9)); 4
((10.10,5.5),(4.4,7.7)); 5
((10.10,5.5),(4.4,8.8)); 5
((10.10,5.5),(4.4,9.9)); 4
((10.10,5.5),(7.7,8.8)); 100
((10.10,5.5),(7.7,9.9)); 24
((10.10,5.5),(8.8,9.9)); 24
((10.10,6.6),(11.11,2.2)); 100
((10.10,6.6),(11.11,3.3)); 100
((10.10,6.6),(11.11,4.4)); 100
((10.10,6.6),(11.11,7.7)); 5
((10.10,6.6),(11.11,8.8)); 5
((10.10,6.6),(11.11,9.9)); 4
((10.10,6.6),(2.2,3.3)); 100
((10.10,6.6),(2.2,4.4)); 100
((10.10,6.6),(2.2,7.7)); 5
((10.10,6.6),(2.2,8.8)); 5
((10.10,6.6),(2.2,9.9)); 4
((10.10,6.6),(3.3,4.4)); 100
((10.10,6.6),(3.3,7.7)); 5
((10.10,6.6),(3.3,8.8)); 5
((10.10,6.6),(3.3,9.9)); 4
((10.10,6.6),(4.4,7.7)); 5
((10.10,6.6),(4.4,8.8)); 5
((10.10,6.6),(4.4,9.9)); 4
((10.10,6.6),(5.5,7.7)); 1
((10.10,6.6),(5.5,8.8)); 1
((10.10,6.6),(7.7,8.8)); 100
((10.10,6.6),(7.7,9.9)); 24
((10.10,6.6),(8.8,9.9)); 24
((10.10,7.7),(11.11,2.2)); 100
((10.10,7.7),(11.11,3.3)); 100
((10.10,7.7),(11.11,4.4)); 100
((10.10,7.7),(11.11,5.5)); 2
((10.10,7.7),(11.11,6.6)); 2
((10.10,7.7),(11.11,9.9)); 3
((10.10,7.7),(2.2,3.3)); 100
((10.10,7.7),(2.2,4.4)); 100
((10.10,7.7),(2.2,5.5)); 2
((10.10,7.7),(2.2,6.6)); 2
((10.10,7.7),(2.2,9.9)); 3
((10.10,7.7),(3.3,4.4)); 100
((10.10,7.7),(3.3,5.5)); 2
((10.10,7.7),(3.3,6.6)); 2
((10.10,7.7),(3.3,9.9)); 3
((10.10,7.7),(4.4,5.5)); 2
((10.10,7.7),(4.4,6.6)); 2
((10.10,7.7),(4.4,9.9)); 3
((10.10,7.7),(5.5,6.6)); 99
((10.10,7.7),(5.5,9.9)); 15
((10.10,7.7),(6.6,9.9)); 15
((10.10,8.8),(11.11,2.2)); 100
((10.10,8.8),(11.11,3.3)); 100
((10.10,8.8),(11.11,4.4)); 100
((10.10,8.8),(11.11,5.5)); 2
((10.10,8.8),(11.11,6.6)); 2
((10.10,8.8),(11.11,9.9)); 3
((10.10,8.8),(2.2,3.3)); 100
((10.10,8.8),(2.2,4.4)); 100
((10.10,8.8),(2.2,5.5)); 2
((10.10,8.8),(2.2,6.6)); 2
((10.10,8.8),(2.2,9.9)); 3
((10.10,8.8),(3.3,4.4)); 100
((10.10,8.8),(3.3,5.5)); 2
((10.10,8.8),(3.3,6.6)); 2
((10.10,8.8),(3.3,9.9)); 3
((10.10,8.8),(4.4,5.5)); 2
((10.10,8.8),(4.4,6.6)); 2
((10.10,8.8),(4.4,9.9)); 3
((10.10,8.8),(5.5,6.6)); 99
((10.10,8.8),(5.5,9.9)); 15
((10.10,8.8),(6.6,9.9)); 15
((10.10,8.8),(7.7,9.9)); 1
((10.10,9.9),(11.11,2.2)); 100
((10.10,9.9),(11.11,3.3)); 100
((10.10,9.9),(11.11,4.4)); 100
((10.10,9.9),(11.11,5.5)); 9
((10.10,9.9),(11.11,6.6)); 9
((10.10,9.9),(11.11,7.7)); 11
((10.10,9.9),(11.11,8.8)); 11
((10.10,9.9),(2.2,3.3)); 100
((10.10,9.9),(2.2,4.4)); 100
((10.10,9.9),(2.2,5.5)); 9
((10.10,9.9),(2.2,6.6)); 9
((10.10,9.9),(2.2,7.7)); 11
((10.10,9.9),(2.2,8.8)); 11
((10.10,9.9),(3.3,4.4)); 100
((10.10,9.9),(3.3,5.5)); 9
((10.10,9.9),(3.3,6.6)); 9
((10.10,9.9),(3.3,7.7)); 11
((10.10,9.9),(3.3,8.8)); 11
((10.10,9.9),(4.4,5.5)); 9
((10.10,9.9),(4.4,6.6)); 9
((10.10,9.9),(4.4,7.7)); 11
((10.10,9.9),(4.4,8.8)); 11
((10.10,9.9),(5.5,6.6)); 100
((10.10,9.9),(5.5,7.7)); 61
((10.10,9.9),(5.5,8.8)); 61
((10.10,9.9),(6.6,7.7)); 61
((10.10,9.9),(6.6,8.8)); 61
((10.10,9.9),(7.7,8.8)); 99
((11.11,2.2),(3.3,4.4)); 5
((11.11,2.2),(5.5,6.6)); 100
((11.11,2.2),(5.5,7.7)); 100
((11.11,2.2),(5.5,8.8)); 100
((11.11,2.2),(5.5,9.9)); 100
((11.11,2.2),(6.6,7.7)); 100
((11.11,2.2),(6.6,8.8)); 100
((11.11,2.2),(6.6,9.9)); 100
((11.11,2.2),(7.7,8.8)); 100
((11.11,2.2),(7.7,9.9)); 100
((11.11,2.2),(8.8,9.9)); 100
((11.11,3.3),(2.2,4.4)); 1
((11.11,3.3),(5.5,6.6)); 100
((11.11,3.3),(5.5,7.7)); 100
((11.11,3.3),(5.5,8.8)); 100
((11.11,3.3),(5.5,9.9)); 100
((11.11,3.3),(6.6,7.7)); 100
((11.11,3.3),(6.6,8.8)); 100
((11.11,3.3),(6.6,9.9)); 100
((11.11,3.3),(7.7,8.8)); 100
((11.11,3.3),(7.7,9.9)); 100
((11.11,3.3),(8.8,9.9)); 100
((11.11,4.4),(2.2,3.3)); 94
((11.11,4.4),(5.5,6.6)); 100
((11.11,4.4),(5.5,7.7)); 100
((11.11,4.4),(5.5,8.8)); 100
((11.11,4.4),(5.5,9.9)); 100
((11.11,4.4),(6.6,7.7)); 100
((11.11,4.4),(6.6,8.8)); 100
((11.11,4.4),(6.6,9.9)); 100
((11.11,4.4),(7.7,8.8)); 100
((11.11,4.4),(7.7,9.9)); 100
((11.11,4.4),(8.8,9.9)); 100
((11.11,5.5),(2.2,3.3)); 100
((11.11,5.5),(2.2,4.4)); 100
((11.11,5.5),(3.3,4.4)); 100
((11.11,5.5),(7.7,8.8)); 100
((11.11,5.5),(7.7,9.9)); 24
((11.11,5.5),(8.8,9.9)); 24
((11.11,6.6),(2.2,3.3)); 100
((11.11,6.6),(2.2,4.4)); 100
((11.11,6.6),(3.3,4.4)); 100
((11.11,6.6),(5.5,7.7)); 1
((11.11,6.6),(5.5,8.8)); 1
((11.11,6.6),(7.7,8.8)); 100
((11.11,6.6),(7.7,9.9)); 24
((11.11,6.6),(8.8,9.9)); 24
((11.11,7.7),(2.2,3.3)); 100
((11.11,7.7),(2.2,4.4)); 100
((11.11,7.7),(3.3,4.4)); 100
((11.11,7.7),(5.5,6.6)); 99
((11.11,7.7),(5.5,9.9)); 15
((11.11,7.7),(6.6,9.9)); 15
((11.11,8.8),(2.2,3.3)); 100
((11.11,8.8),(2.2,4.4)); 100
((11.11,8.8),(3.3,4.4)); 100
((11.11,8.8),(5.5,6.6)); 99
((11.11,8.8),(5.5,9.9)); 15
((11.11,8.8),(6.6,9.9)); 15
((11.11,8.8),(7.7,9.9)); 1
((11.11,9.9),(2.2,3.3)); 100
((11.11,9.9),(2.2,4.4)); 100
((11.11,9.9),(3.3,4.4)); 100
((11.11,9.9),(5.5,6.6)); 100
((11.11,9.9),(5.5,7.7)); 61
((11.11,9.9),(5.5,8.8)); 61
((11.11,9.9),(6.6,7.7)); 61
((11.11,9.9),(6.6,8.8)); 61
((11.11,9.9),(7.7,8.8)); 99
((2.2,3.3),(4.4,5.5)); 94
((2.2,3.3),(4.4,6.6)); 94
((2.2,3.3),(4.4,7.7)); 94
((2.2,3.3),(4.4,8.8)); 94
((2.2,3.3),(4.4,9.9)); 94
((2.2,3.3),(5.5,6.6)); 100
((2.2,3.3),(5.5,7.7)); 100
((2.2,3.3),(5.5,8.8)); 100
((2.2,3.3),(5.5,9.9)); 100
((2.2,3.3),(6.6,7.7)); 100
((2.2,3.3),(6.6,8.8)); 100
((2.2,3.3),(6.6,9.9)); 100
((2.2,3.3),(7.7,8.8)); 100
((2.2,3.3),(7.7,9.9)); 100
((2.2,3.3),(8.8,9.9)); 100
((2.2,4.4),(3.3,5.5)); 1
((2.2,4.4),(3.3,6.6)); 1
((2.2,4.4),(3.3,7.7)); 1
((2.2,4.4),(3.3,8.8)); 1
((2.2,4.4),(3.3,9.9)); 1
((2.2,4.4),(5.5,6.6)); 100
((2.2,4.4),(5.5,7.7)); 100
((2.2,4.4),(5.5,8.8)); 100
((2.2,4.4),(5.5,9.9)); 100
((2.2,4.4),(6.6,7.7)); 100
((2.2,4.4),(6.6,8.8)); 100
((2.2,4.4),(6.6,9.9)); 100
((2.2,4.4),(7.7,8.8)); 100
((2.2,4.4),(7.7,9.9)); 100
((2.2,4.4),(8.8,9.9)); 100
((2.2,5.5),(3.3,4.4)); 5
((2.2,5.5),(7.7,8.8)); 100
((2.2,5.5),(7.7,9.9)); 24
((2.2,5.5),(8.8,9.9)); 24
((2.2,6.6),(3.3,4.4)); 5
((2.2,6.6),(5.5,7.7)); 1
((2.2,6.6),(5.5,8.8)); 1
((2.2,6.6),(7.7,8.8)); 100
((2.2,6.6),(7.7,9.9)); 24
((2.2,6.6),(8.8,9.9)); 24
((2.2,7.7),(3.3,4.4)); 5
((2.2,7.7),(5.5,6.6)); 99
((2.2,7.7),(5.5,9.9)); 15
((2.2,7.7),(6.6,9.9)); 15
((2.2,8.8),(3.3,4.4)); 5
((2.2,8.8),(5.5,6.6)); 99
((2.2,8.8),(5.5,9.9)); 15
((2.2,8.8),(6.6,9.9)); 15
((2.2,8.8),(7.7,9.9)); 1
((2.2,9.9),(3.3,4.4)); 5
((2.2,9.9),(5.5,6.6)); 100
((2.2,9.9),(5.5,7.7)); 61
((2.2,9.9),(5.5,8.8)); 61
((2.2,9.9),(6.6,7.7)); 61
((2.2,9.9),(6.6,8.8)); 61
((2.2,9.9),(7.7,8.8)); 99
((3.3,4.4),(5.5,6.6)); 100
((3.3,4.4),(5.5,7.7)); 100
((3.3,4.4),(5.5,8.8)); 100
((3.3,4.4),(5.5,9.9)); 100
((3.3,4.4),(6.6,7.7)); 100
((3.3,4.4),(6.6,8.8)); 100
((3.3,4.4),(6.6,9.9)); 100
((3.3,4.4),(7.7,8.8)); 100
((3.3,4.4),(7.7,9.9)); 100
((3.3,4.4),(8.8,9.9)); 100
((3.3,5.5),(7.7,8.8)); 100
((3.3,5.5),(7.7,9.9)); 24
((3.3,5.5),(8.8,9.9)); 24
((3.3,6.6),(5.5,7.7)); 1
((3.3,6.6),(5.5,8.8)); 1
((3.3,6.6),(7.7,8.8)); 100
((3.3,6.6),(7.7,9.9)); 24
((3.3,6.6),(8.8,9.9)); 24
((3.3,7.7),(5.5,6.6)); 99
((3.3,7.7),(5.5,9.9)); 15
((3.3,7.7),(6.6,9.9)); 15
((3.3,8.8),(5.5,6.6)); 99
((3.3,8.8),(5.5,9.9)); 15
((3.3,8.8),(6.6,9.9)); 15
((3.3,8.8),(7.7,9.9)); 1
((3.3,9.9),(5.5,6.6)); 100
((3.3,9.9),(5.5,7.7)); 61
((3.3,9.9),(5.5,8.8)); 61
((3.3,9.9),(6.6,7.7)); 61
((3.3,9.9),(6.6,8.8)); 61
((3.3,9.9),(7.7,8.8)); 99
((4.4,5.5),(7.7,8.8)); 100
((4.4,5.5),(7.7,9.9)); 24
((4.4,5.5),(8.8,9.9)); 24
((4.4,6.6),(5.5,7.7)); 1
((4.4,6.6),(5.5,8.8)); 1
((4.4,6.6),(7.7,8.8)); 100
((4.4,6.6),(7.7,9.9)); 24
((4.4,6.6),(8.8,9.9)); 24
((4.4,7.7),(5.5,6.6)); 99
((4.4,7.7),(5.5,9.9)); 15
((4.4,7.7),(6.6,9.9)); 15
((4.4,8.8),(5.5,6.6)); 99
((4.4,8.8),(5.5,9.9)); 15
((4.4,8.8),(6.6,9.9)); 15
((4.4,8.8),(7.7,9.9)); 1
((4.4,9.9),(5.5,6.6)); 100
((4.4,9.9),(5.5,7.7)); 61
((4.4,9.9),(5.5,8.8)); 61
((4.4,9.9),(6.6,7.7)); 61
((4.4,9.9),(6.6,8.8)); 61
((4.4,9.9),(7.7,8.8)); 99
((5.5,6.6),(7.7,8.8)); 100
((5.5,6.6),(7.7,9.9)); 99
((5.5,6.6),(8.8,9.9)); 99
((5.5,7.7),(6.6,9.9)); 1
((5.5,8.8),(6.6,9.9)); 1
((5.5,8.8),(7.7,9.9)); 1
((5.5,9.9),(7.7,8.8)); 99
((6.6,8.8),(7.7,9.9)); 1
((6.6,9.9),(7.7,8.8)); 99
