((1,10),(11,3)); 1
((1,10),(11,4)); 2
((1,10),(11,5)); 4
((1,10),(11,6)); 3
((1,10),(11,7)); 4
((1,10),(11,8)); 3
((1,10),(11,9)); 4
((1,10),(2,3)); 30
((1,10),(2,4)); 26
((1,10),(3,4)); 22
((1,10),(5,6)); 86
((1,10),(5,7)); 69
((1,10),(5,8)); 65
((1,10),(5,9)); 60
((1,10),(6,7)); 64
((1,10),(6,8)); 61
((1,10),(6,9)); 57
((1,10),(7,8)); 81
((1,10),(7,9)); 57
((1,10),(8,9)); 56
((1,11),(10,2)); 2
((1,11),(10,3)); 2
((1,11),(10,4)); 2
((1,11),(10,5)); 93
((1,11),(10,6)); 93
((1,11),(10,7)); 93
((1,11),(10,8)); 93
((1,11),(10,9)); 93
((1,11),(2,3)); 32
((1,11),(2,4)); 28
((1,11),(2,5)); 2
((1,11),(2,6)); 2
((1,11),(2,7)); 2
((1,11),(2,8)); 2
((1,11),(2,9)); 2
((1,11),(3,4)); 23
((1,11),(3,5)); 2
((1,11),(3,6)); 2
((1,11),(3,7)); 2
((1,11),(3,8)); 2
((1,11),(3,9)); 2
((1,11),(4,5)); 2
((1,11),(4,6)); 2
((1,11),(4,7)); 2
((1,11),(4,8)); 2
((1,11),(4,9)); 2
((1,11),(5,6)); 98
((1,11),(5,7)); 99
((1,11),(5,8)); 98
((1,11),(5,9)); 98
((1,11),(6,7)); 98
((1,11),(6,8)); 98
((1,11),(6,9)); 97
((1,11),(7,8)); 98
((1,11),(7,9)); 99
((1,11),(8,9)); 97
((1,2),(10,11)); 98
((1,2),(10,3)); 32
((1,2),(10,4)); 52
((1,2),(10,5)); 100
((1,2),(10,6)); 100
((1,2),(10,7)); 100
((1,2),(10,8)); 100
((1,2),(10,9)); 100
((1,2),(11,3)); 32
((1,2),(11,4)); 52
((1,2),(11,5)); 98
((1,2),(11,6)); 98
((1,2),(11,7)); 98
((1,2),(11,8)); 98
((1,2),(11,9)); 98
((1,2),(3,4)); 30
((1,2),(3,5)); 32
((1,2),(3,6)); 32
((1,2),(3,7)); 32
((1,2),(3,8)); 32
((1,2),(3,9)); 32
((1,2),(4,5)); 52
((1,2),(4,6)); 52
((1,2),(4,7)); 52
((1,2),(4,8)); 52
((1,2),(4,9)); 52
((1,2),(5,6)); 100
((1,2),(5,7)); 100
((1,2),(5,8)); 100
((1,2),(5,9)); 100
((1,2),(6,7)); 100
((1,2),(6,8)); 100
((1,2),(6,9)); 100
((1,2),(7,8)); 100
((1,2),(7,9)); 100
((1,2),(8,9)); 100
((1,3),(10,11)); 97
((1,3),(10,2)); 38
((1,3),(10,4)); 62
((1,3),(10,5)); 100
((1,3),(10,6)); 100
((1,3),(10,7)); 100
((1,3),(10,8)); 100
((1,3),(10,9)); 100
((1,3),(11,2)); 36
((1,3),(11,4)); 61
((1,3),(11,5)); 97
((1,3),(11,6)); 97
((1,3),(11,7)); 97
((1,3),(11,8)); 97
((1,3),(11,9)); 97
((1,3),(2,4)); 40
((1,3),(2,5)); 38
((1,3),(2,6)); 38
((1,3),(2,7)); 38
((1,3),(2,8)); 38
((1,3),(2,9)); 38
((1,3),(4,5)); 62
((1,3),(4,6)); 62
((1,3),(4,7)); 62
((1,3),(4,8)); 62
((1,3),(4,9)); 62
((1,3),(5,6)); 100
((1,3),(5,7)); 100
((1,3),(5,8)); 100
((1,3),(5,9)); 100
((1,3),(6,7)); 100
((1,3),(6,8)); 100
((1,3),(6,9)); 100
((1,3),(7,8)); 100
((1,3),(7,9)); 100
((1,3),(8,9)); 100
((1,4),(10,11)); 96
((1,4),(10,2)); 22
((1,4),(10,3)); 16
((1,4),(10,5)); 100
((1,4),(10,6)); 100
((1,4),(10,7)); 100
((1,4),(10,8)); 100
((1,4),(10,9)); 100
((1,4),(11,2)); 20
((1,4),(11,3)); 16
((1,4),(11,5)); 96
((1,4),(11,6)); 96
((1,4),(11,7)); 96
((1,4),(11,8)); 96
((1,4),(11,9)); 96
((1,4),(2,3)); 30
((1,4),(2,5)); 22
((1,4),(2,6)); 22
((1,4),(2,7)); 22
((1,4),(2,8)); 22
((1,4),(2,9)); 22
((1,4),(3,5)); 16
((1,4),(3,6)); 16
((1,4),(3,7)); 16
((1,4),(3,8)); 16
((1,4),(3,9)); 16
((1,4),(5,6)); 100
((1,4),(5,7)); 100
((1,4),(5,8)); 100
((1,4),(5,9)); 100
((1,4),(6,7)); 100
((1,4),(6,8)); 100
((1,4),(6,9)); 100
((1,4),(7,8)); 100
((1,4),(7,9)); 100
((1,4),(8,9)); 100
((1,5),(10,11)); 3
((1,5),(10,6)); 7
((1,5),(10,7)); 12
((1,5),(10,8)); 14
((1,5),(10,9)); 27
((1,5),(11,3)); 1
((1,5),(11,4)); 2
((1,5),(2,3)); 30
((1,5),(2,4)); 26
((1,5),(3,4)); 22
((1,5),(6,7)); 12
((1,5),(6,8)); 10
((1,5),(6,9)); 7
((1,5),(7,8)); 66
((1,5),(7,9)); 23
((1,5),(8,9)); 26
((1,6),(10,11)); 4
((1,6),(10,5)); 7
((1,6),(10,7)); 14
((1,6),(10,8)); 19
((1,6),(10,9)); 28
((1,6),(11,3)); 1
((1,6),(11,4)); 2
((1,6),(11,5)); 2
((1,6),(11,7)); 2
((1,6),(11,8)); 2
((1,6),(11,9)); 2
((1,6),(2,3)); 30
((1,6),(2,4)); 26
((1,6),(3,4)); 22
((1,6),(5,7)); 19
((1,6),(5,8)); 19
((1,6),(5,9)); 20
((1,6),(7,8)); 70
((1,6),(7,9)); 27
((1,6),(8,9)); 32
((1,7),(10,11)); 3
((1,7),(10,5)); 19
((1,7),(10,6)); 22
((1,7),(10,8)); 10
((1,7),(10,9)); 30
((1,7),(11,3)); 1
((1,7),(11,4)); 2
((1,7),(11,5)); 1
((1,7),(2,3)); 30
((1,7),(2,4)); 26
((1,7),(3,4)); 22
((1,7),(5,6)); 69
((1,7),(5,8)); 13
((1,7),(5,9)); 37
((1,7),(6,8)); 12
((1,7),(6,9)); 35
((1,7),(8,9)); 13
((1,8),(10,11)); 4
((1,8),(10,5)); 21
((1,8),(10,6)); 20
((1,8),(10,7)); 9
((1,8),(10,9)); 31
((1,8),(11,3)); 1
((1,8),(11,4)); 2
((1,8),(11,5)); 2
((1,8),(11,7)); 2
((1,8),(11,9)); 2
((1,8),(2,3)); 30
((1,8),(2,4)); 26
((1,8),(3,4)); 22
((1,8),(5,6)); 71
((1,8),(5,7)); 21
((1,8),(5,9)); 36
((1,8),(6,7)); 18
((1,8),(6,9)); 32
((1,8),(7,9)); 12
((1,9),(10,11)); 3
((1,9),(10,5)); 13
((1,9),(10,6)); 15
((1,9),(10,7)); 13
((1,9),(10,8)); 13
((1,9),(11,3)); 1
((1,9),(11,4)); 2
((1,9),(11,5)); 2
((1,9),(11,6)); 1
((1,9),(11,7)); 1
((1,9),(11,8)); 1
((1,9),(2,3)); 30
((1,9),(2,4)); 26
((1,9),(3,4)); 22
((1,9),(5,6)); 73
((1,9),(5,7)); 40
((1,9),(5,8)); 38
((1,9),(6,7)); 38
((1,9),(6,8)); 36
((1,9),(7,8)); 75
((10,11),(2,3)); 97
((10,11),(2,4)); 96
((10,11),(2,5)); 3
((10,11),(2,6)); 4
((10,11),(2,7)); 3
((10,11),(2,8)); 4
((10,11),(2,9)); 3
((10,11),(3,4)); 96
((10,11),(3,5)); 3
((10,11),(3,6)); 4
((10,11),(3,7)); 3
((10,11),(3,8)); 4
((10,11),(3,9)); 3
((10,11),(4,5)); 3
((10,11),(4,6)); 4
((10,11),(4,7)); 3
((10,11),(4,8)); 4
((10,11),(4,9)); 3
((10,11),(5,6)); 87
((10,11),(5,7)); 68
((10,11),(5,8)); 66
((10,11),(5,9)); 60
((10,11),(6,7)); 65
((10,11),(6,8)); 63
((10,11),(6,9)); 59
((10,11),(7,8)); 82
((10,11),(7,9)); 58
((10,11),(8,9)); 58
((10,2),(11,3)); 3
((10,2),(11,4)); 4
((10,2),(11,5)); 4
((10,2),(11,6)); 3
((10,2),(11,7)); 4
((10,2),(11,8)); 3
((10,2),(11,9)); 4
((10,2),(3,4)); 26
((10,2),(5,6)); 86
((10,2),(5,7)); 69
((10,2),(5,8)); 65
((10,2),(5,9)); 60
((10,2),(6,7)); 64
((10,2),(6,8)); 61
((10,2),(6,9)); 57
((10,2),(7,8)); 81
((10,2),(7,9)); 57
((10,2),(8,9)); 56
((10,3),(11,4)); 2
((10,3),(11,5)); 4
((10,3),(11,6)); 3
((10,3),(11,7)); 4
((10,3),(11,8)); 3
((10,3),(11,9)); 4
((10,3),(2,4)); 22
((10,3),(5,6)); 86
((10,3),(5,7)); 69
((10,3),(5,8)); 65
((10,3),(5,9)); 60
((10,3),(6,7)); 64
((10,3),(6,8)); 61
((10,3),(6,9)); 57
((10,3),(7,8)); 81
((10,3),(7,9)); 57
((10,3),(8,9)); 56
((10,4),(11,3)); 2
((10,4),(11,5)); 4
((10,4),(11,6)); 3
((10,4),(11,7)); 4
((10,4),(11,8)); 3
((10,4),(11,9)); 4
((10,4),(2,3)); 52
((10,4),(5,6)); 86
((10,4),(5,7)); 69
((10,4),(5,8)); 65
((10,4),(5,9)); 60
((10,4),(6,7)); 64
((10,4),(6,8)); 61
((10,4),(6,9)); 57
((10,4),(7,8)); 81
((10,4),(7,9)); 57
((10,4),(8,9)); 56
((10,5),(11,2)); 93
((10,5),(11,3)); 93
((10,5),(11,4)); 93
((10,5),(11,6)); 5
((10,5),(11,7)); 19
((10,5),(11,8)); 19
((10,5),(11,9)); 12
((10,5),(2,3)); 100
((10,5),(2,4)); 100
((10,5),(2,6)); 7
((10,5),(2,7)); 19
((10,5),(2,8)); 21
((10,5),(2,9)); 13
((10,5),(3,4)); 100
((10,5),(3,6)); 7
((10,5),(3,7)); 19
((10,5),(3,8)); 21
((10,5),(3,9)); 13
((10,5),(4,6)); 7
((10,5),(4,7)); 19
((10,5),(4,8)); 21
((10,5),(4,9)); 13
((10,5),(6,7)); 10
((10,5),(6,8)); 12
((10,5),(6,9)); 6
((10,5),(7,8)); 67
((10,5),(7,9)); 20
((10,5),(8,9)); 22
((10,6),(11,2)); 93
((10,6),(11,3)); 93
((10,6),(11,4)); 93
((10,6),(11,5)); 8
((10,6),(11,7)); 23
((10,6),(11,8)); 20
((10,6),(11,9)); 15
((10,6),(2,3)); 100
((10,6),(2,4)); 100
((10,6),(2,5)); 7
((10,6),(2,7)); 22
((10,6),(2,8)); 20
((10,6),(2,9)); 15
((10,6),(3,4)); 100
((10,6),(3,5)); 7
((10,6),(3,7)); 22
((10,6),(3,8)); 20
((10,6),(3,9)); 15
((10,6),(4,5)); 7
((10,6),(4,7)); 22
((10,6),(4,8)); 20
((10,6),(4,9)); 15
((10,6),(5,7)); 22
((10,6),(5,8)); 21
((10,6),(5,9)); 21
((10,6),(7,8)); 68
((10,6),(7,9)); 26
((10,6),(8,9)); 25
((10,7),(11,2)); 93
((10,7),(11,3)); 93
((10,7),(11,4)); 93
((10,7),(11,5)); 13
((10,7),(11,6)); 12
((10,7),(11,8)); 7
((10,7),(11,9)); 12
((10,7),(2,3)); 100
((10,7),(2,4)); 100
((10,7),(2,5)); 12
((10,7),(2,6)); 14
((10,7),(2,8)); 9
((10,7),(2,9)); 13
((10,7),(3,4)); 100
((10,7),(3,5)); 12
((10,7),(3,6)); 14
((10,7),(3,8)); 9
((10,7),(3,9)); 13
((10,7),(4,5)); 12
((10,7),(4,6)); 14
((10,7),(4,8)); 9
((10,7),(4,9)); 13
((10,7),(5,6)); 68
((10,7),(5,8)); 12
((10,7),(5,9)); 30
((10,7),(6,8)); 13
((10,7),(6,9)); 24
((10,7),(8,9)); 9
((10,8),(11,2)); 93
((10,8),(11,3)); 93
((10,8),(11,4)); 93
((10,8),(11,5)); 15
((10,8),(11,6)); 17
((10,8),(11,7)); 11
((10,8),(11,9)); 13
((10,8),(2,3)); 100
((10,8),(2,4)); 100
((10,8),(2,5)); 14
((10,8),(2,6)); 19
((10,8),(2,7)); 10
((10,8),(2,9)); 13
((10,8),(3,4)); 100
((10,8),(3,5)); 14
((10,8),(3,6)); 19
((10,8),(3,7)); 10
((10,8),(3,9)); 13
((10,8),(4,5)); 14
((10,8),(4,6)); 19
((10,8),(4,7)); 10
((10,8),(4,9)); 13
((10,8),(5,6)); 67
((10,8),(5,7)); 21
((10,8),(5,9)); 32
((10,8),(6,7)); 19
((10,8),(6,9)); 26
((10,8),(7,9)); 13
((10,9),(11,2)); 93
((10,9),(11,3)); 93
((10,9),(11,4)); 93
((10,9),(11,5)); 28
((10,9),(11,6)); 26
((10,9),(11,7)); 30
((10,9),(11,8)); 29
((10,9),(2,3)); 100
((10,9),(2,4)); 100
((10,9),(2,5)); 27
((10,9),(2,6)); 28
((10,9),(2,7)); 30
((10,9),(2,8)); 31
((10,9),(3,4)); 100
((10,9),(3,5)); 27
((10,9),(3,6)); 28
((10,9),(3,7)); 30
((10,9),(3,8)); 31
((10,9),(4,5)); 27
((10,9),(4,6)); 28
((10,9),(4,7)); 30
((10,9),(4,8)); 31
((10,9),(5,6)); 73
((10,9),(5,7)); 50
((10,9),(5,8)); 46
((10,9),(6,7)); 50
((10,9),(6,8)); 49
((10,9),(7,8)); 78
((11,2),(3,4)); 25
((11,2),(5,6)); 98
((11,2),(5,7)); 99
((11,2),(5,8)); 98
((11,2),(5,9)); 98
((11,2),(6,7)); 98
((11,2),(6,8)); 98
((11,2),(6,9)); 97
((11,2),(7,8)); 98
((11,2),(7,9)); 99
((11,2),(8,9)); 97
((11,3),(2,4)); 23
((11,3),(2,5)); 3
((11,3),(2,6)); 3
((11,3),(2,7)); 3
((11,3),(2,8)); 3
((11,3),(2,9)); 3
((11,3),(4,5)); 2
((11,3),(4,6)); 2
((11,3),(4,7)); 2
((11,3),(4,8)); 2
((11,3),(4,9)); 2
((11,3),(5,6)); 98
((11,3),(5,7)); 99
((11,3),(5,8)); 98
((11,3),(5,9)); 98
((11,3),(6,7)); 98
((11,3),(6,8)); 98
((11,3),(6,9)); 97
((11,3),(7,8)); 98
((11,3),(7,9)); 99
((11,3),(8,9)); 97
((11,4),(2,3)); 52
((11,4),(2,5)); 4
((11,4),(2,6)); 4
((11,4),(2,7)); 4
((11,4),(2,8)); 4
((11,4),(2,9)); 4
((11,4),(3,5)); 2
((11,4),(3,6)); 2
((11,4),(3,7)); 2
((11,4),(3,8)); 2
((11,4),(3,9)); 2
((11,4),(5,6)); 98
((11,4),(5,7)); 99
((11,4),(5,8)); 98
((11,4),(5,9)); 98
((11,4),(6,7)); 98
((11,4),(6,8)); 98
((11,4),(6,9)); 97
((11,4),(7,8)); 98
((11,4),(7,9)); 99
((11,4),(8,9)); 97
((11,5),(2,3)); 97
((11,5),(2,4)); 96
((11,5),(2,6)); 2
((11,5),(2,7)); 1
((11,5),(2,8)); 2
((11,5),(2,9)); 2
((11,5),(3,4)); 96
((11,5),(3,6)); 2
((11,5),(3,7)); 1
((11,5),(3,8)); 2
((11,5),(3,9)); 2
((11,5),(4,6)); 2
((11,5),(4,7)); 1
((11,5),(4,8)); 2
((11,5),(4,9)); 2
((11,5),(6,7)); 13
((11,5),(6,8)); 12
((11,5),(6,9)); 8
((11,5),(7,8)); 67
((11,5),(7,9)); 23
((11,5),(8,9)); 27
((11,6),(2,3)); 97
((11,6),(2,4)); 96
((11,6),(2,9)); 1
((11,6),(3,4)); 96
((11,6),(3,9)); 1
((11,6),(4,9)); 1
((11,6),(5,7)); 18
((11,6),(5,8)); 17
((11,6),(5,9)); 19
((11,6),(7,8)); 68
((11,6),(7,9)); 27
((11,6),(8,9)); 30
((11,7),(2,3)); 97
((11,7),(2,4)); 96
((11,7),(2,6)); 2
((11,7),(2,8)); 2
((11,7),(2,9)); 1
((11,7),(3,4)); 96
((11,7),(3,6)); 2
((11,7),(3,8)); 2
((11,7),(3,9)); 1
((11,7),(4,6)); 2
((11,7),(4,8)); 2
((11,7),(4,9)); 1
((11,7),(5,6)); 69
((11,7),(5,8)); 13
((11,7),(5,9)); 37
((11,7),(6,8)); 14
((11,7),(6,9)); 35
((11,7),(8,9)); 13
((11,8),(2,3)); 97
((11,8),(2,4)); 96
((11,8),(2,6)); 2
((11,8),(2,9)); 1
((11,8),(3,4)); 96
((11,8),(3,6)); 2
((11,8),(3,9)); 1
((11,8),(4,6)); 2
((11,8),(4,9)); 1
((11,8),(5,6)); 71
((11,8),(5,7)); 20
((11,8),(5,9)); 35
((11,8),(6,7)); 18
((11,8),(6,9)); 32
((11,8),(7,9)); 12
((11,9),(2,3)); 97
((11,9),(2,4)); 96
((11,9),(2,6)); 2
((11,9),(2,8)); 2
((11,9),(3,4)); 96
((11,9),(3,6)); 2
((11,9),(3,8)); 2
((11,9),(4,6)); 2
((11,9),(4,8)); 2
((11,9),(5,6)); 73
((11,9),(5,7)); 40
((11,9),(5,8)); 38
((11,9),(6,7)); 38
((11,9),(6,8)); 38
((11,9),(7,8)); 75
((2,3),(4,5)); 52
((2,3),(4,6)); 52
((2,3),(4,7)); 52
((2,3),(4,8)); 52
((2,3),(4,9)); 52
((2,3),(5,6)); 100
((2,3),(5,7)); 100
((2,3),(5,8)); 100
((2,3),(5,9)); 100
((2,3),(6,7)); 100
((2,3),(6,8)); 100
((2,3),(6,9)); 100
((2,3),(7,8)); 100
((2,3),(7,9)); 100
((2,3),(8,9)); 100
((2,4),(3,5)); 22
((2,4),(3,6)); 22
((2,4),(3,7)); 22
((2,4),(3,8)); 22
((2,4),(3,9)); 22
((2,4),(5,6)); 100
((2,4),(5,7)); 100
((2,4),(5,8)); 100
((2,4),(5,9)); 100
((2,4),(6,7)); 100
((2,4),(6,8)); 100
((2,4),(6,9)); 100
((2,4),(7,8)); 100
((2,4),(7,9)); 100
((2,4),(8,9)); 100
((2,5),(3,4)); 26
((2,5),(6,7)); 12
((2,5),(6,8)); 10
((2,5),(6,9)); 7
((2,5),(7,8)); 66
((2,5),(7,9)); 23
((2,5),(8,9)); 26
((2,6),(3,4)); 26
((2,6),(5,7)); 19
((2,6),(5,8)); 19
((2,6),(5,9)); 20
((2,6),(7,8)); 70
((2,6),(7,9)); 27
((2,6),(8,9)); 32
((2,7),(3,4)); 26
((2,7),(5,6)); 69
((2,7),(5,8)); 13
((2,7),(5,9)); 37
((2,7),(6,8)); 12
((2,7),(6,9)); 35
((2,7),(8,9)); 13
((2,8),(3,4)); 26
((2,8),(5,6)); 71
((2,8),(5,7)); 21
((2,8),(5,9)); 36
((2,8),(6,7)); 18
((2,8),(6,9)); 32
((2,8),(7,9)); 12
((2,9),(3,4)); 26
((2,9),(5,6)); 73
((2,9),(5,7)); 40
((2,9),(5,8)); 38
((2,9),(6,7)); 38
((2,9),(6,8)); 36
((2,9),(7,8)); 75
((3,4),(5,6)); 100
((3,4),(5,7)); 100
((3,4),(5,8)); 100
((3,4),(5,9)); 100
((3,4),(6,7)); 100
((3,4),(6,8)); 100
((3,4),(6,9)); 100
((3,4),(7,8)); 100
((3,4),(7,9)); 100
((3,4),(8,9)); 100
((3,5),(6,7)); 12
((3,5),(6,8)); 10
((3,5),(6,9)); 7
((3,5),(7,8)); 66
((3,5),(7,9)); 23
((3,5),(8,9)); 26
((3,6),(5,7)); 19
((3,6),(5,8)); 19
((3,6),(5,9)); 20
((3,6),(7,8)); 70
((3,6),(7,9)); 27
((3,6),(8,9)); 32
((3,7),(5,6)); 69
((3,7),(5,8)); 13
((3,7),(5,9)); 37
((3,7),(6,8)); 12
((3,7),(6,9)); 35
((3,7),(8,9)); 13
((3,8),(5,6)); 71
((3,8),(5,7)); 21
((3,8),(5,9)); 36
((3,8),(6,7)); 18
((3,8),(6,9)); 32
((3,8),(7,9)); 12
((3,9),(5,6)); 73
((3,9),(5,7)); 40
((3,9),(5,8)); 38
((3,9),(6,7)); 38
((3,9),(6,8)); 36
((3,9),(7,8)); 75
((4,5),(6,7)); 12
((4,5),(6,8)); 10
((4,5),(6,9)); 7
((4,5),(7,8)); 66
((4,5),(7,9)); 23
((4,5),(8,9)); 26
((4,6),(5,7)); 19
((4,6),(5,8)); 19
((4,6),(5,9)); 20
((4,6),(7,8)); 70
((4,6),(7,9)); 27
((4,6),(8,9)); 32
((4,7),(5,6)); 69
((4,7),(5,8)); 13
((4,7),(5,9)); 37
((4,7),(6,8)); 12
((4,7),(6,9)); 35
((4,7),(8,9)); 13
((4,8),(5,6)); 71
((4,8),(5,7)); 21
((4,8),(5,9)); 36
((4,8),(6,7)); 18
((4,8),(6,9)); 32
((4,8),(7,9)); 12
((4,9),(5,6)); 73
((4,9),(5,7)); 40
((4,9),(5,8)); 38
((4,9),(6,7)); 38
((4,9),(6,8)); 36
((4,9),(7,8)); 75
((5,6),(7,8)); 85
((5,6),(7,9)); 68
((5,6),(8,9)); 68
((5,7),(6,8)); 9
((5,7),(6,9)); 13
((5,7),(8,9)); 20
((5,8),(6,7)); 6
((5,8),(6,9)); 13
((5,8),(7,9)); 12
((5,9),(6,7)); 19
((5,9),(6,8)); 19
((5,9),(7,8)); 68
((6,7),(8,9)); 20
((6,8),(7,9)); 12
((6,9),(7,8)); 68
