((1,10),(11,2)); 2
((1,10),(11,3)); 3
((1,10),(11,4)); 1
((1,10),(11,5)); 3
((1,10),(11,6)); 3
((1,10),(11,7)); 3
((1,10),(11,8)); 3
((1,10),(11,9)); 2
((1,10),(2,3)); 35
((1,10),(2,4)); 22
((1,10),(2,5)); 1
((1,10),(2,6)); 1
((1,10),(2,7)); 1
((1,10),(2,8)); 1
((1,10),(3,4)); 22
((1,10),(5,6)); 86
((1,10),(5,7)); 64
((1,10),(5,8)); 67
((1,10),(5,9)); 59
((1,10),(6,7)); 66
((1,10),(6,8)); 67
((1,10),(6,9)); 60
((1,10),(7,8)); 80
((1,10),(7,9)); 64
((1,10),(8,9)); 62
((1,11),(10,2)); 2
((1,11),(10,4)); 1
((1,11),(10,5)); 96
((1,11),(10,6)); 96
((1,11),(10,7)); 96
((1,11),(10,8)); 96
((1,11),(10,9)); 96
((1,11),(2,3)); 35
((1,11),(2,4)); 22
((1,11),(2,5)); 2
((1,11),(2,6)); 2
((1,11),(2,7)); 2
((1,11),(2,8)); 2
((1,11),(2,9)); 2
((1,11),(3,4)); 21
((1,11),(4,5)); 1
((1,11),(4,6)); 1
((1,11),(4,7)); 1
((1,11),(4,8)); 1
((1,11),(4,9)); 1
((1,11),(5,6)); 100
((1,11),(5,7)); 100
((1,11),(5,8)); 100
((1,11),(5,9)); 99
((1,11),(6,7)); 100
((1,11),(6,8)); 100
((1,11),(6,9)); 99
((1,11),(7,8)); 100
((1,11),(7,9)); 99
((1,11),(8,9)); 99
((1,2),(10,11)); 96
((1,2),(10,3)); 38
((1,2),(10,4)); 60
((1,2),(10,5)); 99
((1,2),(10,6)); 99
((1,2),(10,7)); 99
((1,2),(10,8)); 99
((1,2),(10,9)); 99
((1,2),(11,3)); 40
((1,2),(11,4)); 60
((1,2),(11,5)); 97
((1,2),(11,6)); 97
((1,2),(11,7)); 97
((1,2),(11,8)); 97
((1,2),(11,9)); 96
((1,2),(3,4)); 39
((1,2),(3,5)); 38
((1,2),(3,6)); 38
((1,2),(3,7)); 38
((1,2),(3,8)); 38
((1,2),(3,9)); 38
((1,2),(4,5)); 60
((1,2),(4,6)); 60
((1,2),(4,7)); 60
((1,2),(4,8)); 60
((1,2),(4,9)); 60
((1,2),(5,6)); 100
((1,2),(5,7)); 100
((1,2),(5,8)); 100
((1,2),(5,9)); 99
((1,2),(6,7)); 100
((1,2),(6,8)); 100
((1,2),(6,9)); 99
((1,2),(7,8)); 100
((1,2),(7,9)); 99
((1,2),(8,9)); 99
((1,3),(10,11)); 97
((1,3),(10,2)); 27
((1,3),(10,4)); 61
((1,3),(10,5)); 100
((1,3),(10,6)); 100
((1,3),(10,7)); 100
((1,3),(10,8)); 100
((1,3),(10,9)); 99
((1,3),(11,2)); 25
((1,3),(11,4)); 61
((1,3),(11,5)); 97
((1,3),(11,6)); 97
((1,3),(11,7)); 97
((1,3),(11,8)); 97
((1,3),(11,9)); 96
((1,3),(2,4)); 28
((1,3),(2,5)); 27
((1,3),(2,6)); 27
((1,3),(2,7)); 27
((1,3),(2,8)); 27
((1,3),(2,9)); 26
((1,3),(4,5)); 61
((1,3),(4,6)); 61
((1,3),(4,7)); 61
((1,3),(4,8)); 61
((1,3),(4,9)); 61
((1,3),(5,6)); 100
((1,3),(5,7)); 100
((1,3),(5,8)); 100
((1,3),(5,9)); 99
((1,3),(6,7)); 100
((1,3),(6,8)); 100
((1,3),(6,9)); 99
((1,3),(7,8)); 100
((1,3),(7,9)); 99
((1,3),(8,9)); 99
((1,4),(10,11)); 98
((1,4),(10,2)); 18
((1,4),(10,3)); 17
((1,4),(10,5)); 100
((1,4),(10,6)); 100
((1,4),(10,7)); 100
((1,4),(10,8)); 100
((1,4),(10,9)); 100
((1,4),(11,2)); 18
((1,4),(11,3)); 18
((1,4),(11,5)); 98
((1,4),(11,6)); 98
((1,4),(11,7)); 98
((1,4),(11,8)); 98
((1,4),(11,9)); 98
((1,4),(2,3)); 33
((1,4),(2,5)); 18
((1,4),(2,6)); 18
((1,4),(2,7)); 18
((1,4),(2,8)); 18
((1,4),(2,9)); 18
((1,4),(3,5)); 17
((1,4),(3,6)); 17
((1,4),(3,7)); 17
((1,4),(3,8)); 17
((1,4),(3,9)); 17
((1,4),(5,6)); 100
((1,4),(5,7)); 100
((1,4),(5,8)); 100
((1,4),(5,9)); 100
((1,4),(6,7)); 100
((1,4),(6,8)); 100
((1,4),(6,9)); 100
((1,4),(7,8)); 100
((1,4),(7,9)); 100
((1,4),(8,9)); 100
((1,5),(10,11)); 1
((1,5),(10,6)); 5
((1,5),(10,7)); 21
((1,5),(10,8)); 20
((1,5),(10,9)); 19
((1,5),(11,2)); 1
((1,5),(11,3)); 3
((1,5),(11,4)); 1
((1,5),(2,3)); 35
((1,5),(2,4)); 22
((1,5),(3,4)); 22
((1,5),(6,7)); 9
((1,5),(6,8)); 7
((1,5),(6,9)); 11
((1,5),(7,8)); 71
((1,5),(7,9)); 29
((1,5),(8,9)); 28
((1,6),(10,11)); 1
((1,6),(10,5)); 9
((1,6),(10,7)); 21
((1,6),(10,8)); 21
((1,6),(10,9)); 19
((1,6),(11,2)); 1
((1,6),(11,3)); 3
((1,6),(11,4)); 1
((1,6),(2,3)); 35
((1,6),(2,4)); 22
((1,6),(3,4)); 22
((1,6),(5,7)); 12
((1,6),(5,8)); 15
((1,6),(5,9)); 10
((1,6),(7,8)); 72
((1,6),(7,9)); 30
((1,6),(8,9)); 30
((1,7),(10,11)); 1
((1,7),(10,5)); 15
((1,7),(10,6)); 13
((1,7),(10,8)); 11
((1,7),(10,9)); 16
((1,7),(11,2)); 1
((1,7),(11,3)); 3
((1,7),(11,4)); 1
((1,7),(2,3)); 35
((1,7),(2,4)); 22
((1,7),(3,4)); 22
((1,7),(5,6)); 79
((1,7),(5,8)); 18
((1,7),(5,9)); 29
((1,7),(6,8)); 16
((1,7),(6,9)); 27
((1,7),(8,9)); 16
((1,8),(10,11)); 1
((1,8),(10,5)); 13
((1,8),(10,6)); 12
((1,8),(10,7)); 9
((1,8),(10,9)); 15
((1,8),(11,2)); 1
((1,8),(11,3)); 3
((1,8),(11,4)); 1
((1,8),(2,3)); 35
((1,8),(2,4)); 22
((1,8),(3,4)); 22
((1,8),(5,6)); 78
((1,8),(5,7)); 11
((1,8),(5,9)); 24
((1,8),(6,7)); 12
((1,8),(6,9)); 24
((1,8),(7,9)); 12
((1,9),(10,11)); 2
((1,9),(10,2)); 1
((1,9),(10,3)); 1
((1,9),(10,5)); 22
((1,9),(10,6)); 21
((1,9),(10,7)); 20
((1,9),(10,8)); 23
((1,9),(11,2)); 2
((1,9),(11,3)); 4
((1,9),(11,4)); 1
((1,9),(11,5)); 1
((1,9),(11,6)); 1
((1,9),(11,7)); 1
((1,9),(11,8)); 1
((1,9),(2,3)); 36
((1,9),(2,4)); 22
((1,9),(2,5)); 1
((1,9),(2,6)); 1
((1,9),(2,7)); 1
((1,9),(2,8)); 1
((1,9),(3,4)); 22
((1,9),(3,5)); 1
((1,9),(3,6)); 1
((1,9),(3,7)); 1
((1,9),(3,8)); 1
((1,9),(5,6)); 79
((1,9),(5,7)); 42
((1,9),(5,8)); 48
((1,9),(6,7)); 43
((1,9),(6,8)); 46
((1,9),(7,8)); 72
((10,11),(2,3)); 97
((10,11),(2,4)); 96
((10,11),(2,5)); 1
((10,11),(2,6)); 1
((10,11),(2,7)); 1
((10,11),(2,8)); 1
((10,11),(2,9)); 1
((10,11),(3,4)); 97
((10,11),(3,5)); 1
((10,11),(3,6)); 1
((10,11),(3,7)); 1
((10,11),(3,8)); 1
((10,11),(3,9)); 2
((10,11),(4,5)); 1
((10,11),(4,6)); 1
((10,11),(4,7)); 1
((10,11),(4,8)); 1
((10,11),(4,9)); 2
((10,11),(5,6)); 86
((10,11),(5,7)); 64
((10,11),(5,8)); 67
((10,11),(5,9)); 59
((10,11),(6,7)); 66
((10,11),(6,8)); 67
((10,11),(6,9)); 60
((10,11),(7,8)); 80
((10,11),(7,9)); 64
((10,11),(8,9)); 62
((10,2),(11,3)); 2
((10,2),(11,4)); 2
((10,2),(11,5)); 3
((10,2),(11,6)); 3
((10,2),(11,7)); 3
((10,2),(11,8)); 3
((10,2),(11,9)); 2
((10,2),(3,4)); 18
((10,2),(3,9)); 1
((10,2),(4,9)); 1
((10,2),(5,6)); 86
((10,2),(5,7)); 64
((10,2),(5,8)); 67
((10,2),(5,9)); 59
((10,2),(6,7)); 66
((10,2),(6,8)); 67
((10,2),(6,9)); 60
((10,2),(7,8)); 80
((10,2),(7,9)); 64
((10,2),(8,9)); 62
((10,3),(11,2)); 1
((10,3),(11,4)); 1
((10,3),(11,5)); 3
((10,3),(11,6)); 3
((10,3),(11,7)); 3
((10,3),(11,8)); 3
((10,3),(11,9)); 2
((10,3),(2,4)); 17
((10,3),(2,5)); 1
((10,3),(2,6)); 1
((10,3),(2,7)); 1
((10,3),(2,8)); 1
((10,3),(4,9)); 1
((10,3),(5,6)); 86
((10,3),(5,7)); 64
((10,3),(5,8)); 67
((10,3),(5,9)); 59
((10,3),(6,7)); 66
((10,3),(6,8)); 67
((10,3),(6,9)); 60
((10,3),(7,8)); 80
((10,3),(7,9)); 64
((10,3),(8,9)); 62
((10,4),(11,2)); 2
((10,4),(11,3)); 2
((10,4),(11,5)); 3
((10,4),(11,6)); 3
((10,4),(11,7)); 3
((10,4),(11,8)); 3
((10,4),(11,9)); 2
((10,4),(2,3)); 65
((10,4),(2,5)); 1
((10,4),(2,6)); 1
((10,4),(2,7)); 1
((10,4),(2,8)); 1
((10,4),(5,6)); 86
((10,4),(5,7)); 64
((10,4),(5,8)); 67
((10,4),(5,9)); 59
((10,4),(6,7)); 66
((10,4),(6,8)); 67
((10,4),(6,9)); 60
((10,4),(7,8)); 80
((10,4),(7,9)); 64
((10,4),(8,9)); 62
((10,5),(11,2)); 96
((10,5),(11,3)); 96
((10,5),(11,4)); 96
((10,5),(11,6)); 9
((10,5),(11,7)); 15
((10,5),(11,8)); 13
((10,5),(11,9)); 21
((10,5),(2,3)); 99
((10,5),(2,4)); 99
((10,5),(2,6)); 9
((10,5),(2,7)); 15
((10,5),(2,8)); 13
((10,5),(2,9)); 21
((10,5),(3,4)); 100
((10,5),(3,6)); 9
((10,5),(3,7)); 15
((10,5),(3,8)); 13
((10,5),(3,9)); 22
((10,5),(4,6)); 9
((10,5),(4,7)); 15
((10,5),(4,8)); 13
((10,5),(4,9)); 22
((10,5),(6,7)); 13
((10,5),(6,8)); 10
((10,5),(6,9)); 14
((10,5),(7,8)); 67
((10,5),(7,9)); 31
((10,5),(8,9)); 29
((10,6),(11,2)); 96
((10,6),(11,3)); 96
((10,6),(11,4)); 96
((10,6),(11,5)); 5
((10,6),(11,7)); 13
((10,6),(11,8)); 12
((10,6),(11,9)); 20
((10,6),(2,3)); 99
((10,6),(2,4)); 99
((10,6),(2,5)); 5
((10,6),(2,7)); 13
((10,6),(2,8)); 12
((10,6),(2,9)); 20
((10,6),(3,4)); 100
((10,6),(3,5)); 5
((10,6),(3,7)); 13
((10,6),(3,8)); 12
((10,6),(3,9)); 21
((10,6),(4,5)); 5
((10,6),(4,7)); 13
((10,6),(4,8)); 12
((10,6),(4,9)); 21
((10,6),(5,7)); 11
((10,6),(5,8)); 13
((10,6),(5,9)); 7
((10,6),(7,8)); 68
((10,6),(7,9)); 29
((10,6),(8,9)); 31
((10,7),(11,2)); 96
((10,7),(11,3)); 96
((10,7),(11,4)); 96
((10,7),(11,5)); 21
((10,7),(11,6)); 21
((10,7),(11,8)); 9
((10,7),(11,9)); 19
((10,7),(2,3)); 99
((10,7),(2,4)); 99
((10,7),(2,5)); 21
((10,7),(2,6)); 21
((10,7),(2,8)); 9
((10,7),(2,9)); 19
((10,7),(3,4)); 100
((10,7),(3,5)); 21
((10,7),(3,6)); 21
((10,7),(3,8)); 9
((10,7),(3,9)); 20
((10,7),(4,5)); 21
((10,7),(4,6)); 21
((10,7),(4,8)); 9
((10,7),(4,9)); 20
((10,7),(5,6)); 76
((10,7),(5,8)); 21
((10,7),(5,9)); 30
((10,7),(6,8)); 19
((10,7),(6,9)); 29
((10,7),(8,9)); 18
((10,8),(11,2)); 96
((10,8),(11,3)); 96
((10,8),(11,4)); 96
((10,8),(11,5)); 20
((10,8),(11,6)); 21
((10,8),(11,7)); 11
((10,8),(11,9)); 22
((10,8),(2,3)); 99
((10,8),(2,4)); 99
((10,8),(2,5)); 20
((10,8),(2,6)); 21
((10,8),(2,7)); 11
((10,8),(2,9)); 22
((10,8),(3,4)); 100
((10,8),(3,5)); 20
((10,8),(3,6)); 21
((10,8),(3,7)); 11
((10,8),(3,9)); 23
((10,8),(4,5)); 20
((10,8),(4,6)); 21
((10,8),(4,7)); 11
((10,8),(4,9)); 23
((10,8),(5,6)); 77
((10,8),(5,7)); 12
((10,8),(5,9)); 27
((10,8),(6,7)); 13
((10,8),(6,9)); 28
((10,8),(7,9)); 12
((10,9),(11,2)); 97
((10,9),(11,3)); 96
((10,9),(11,4)); 96
((10,9),(11,5)); 20
((10,9),(11,6)); 20
((10,9),(11,7)); 17
((10,9),(11,8)); 16
((10,9),(2,3)); 99
((10,9),(2,4)); 99
((10,9),(2,5)); 20
((10,9),(2,6)); 20
((10,9),(2,7)); 17
((10,9),(2,8)); 16
((10,9),(3,4)); 99
((10,9),(3,5)); 19
((10,9),(3,6)); 19
((10,9),(3,7)); 16
((10,9),(3,8)); 15
((10,9),(4,5)); 19
((10,9),(4,6)); 19
((10,9),(4,7)); 16
((10,9),(4,8)); 15
((10,9),(5,6)); 79
((10,9),(5,7)); 39
((10,9),(5,8)); 44
((10,9),(6,7)); 42
((10,9),(6,8)); 41
((10,9),(7,8)); 70
((11,2),(3,4)); 17
((11,2),(3,9)); 1
((11,2),(4,5)); 1
((11,2),(4,6)); 1
((11,2),(4,7)); 1
((11,2),(4,8)); 1
((11,2),(4,9)); 2
((11,2),(5,6)); 100
((11,2),(5,7)); 100
((11,2),(5,8)); 100
((11,2),(5,9)); 99
((11,2),(6,7)); 100
((11,2),(6,8)); 100
((11,2),(6,9)); 99
((11,2),(7,8)); 100
((11,2),(7,9)); 99
((11,2),(8,9)); 99
((11,3),(2,4)); 19
((11,3),(2,5)); 2
((11,3),(2,6)); 2
((11,3),(2,7)); 2
((11,3),(2,8)); 2
((11,3),(2,9)); 2
((11,3),(4,5)); 2
((11,3),(4,6)); 2
((11,3),(4,7)); 2
((11,3),(4,8)); 2
((11,3),(4,9)); 3
((11,3),(5,6)); 100
((11,3),(5,7)); 100
((11,3),(5,8)); 100
((11,3),(5,9)); 99
((11,3),(6,7)); 100
((11,3),(6,8)); 100
((11,3),(6,9)); 99
((11,3),(7,8)); 100
((11,3),(7,9)); 99
((11,3),(8,9)); 99
((11,4),(2,3)); 64
((11,4),(2,5)); 2
((11,4),(2,6)); 2
((11,4),(2,7)); 2
((11,4),(2,8)); 2
((11,4),(2,9)); 2
((11,4),(3,5)); 1
((11,4),(3,6)); 1
((11,4),(3,7)); 1
((11,4),(3,8)); 1
((11,4),(3,9)); 1
((11,4),(5,6)); 100
((11,4),(5,7)); 100
((11,4),(5,8)); 100
((11,4),(5,9)); 99
((11,4),(6,7)); 100
((11,4),(6,8)); 100
((11,4),(6,9)); 99
((11,4),(7,8)); 100
((11,4),(7,9)); 99
((11,4),(8,9)); 99
((11,5),(2,3)); 98
((11,5),(2,4)); 97
((11,5),(2,9)); 1
((11,5),(3,4)); 97
((11,5),(3,9)); 1
((11,5),(4,9)); 1
((11,5),(6,7)); 9
((11,5),(6,8)); 7
((11,5),(6,9)); 11
((11,5),(7,8)); 71
((11,5),(7,9)); 29
((11,5),(8,9)); 28
((11,6),(2,3)); 98
((11,6),(2,4)); 97
((11,6),(2,9)); 1
((11,6),(3,4)); 97
((11,6),(3,9)); 1
((11,6),(4,9)); 1
((11,6),(5,7)); 12
((11,6),(5,8)); 15
((11,6),(5,9)); 10
((11,6),(7,8)); 72
((11,6),(7,9)); 30
((11,6),(8,9)); 30
((11,7),(2,3)); 98
((11,7),(2,4)); 97
((11,7),(2,9)); 1
((11,7),(3,4)); 97
((11,7),(3,9)); 1
((11,7),(4,9)); 1
((11,7),(5,6)); 79
((11,7),(5,8)); 18
((11,7),(5,9)); 29
((11,7),(6,8)); 16
((11,7),(6,9)); 27
((11,7),(8,9)); 16
((11,8),(2,3)); 98
((11,8),(2,4)); 97
((11,8),(2,9)); 1
((11,8),(3,4)); 97
((11,8),(3,9)); 1
((11,8),(4,9)); 1
((11,8),(5,6)); 78
((11,8),(5,7)); 11
((11,8),(5,9)); 24
((11,8),(6,7)); 12
((11,8),(6,9)); 24
((11,8),(7,9)); 12
((11,9),(2,3)); 97
((11,9),(2,4)); 96
((11,9),(3,4)); 96
((11,9),(5,6)); 79
((11,9),(5,7)); 42
((11,9),(5,8)); 48
((11,9),(6,7)); 43
((11,9),(6,8)); 46
((11,9),(7,8)); 72
((2,3),(4,5)); 65
((2,3),(4,6)); 65
((2,3),(4,7)); 65
((2,3),(4,8)); 65
((2,3),(4,9)); 66
((2,3),(5,6)); 100
((2,3),(5,7)); 100
((2,3),(5,8)); 100
((2,3),(5,9)); 99
((2,3),(6,7)); 100
((2,3),(6,8)); 100
((2,3),(6,9)); 99
((2,3),(7,8)); 100
((2,3),(7,9)); 99
((2,3),(8,9)); 99
((2,4),(3,5)); 17
((2,4),(3,6)); 17
((2,4),(3,7)); 17
((2,4),(3,8)); 17
((2,4),(3,9)); 17
((2,4),(5,6)); 100
((2,4),(5,7)); 100
((2,4),(5,8)); 100
((2,4),(5,9)); 99
((2,4),(6,7)); 100
((2,4),(6,8)); 100
((2,4),(6,9)); 99
((2,4),(7,8)); 100
((2,4),(7,9)); 99
((2,4),(8,9)); 99
((2,5),(3,4)); 18
((2,5),(3,9)); 1
((2,5),(4,9)); 1
((2,5),(6,7)); 9
((2,5),(6,8)); 7
((2,5),(6,9)); 11
((2,5),(7,8)); 71
((2,5),(7,9)); 29
((2,5),(8,9)); 28
((2,6),(3,4)); 18
((2,6),(3,9)); 1
((2,6),(4,9)); 1
((2,6),(5,7)); 12
((2,6),(5,8)); 15
((2,6),(5,9)); 10
((2,6),(7,8)); 72
((2,6),(7,9)); 30
((2,6),(8,9)); 30
((2,7),(3,4)); 18
((2,7),(3,9)); 1
((2,7),(4,9)); 1
((2,7),(5,6)); 79
((2,7),(5,8)); 18
((2,7),(5,9)); 29
((2,7),(6,8)); 16
((2,7),(6,9)); 27
((2,7),(8,9)); 16
((2,8),(3,4)); 18
((2,8),(3,9)); 1
((2,8),(4,9)); 1
((2,8),(5,6)); 78
((2,8),(5,7)); 11
((2,8),(5,9)); 24
((2,8),(6,7)); 12
((2,8),(6,9)); 24
((2,8),(7,9)); 12
((2,9),(3,4)); 17
((2,9),(5,6)); 79
((2,9),(5,7)); 42
((2,9),(5,8)); 48
((2,9),(6,7)); 43
((2,9),(6,8)); 46
((2,9),(7,8)); 72
((3,4),(5,6)); 100
((3,4),(5,7)); 100
((3,4),(5,8)); 100
((3,4),(5,9)); 99
((3,4),(6,7)); 100
((3,4),(6,8)); 100
((3,4),(6,9)); 99
((3,4),(7,8)); 100
((3,4),(7,9)); 99
((3,4),(8,9)); 99
((3,5),(4,9)); 1
((3,5),(6,7)); 9
((3,5),(6,8)); 7
((3,5),(6,9)); 11
((3,5),(7,8)); 71
((3,5),(7,9)); 29
((3,5),(8,9)); 28
((3,6),(4,9)); 1
((3,6),(5,7)); 12
((3,6),(5,8)); 15
((3,6),(5,9)); 10
((3,6),(7,8)); 72
((3,6),(7,9)); 30
((3,6),(8,9)); 30
((3,7),(4,9)); 1
((3,7),(5,6)); 79
((3,7),(5,8)); 18
((3,7),(5,9)); 29
((3,7),(6,8)); 16
((3,7),(6,9)); 27
((3,7),(8,9)); 16
((3,8),(4,9)); 1
((3,8),(5,6)); 78
((3,8),(5,7)); 11
((3,8),(5,9)); 24
((3,8),(6,7)); 12
((3,8),(6,9)); 24
((3,8),(7,9)); 12
((3,9),(5,6)); 79
((3,9),(5,7)); 42
((3,9),(5,8)); 48
((3,9),(6,7)); 43
((3,9),(6,8)); 46
((3,9),(7,8)); 72
((4,5),(6,7)); 9
((4,5),(6,8)); 7
((4,5),(6,9)); 11
((4,5),(7,8)); 71
((4,5),(7,9)); 29
((4,5),(8,9)); 28
((4,6),(5,7)); 12
((4,6),(5,8)); 15
((4,6),(5,9)); 10
((4,6),(7,8)); 72
((4,6),(7,9)); 30
((4,6),(8,9)); 30
((4,7),(5,6)); 79
((4,7),(5,8)); 18
((4,7),(5,9)); 29
((4,7),(6,8)); 16
((4,7),(6,9)); 27
((4,7),(8,9)); 16
((4,8),(5,6)); 78
((4,8),(5,7)); 11
((4,8),(5,9)); 24
((4,8),(6,7)); 12
((4,8),(6,9)); 24
((4,8),(7,9)); 12
((4,9),(5,6)); 79
((4,9),(5,7)); 42
((4,9),(5,8)); 48
((4,9),(6,7)); 43
((4,9),(6,8)); 46
((4,9),(7,8)); 72
((5,6),(7,8)); 87
((5,6),(7,9)); 78
((5,6),(8,9)); 77
((5,7),(6,8)); 4
((5,7),(6,9)); 13
((5,7),(8,9)); 15
((5,8),(6,7)); 9
((5,8),(6,9)); 17
((5,8),(7,9)); 19
((5,9),(6,7)); 9
((5,9),(6,8)); 6
((5,9),(7,8)); 66
((6,7),(8,9)); 17
((6,8),(7,9)); 17
((6,9),(7,8)); 66
