((1,10),(11,3)); 3
((1,10),(11,4)); 1
((1,10),(11,5)); 4
((1,10),(11,6)); 3
((1,10),(11,7)); 4
((1,10),(11,8)); 5
((1,10),(11,9)); 2
((1,10),(2,3)); 24
((1,10),(2,4)); 22
((1,10),(3,4)); 18
((1,10),(5,6)); 80
((1,10),(5,7)); 58
((1,10),(5,8)); 60
((1,10),(5,9)); 50
((1,10),(6,7)); 56
((1,10),(6,8)); 57
((1,10),(6,9)); 50
((1,10),(7,8)); 81
((1,10),(7,9)); 49
((1,10),(8,9)); 49
((1,11),(10,2)); 1
((1,11),(10,3)); 1
((1,11),(10,4)); 3
((1,11),(10,5)); 93
((1,11),(10,6)); 94
((1,11),(10,7)); 93
((1,11),(10,8)); 92
((1,11),(10,9)); 94
((1,11),(2,3)); 24
((1,11),(2,4)); 22
((1,11),(2,5)); 1
((1,11),(2,6)); 1
((1,11),(2,7)); 1
((1,11),(2,8)); 1
((1,11),(2,9)); 1
((1,11),(3,4)); 18
((1,11),(3,5)); 1
((1,11),(3,6)); 1
((1,11),(3,7)); 1
((1,11),(3,8)); 1
((1,11),(3,9)); 1
((1,11),(4,5)); 3
((1,11),(4,6)); 3
((1,11),(4,7)); 3
((1,11),(4,8)); 3
((1,11),(4,9)); 3
((1,11),(5,6)); 96
((1,11),(5,7)); 95
((1,11),(5,8)); 93
((1,11),(5,9)); 93
((1,11),(6,7)); 95
((1,11),(6,8)); 93
((1,11),(6,9)); 96
((1,11),(7,8)); 98
((1,11),(7,9)); 94
((1,11),(8,9)); 93
((1,2),(10,11)); 99
((1,2),(10,3)); 39
((1,2),(10,4)); 51
((1,2),(10,5)); 100
((1,2),(10,6)); 100
((1,2),(10,7)); 100
((1,2),(10,8)); 100
((1,2),(10,9)); 100
((1,2),(11,3)); 40
((1,2),(11,4)); 52
((1,2),(11,5)); 99
((1,2),(11,6)); 99
((1,2),(11,7)); 99
((1,2),(11,8)); 99
((1,2),(11,9)); 99
((1,2),(3,4)); 32
((1,2),(3,5)); 39
((1,2),(3,6)); 39
((1,2),(3,7)); 39
((1,2),(3,8)); 39
((1,2),(3,9)); 39
((1,2),(4,5)); 51
((1,2),(4,6)); 51
((1,2),(4,7)); 51
((1,2),(4,8)); 51
((1,2),(4,9)); 51
((1,2),(5,6)); 100
((1,2),(5,7)); 100
((1,2),(5,8)); 100
((1,2),(5,9)); 100
((1,2),(6,7)); 100
((1,2),(6,8)); 100
((1,2),(6,9)); 100
((1,2),(7,8)); 100
((1,2),(7,9)); 100
((1,2),(8,9)); 100
((1,3),(10,11)); 96
((1,3),(10,2)); 37
((1,3),(10,4)); 56
((1,3),(10,5)); 100
((1,3),(10,6)); 100
((1,3),(10,7)); 100
((1,3),(10,8)); 100
((1,3),(10,9)); 100
((1,3),(11,2)); 36
((1,3),(11,4)); 55
((1,3),(11,5)); 96
((1,3),(11,6)); 96
((1,3),(11,7)); 96
((1,3),(11,8)); 96
((1,3),(11,9)); 96
((1,3),(2,4)); 39
((1,3),(2,5)); 37
((1,3),(2,6)); 37
((1,3),(2,7)); 37
((1,3),(2,8)); 37
((1,3),(2,9)); 37
((1,3),(4,5)); 56
((1,3),(4,6)); 56
((1,3),(4,7)); 56
((1,3),(4,8)); 56
((1,3),(4,9)); 56
((1,3),(5,6)); 100
((1,3),(5,7)); 100
((1,3),(5,8)); 100
((1,3),(5,9)); 100
((1,3),(6,7)); 100
((1,3),(6,8)); 100
((1,3),(6,9)); 100
((1,3),(7,8)); 100
((1,3),(7,9)); 100
((1,3),(8,9)); 100
((1,4),(10,11)); 96
((1,4),(10,2)); 27
((1,4),(10,3)); 26
((1,4),(10,5)); 100
((1,4),(10,6)); 100
((1,4),(10,7)); 100
((1,4),(10,8)); 100
((1,4),(10,9)); 100
((1,4),(11,2)); 26
((1,4),(11,3)); 27
((1,4),(11,5)); 96
((1,4),(11,6)); 96
((1,4),(11,7)); 96
((1,4),(11,8)); 96
((1,4),(11,9)); 96
((1,4),(2,3)); 29
((1,4),(2,5)); 27
((1,4),(2,6)); 27
((1,4),(2,7)); 27
((1,4),(2,8)); 27
((1,4),(2,9)); 27
((1,4),(3,5)); 26
((1,4),(3,6)); 26
((1,4),(3,7)); 26
((1,4),(3,8)); 26
((1,4),(3,9)); 26
((1,4),(5,6)); 100
((1,4),(5,7)); 100
((1,4),(5,8)); 100
((1,4),(5,9)); 100
((1,4),(6,7)); 100
((1,4),(6,8)); 100
((1,4),(6,9)); 100
((1,4),(7,8)); 100
((1,4),(7,9)); 100
((1,4),(8,9)); 100
((1,5),(10,11)); 3
((1,5),(10,6)); 11
((1,5),(10,7)); 24
((1,5),(10,8)); 24
((1,5),(10,9)); 28
((1,5),(11,3)); 3
((1,5),(11,4)); 1
((1,5),(11,6)); 1
((1,5),(11,7)); 2
((1,5),(11,8)); 3
((1,5),(11,9)); 3
((1,5),(2,3)); 24
((1,5),(2,4)); 22
((1,5),(3,4)); 18
((1,5),(6,7)); 11
((1,5),(6,8)); 8
((1,5),(6,9)); 9
((1,5),(7,8)); 72
((1,5),(7,9)); 31
((1,5),(8,9)); 28
((1,6),(10,11)); 3
((1,6),(10,5)); 9
((1,6),(10,7)); 25
((1,6),(10,8)); 25
((1,6),(10,9)); 27
((1,6),(11,3)); 3
((1,6),(11,4)); 1
((1,6),(11,5)); 3
((1,6),(11,7)); 4
((1,6),(11,8)); 5
((1,6),(11,9)); 2
((1,6),(2,3)); 24
((1,6),(2,4)); 22
((1,6),(3,4)); 18
((1,6),(5,7)); 18
((1,6),(5,8)); 21
((1,6),(5,9)); 10
((1,6),(7,8)); 72
((1,6),(7,9)); 31
((1,6),(8,9)); 30
((1,7),(10,11)); 3
((1,7),(10,5)); 18
((1,7),(10,6)); 19
((1,7),(10,8)); 10
((1,7),(10,9)); 22
((1,7),(11,3)); 3
((1,7),(11,4)); 1
((1,7),(11,5)); 3
((1,7),(11,6)); 1
((1,7),(11,8)); 1
((1,7),(11,9)); 3
((1,7),(2,3)); 24
((1,7),(2,4)); 22
((1,7),(3,4)); 18
((1,7),(5,6)); 71
((1,7),(5,8)); 15
((1,7),(5,9)); 28
((1,7),(6,8)); 13
((1,7),(6,9)); 29
((1,7),(8,9)); 13
((1,8),(10,11)); 3
((1,8),(10,5)); 16
((1,8),(10,6)); 18
((1,8),(10,7)); 9
((1,8),(10,9)); 23
((1,8),(11,3)); 3
((1,8),(11,4)); 1
((1,8),(11,5)); 4
((1,8),(11,6)); 2
((1,8),(11,7)); 1
((1,8),(11,9)); 3
((1,8),(2,3)); 24
((1,8),(2,4)); 22
((1,8),(3,4)); 18
((1,8),(5,6)); 71
((1,8),(5,7)); 13
((1,8),(5,9)); 29
((1,8),(6,7)); 15
((1,8),(6,9)); 31
((1,8),(7,9)); 15
((1,9),(10,11)); 4
((1,9),(10,5)); 22
((1,9),(10,6)); 23
((1,9),(10,7)); 29
((1,9),(10,8)); 28
((1,9),(11,3)); 3
((1,9),(11,4)); 1
((1,9),(11,5)); 4
((1,9),(11,6)); 2
((1,9),(11,7)); 3
((1,9),(11,8)); 4
((1,9),(2,3)); 24
((1,9),(2,4)); 22
((1,9),(3,4)); 18
((1,9),(5,6)); 81
((1,9),(5,7)); 41
((1,9),(5,8)); 43
((1,9),(6,7)); 40
((1,9),(6,8)); 39
((1,9),(7,8)); 72
((10,11),(2,3)); 96
((10,11),(2,4)); 96
((10,11),(2,5)); 3
((10,11),(2,6)); 3
((10,11),(2,7)); 3
((10,11),(2,8)); 3
((10,11),(2,9)); 4
((10,11),(3,4)); 96
((10,11),(3,5)); 3
((10,11),(3,6)); 3
((10,11),(3,7)); 3
((10,11),(3,8)); 3
((10,11),(3,9)); 4
((10,11),(4,5)); 3
((10,11),(4,6)); 3
((10,11),(4,7)); 3
((10,11),(4,8)); 3
((10,11),(4,9)); 4
((10,11),(5,6)); 81
((10,11),(5,7)); 57
((10,11),(5,8)); 60
((10,11),(5,9)); 52
((10,11),(6,7)); 56
((10,11),(6,8)); 58
((10,11),(6,9)); 52
((10,11),(7,8)); 82
((10,11),(7,9)); 50
((10,11),(8,9)); 50
((10,2),(11,3)); 3
((10,2),(11,4)); 1
((10,2),(11,5)); 4
((10,2),(11,6)); 3
((10,2),(11,7)); 4
((10,2),(11,8)); 5
((10,2),(11,9)); 2
((10,2),(3,4)); 21
((10,2),(5,6)); 80
((10,2),(5,7)); 58
((10,2),(5,8)); 60
((10,2),(5,9)); 50
((10,2),(6,7)); 56
((10,2),(6,8)); 57
((10,2),(6,9)); 50
((10,2),(7,8)); 81
((10,2),(7,9)); 49
((10,2),(8,9)); 49
((10,3),(11,2)); 1
((10,3),(11,4)); 2
((10,3),(11,5)); 4
((10,3),(11,6)); 3
((10,3),(11,7)); 4
((10,3),(11,8)); 5
((10,3),(11,9)); 2
((10,3),(2,4)); 27
((10,3),(5,6)); 80
((10,3),(5,7)); 58
((10,3),(5,8)); 60
((10,3),(5,9)); 50
((10,3),(6,7)); 56
((10,3),(6,8)); 57
((10,3),(6,9)); 50
((10,3),(7,8)); 81
((10,3),(7,9)); 49
((10,3),(8,9)); 49
((10,4),(11,2)); 3
((10,4),(11,3)); 2
((10,4),(11,5)); 4
((10,4),(11,6)); 3
((10,4),(11,7)); 4
((10,4),(11,8)); 5
((10,4),(11,9)); 2
((10,4),(2,3)); 52
((10,4),(5,6)); 80
((10,4),(5,7)); 58
((10,4),(5,8)); 60
((10,4),(5,9)); 50
((10,4),(6,7)); 56
((10,4),(6,8)); 57
((10,4),(6,9)); 50
((10,4),(7,8)); 81
((10,4),(7,9)); 49
((10,4),(8,9)); 49
((10,5),(11,2)); 93
((10,5),(11,3)); 93
((10,5),(11,4)); 93
((10,5),(11,6)); 8
((10,5),(11,7)); 18
((10,5),(11,8)); 15
((10,5),(11,9)); 22
((10,5),(2,3)); 100
((10,5),(2,4)); 100
((10,5),(2,6)); 9
((10,5),(2,7)); 18
((10,5),(2,8)); 16
((10,5),(2,9)); 22
((10,5),(3,4)); 100
((10,5),(3,6)); 9
((10,5),(3,7)); 18
((10,5),(3,8)); 16
((10,5),(3,9)); 22
((10,5),(4,6)); 9
((10,5),(4,7)); 18
((10,5),(4,8)); 16
((10,5),(4,9)); 22
((10,5),(6,7)); 7
((10,5),(6,8)); 6
((10,5),(6,9)); 11
((10,5),(7,8)); 66
((10,5),(7,9)); 25
((10,5),(8,9)); 23
((10,6),(11,2)); 94
((10,6),(11,3)); 94
((10,6),(11,4)); 94
((10,6),(11,5)); 11
((10,6),(11,7)); 20
((10,6),(11,8)); 18
((10,6),(11,9)); 23
((10,6),(2,3)); 100
((10,6),(2,4)); 100
((10,6),(2,5)); 11
((10,6),(2,7)); 19
((10,6),(2,8)); 18
((10,6),(2,9)); 23
((10,6),(3,4)); 100
((10,6),(3,5)); 11
((10,6),(3,7)); 19
((10,6),(3,8)); 18
((10,6),(3,9)); 23
((10,6),(4,5)); 11
((10,6),(4,7)); 19
((10,6),(4,8)); 18
((10,6),(4,9)); 23
((10,6),(5,7)); 19
((10,6),(5,8)); 23
((10,6),(5,9)); 12
((10,6),(7,8)); 67
((10,6),(7,9)); 25
((10,6),(8,9)); 26
((10,7),(11,2)); 93
((10,7),(11,3)); 93
((10,7),(11,4)); 93
((10,7),(11,5)); 25
((10,7),(11,6)); 24
((10,7),(11,8)); 8
((10,7),(11,9)); 27
((10,7),(2,3)); 100
((10,7),(2,4)); 100
((10,7),(2,5)); 24
((10,7),(2,6)); 25
((10,7),(2,8)); 9
((10,7),(2,9)); 29
((10,7),(3,4)); 100
((10,7),(3,5)); 24
((10,7),(3,6)); 25
((10,7),(3,8)); 9
((10,7),(3,9)); 29
((10,7),(4,5)); 24
((10,7),(4,6)); 25
((10,7),(4,8)); 9
((10,7),(4,9)); 29
((10,7),(5,6)); 74
((10,7),(5,8)); 20
((10,7),(5,9)); 30
((10,7),(6,8)); 17
((10,7),(6,9)); 30
((10,7),(8,9)); 9
((10,8),(11,2)); 92
((10,8),(11,3)); 92
((10,8),(11,4)); 92
((10,8),(11,5)); 25
((10,8),(11,6)); 24
((10,8),(11,7)); 10
((10,8),(11,9)); 26
((10,8),(2,3)); 100
((10,8),(2,4)); 100
((10,8),(2,5)); 24
((10,8),(2,6)); 25
((10,8),(2,7)); 10
((10,8),(2,9)); 28
((10,8),(3,4)); 100
((10,8),(3,5)); 24
((10,8),(3,6)); 25
((10,8),(3,7)); 10
((10,8),(3,9)); 28
((10,8),(4,5)); 24
((10,8),(4,6)); 25
((10,8),(4,7)); 10
((10,8),(4,9)); 28
((10,8),(5,6)); 71
((10,8),(5,7)); 14
((10,8),(5,9)); 33
((10,8),(6,7)); 16
((10,8),(6,9)); 34
((10,8),(7,9)); 14
((10,9),(11,2)); 94
((10,9),(11,3)); 94
((10,9),(11,4)); 94
((10,9),(11,5)); 26
((10,9),(11,6)); 25
((10,9),(11,7)); 23
((10,9),(11,8)); 24
((10,9),(2,3)); 100
((10,9),(2,4)); 100
((10,9),(2,5)); 28
((10,9),(2,6)); 27
((10,9),(2,7)); 22
((10,9),(2,8)); 23
((10,9),(3,4)); 100
((10,9),(3,5)); 28
((10,9),(3,6)); 27
((10,9),(3,7)); 22
((10,9),(3,8)); 23
((10,9),(4,5)); 28
((10,9),(4,6)); 27
((10,9),(4,7)); 22
((10,9),(4,8)); 23
((10,9),(5,6)); 77
((10,9),(5,7)); 45
((10,9),(5,8)); 44
((10,9),(6,7)); 45
((10,9),(6,8)); 40
((10,9),(7,8)); 77
((11,2),(3,4)); 21
((11,2),(3,5)); 1
((11,2),(3,6)); 1
((11,2),(3,7)); 1
((11,2),(3,8)); 1
((11,2),(3,9)); 1
((11,2),(4,5)); 3
((11,2),(4,6)); 3
((11,2),(4,7)); 3
((11,2),(4,8)); 3
((11,2),(4,9)); 3
((11,2),(5,6)); 96
((11,2),(5,7)); 95
((11,2),(5,8)); 93
((11,2),(5,9)); 93
((11,2),(6,7)); 95
((11,2),(6,8)); 93
((11,2),(6,9)); 96
((11,2),(7,8)); 98
((11,2),(7,9)); 94
((11,2),(8,9)); 93
((11,3),(2,4)); 28
((11,3),(2,5)); 3
((11,3),(2,6)); 3
((11,3),(2,7)); 3
((11,3),(2,8)); 3
((11,3),(2,9)); 3
((11,3),(4,5)); 2
((11,3),(4,6)); 2
((11,3),(4,7)); 2
((11,3),(4,8)); 2
((11,3),(4,9)); 2
((11,3),(5,6)); 96
((11,3),(5,7)); 95
((11,3),(5,8)); 93
((11,3),(5,9)); 93
((11,3),(6,7)); 95
((11,3),(6,8)); 93
((11,3),(6,9)); 96
((11,3),(7,8)); 98
((11,3),(7,9)); 94
((11,3),(8,9)); 93
((11,4),(2,3)); 51
((11,4),(2,5)); 1
((11,4),(2,6)); 1
((11,4),(2,7)); 1
((11,4),(2,8)); 1
((11,4),(2,9)); 1
((11,4),(3,5)); 2
((11,4),(3,6)); 2
((11,4),(3,7)); 2
((11,4),(3,8)); 2
((11,4),(3,9)); 2
((11,4),(5,6)); 96
((11,4),(5,7)); 95
((11,4),(5,8)); 93
((11,4),(5,9)); 93
((11,4),(6,7)); 95
((11,4),(6,8)); 93
((11,4),(6,9)); 96
((11,4),(7,8)); 98
((11,4),(7,9)); 94
((11,4),(8,9)); 93
((11,5),(2,3)); 96
((11,5),(2,4)); 96
((11,5),(2,6)); 3
((11,5),(2,7)); 3
((11,5),(2,8)); 4
((11,5),(2,9)); 4
((11,5),(3,4)); 96
((11,5),(3,6)); 3
((11,5),(3,7)); 3
((11,5),(3,8)); 4
((11,5),(3,9)); 4
((11,5),(4,6)); 3
((11,5),(4,7)); 3
((11,5),(4,8)); 4
((11,5),(4,9)); 4
((11,5),(6,7)); 11
((11,5),(6,8)); 8
((11,5),(6,9)); 9
((11,5),(7,8)); 72
((11,5),(7,9)); 32
((11,5),(8,9)); 29
((11,6),(2,3)); 96
((11,6),(2,4)); 96
((11,6),(2,5)); 1
((11,6),(2,7)); 1
((11,6),(2,8)); 2
((11,6),(2,9)); 2
((11,6),(3,4)); 96
((11,6),(3,5)); 1
((11,6),(3,7)); 1
((11,6),(3,8)); 2
((11,6),(3,9)); 2
((11,6),(4,5)); 1
((11,6),(4,7)); 1
((11,6),(4,8)); 2
((11,6),(4,9)); 2
((11,6),(5,7)); 17
((11,6),(5,8)); 20
((11,6),(5,9)); 9
((11,6),(7,8)); 72
((11,6),(7,9)); 31
((11,6),(8,9)); 30
((11,7),(2,3)); 96
((11,7),(2,4)); 96
((11,7),(2,5)); 2
((11,7),(2,6)); 4
((11,7),(2,8)); 1
((11,7),(2,9)); 3
((11,7),(3,4)); 96
((11,7),(3,5)); 2
((11,7),(3,6)); 4
((11,7),(3,8)); 1
((11,7),(3,9)); 3
((11,7),(4,5)); 2
((11,7),(4,6)); 4
((11,7),(4,8)); 1
((11,7),(4,9)); 3
((11,7),(5,6)); 72
((11,7),(5,8)); 15
((11,7),(5,9)); 29
((11,7),(6,8)); 13
((11,7),(6,9)); 29
((11,7),(8,9)); 13
((11,8),(2,3)); 96
((11,8),(2,4)); 96
((11,8),(2,5)); 3
((11,8),(2,6)); 5
((11,8),(2,7)); 1
((11,8),(2,9)); 4
((11,8),(3,4)); 96
((11,8),(3,5)); 3
((11,8),(3,6)); 5
((11,8),(3,7)); 1
((11,8),(3,9)); 4
((11,8),(4,5)); 3
((11,8),(4,6)); 5
((11,8),(4,7)); 1
((11,8),(4,9)); 4
((11,8),(5,6)); 72
((11,8),(5,7)); 13
((11,8),(5,9)); 29
((11,8),(6,7)); 15
((11,8),(6,9)); 30
((11,8),(7,9)); 14
((11,9),(2,3)); 96
((11,9),(2,4)); 96
((11,9),(2,5)); 3
((11,9),(2,6)); 2
((11,9),(2,7)); 3
((11,9),(2,8)); 3
((11,9),(3,4)); 96
((11,9),(3,5)); 3
((11,9),(3,6)); 2
((11,9),(3,7)); 3
((11,9),(3,8)); 3
((11,9),(4,5)); 3
((11,9),(4,6)); 2
((11,9),(4,7)); 3
((11,9),(4,8)); 3
((11,9),(5,6)); 82
((11,9),(5,7)); 39
((11,9),(5,8)); 42
((11,9),(6,7)); 40
((11,9),(6,8)); 40
((11,9),(7,8)); 73
((2,3),(4,5)); 52
((2,3),(4,6)); 52
((2,3),(4,7)); 52
((2,3),(4,8)); 52
((2,3),(4,9)); 52
((2,3),(5,6)); 100
((2,3),(5,7)); 100
((2,3),(5,8)); 100
((2,3),(5,9)); 100
((2,3),(6,7)); 100
((2,3),(6,8)); 100
((2,3),(6,9)); 100
((2,3),(7,8)); 100
((2,3),(7,9)); 100
((2,3),(8,9)); 100
((2,4),(3,5)); 27
((2,4),(3,6)); 27
((2,4),(3,7)); 27
((2,4),(3,8)); 27
((2,4),(3,9)); 27
((2,4),(5,6)); 100
((2,4),(5,7)); 100
((2,4),(5,8)); 100
((2,4),(5,9)); 100
((2,4),(6,7)); 100
((2,4),(6,8)); 100
((2,4),(6,9)); 100
((2,4),(7,8)); 100
((2,4),(7,9)); 100
((2,4),(8,9)); 100
((2,5),(3,4)); 21
((2,5),(6,7)); 11
((2,5),(6,8)); 8
((2,5),(6,9)); 9
((2,5),(7,8)); 72
((2,5),(7,9)); 31
((2,5),(8,9)); 28
((2,6),(3,4)); 21
((2,6),(5,7)); 18
((2,6),(5,8)); 21
((2,6),(5,9)); 10
((2,6),(7,8)); 72
((2,6),(7,9)); 31
((2,6),(8,9)); 30
((2,7),(3,4)); 21
((2,7),(5,6)); 71
((2,7),(5,8)); 15
((2,7),(5,9)); 28
((2,7),(6,8)); 13
((2,7),(6,9)); 29
((2,7),(8,9)); 13
((2,8),(3,4)); 21
((2,8),(5,6)); 71
((2,8),(5,7)); 13
((2,8),(5,9)); 29
((2,8),(6,7)); 15
((2,8),(6,9)); 31
((2,8),(7,9)); 15
((2,9),(3,4)); 21
((2,9),(5,6)); 81
((2,9),(5,7)); 41
((2,9),(5,8)); 43
((2,9),(6,7)); 40
((2,9),(6,8)); 39
((2,9),(7,8)); 72
((3,4),(5,6)); 100
((3,4),(5,7)); 100
((3,4),(5,8)); 100
((3,4),(5,9)); 100
((3,4),(6,7)); 100
((3,4),(6,8)); 100
((3,4),(6,9)); 100
((3,4),(7,8)); 100
((3,4),(7,9)); 100
((3,4),(8,9)); 100
((3,5),(6,7)); 11
((3,5),(6,8)); 8
((3,5),(6,9)); 9
((3,5),(7,8)); 72
((3,5),(7,9)); 31
((3,5),(8,9)); 28
((3,6),(5,7)); 18
((3,6),(5,8)); 21
((3,6),(5,9)); 10
((3,6),(7,8)); 72
((3,6),(7,9)); 31
((3,6),(8,9)); 30
((3,7),(5,6)); 71
((3,7),(5,8)); 15
((3,7),(5,9)); 28
((3,7),(6,8)); 13
((3,7),(6,9)); 29
((3,7),(8,9)); 13
((3,8),(5,6)); 71
((3,8),(5,7)); 13
((3,8),(5,9)); 29
((3,8),(6,7)); 15
((3,8),(6,9)); 31
((3,8),(7,9)); 15
((3,9),(5,6)); 81
((3,9),(5,7)); 41
((3,9),(5,8)); 43
((3,9),(6,7)); 40
((3,9),(6,8)); 39
((3,9),(7,8)); 72
((4,5),(6,7)); 11
((4,5),(6,8)); 8
((4,5),(6,9)); 9
((4,5),(7,8)); 72
((4,5),(7,9)); 31
((4,5),(8,9)); 28
((4,6),(5,7)); 18
((4,6),(5,8)); 21
((4,6),(5,9)); 10
((4,6),(7,8)); 72
((4,6),(7,9)); 31
((4,6),(8,9)); 30
((4,7),(5,6)); 71
((4,7),(5,8)); 15
((4,7),(5,9)); 28
((4,7),(6,8)); 13
((4,7),(6,9)); 29
((4,7),(8,9)); 13
((4,8),(5,6)); 71
((4,8),(5,7)); 13
((4,8),(5,9)); 29
((4,8),(6,7)); 15
((4,8),(6,9)); 31
((4,8),(7,9)); 15
((4,9),(5,6)); 81
((4,9),(5,7)); 41
((4,9),(5,8)); 43
((4,9),(6,7)); 40
((4,9),(6,8)); 39
((4,9),(7,8)); 72
((5,6),(7,8)); 85
((5,6),(7,9)); 72
((5,6),(8,9)); 72
((5,7),(6,8)); 4
((5,7),(6,9)); 18
((5,7),(8,9)); 14
((5,8),(6,7)); 11
((5,8),(6,9)); 20
((5,8),(7,9)); 23
((5,9),(6,7)); 10
((5,9),(6,8)); 8
((5,9),(7,8)); 63
((6,7),(8,9)); 17
((6,8),(7,9)); 17
((6,9),(7,8)); 66
