((1,10),(11,7)); 1
((1,10),(11,8)); 1
((1,10),(2,3)); 31
((1,10),(2,4)); 20
((1,10),(3,4)); 22
((1,10),(5,6)); 78
((1,10),(5,7)); 57
((1,10),(5,8)); 57
((1,10),(5,9)); 60
((1,10),(6,7)); 54
((1,10),(6,8)); 54
((1,10),(6,9)); 57
((1,10),(7,8)); 81
((1,10),(7,9)); 52
((1,10),(8,9)); 48
((1,11),(10,4)); 2
((1,11),(10,5)); 97
((1,11),(10,6)); 97
((1,11),(10,7)); 96
((1,11),(10,8)); 96
((1,11),(10,9)); 97
((1,11),(2,3)); 31
((1,11),(2,4)); 20
((1,11),(3,4)); 22
((1,11),(4,5)); 2
((1,11),(4,6)); 2
((1,11),(4,7)); 2
((1,11),(4,8)); 2
((1,11),(4,9)); 2
((1,11),(5,6)); 100
((1,11),(5,7)); 99
((1,11),(5,8)); 99
((1,11),(5,9)); 100
((1,11),(6,7)); 99
((1,11),(6,8)); 99
((1,11),(6,9)); 100
((1,11),(7,8)); 99
((1,11),(7,9)); 99
((1,11),(8,9)); 99
((1,2),(10,11)); 100
((1,2),(10,3)); 36
((1,2),(10,4)); 62
((1,2),(10,5)); 100
((1,2),(10,6)); 100
((1,2),(10,7)); 100
((1,2),(10,8)); 100
((1,2),(10,9)); 100
((1,2),(11,3)); 36
((1,2),(11,4)); 62
((1,2),(11,5)); 100
((1,2),(11,6)); 100
((1,2),(11,7)); 100
((1,2),(11,8)); 100
((1,2),(11,9)); 100
((1,2),(3,4)); 36
((1,2),(3,5)); 36
((1,2),(3,6)); 36
((1,2),(3,7)); 36
((1,2),(3,8)); 36
((1,2),(3,9)); 36
((1,2),(4,5)); 62
((1,2),(4,6)); 62
((1,2),(4,7)); 62
((1,2),(4,8)); 62
((1,2),(4,9)); 62
((1,2),(5,6)); 100
((1,2),(5,7)); 100
((1,2),(5,8)); 100
((1,2),(5,9)); 100
((1,2),(6,7)); 100
((1,2),(6,8)); 100
((1,2),(6,9)); 100
((1,2),(7,8)); 100
((1,2),(7,9)); 100
((1,2),(8,9)); 100
((1,3),(10,11)); 100
((1,3),(10,2)); 33
((1,3),(10,4)); 58
((1,3),(10,5)); 100
((1,3),(10,6)); 100
((1,3),(10,7)); 100
((1,3),(10,8)); 100
((1,3),(10,9)); 100
((1,3),(11,2)); 33
((1,3),(11,4)); 58
((1,3),(11,5)); 100
((1,3),(11,6)); 100
((1,3),(11,7)); 100
((1,3),(11,8)); 100
((1,3),(11,9)); 100
((1,3),(2,4)); 38
((1,3),(2,5)); 33
((1,3),(2,6)); 33
((1,3),(2,7)); 33
((1,3),(2,8)); 33
((1,3),(2,9)); 33
((1,3),(4,5)); 58
((1,3),(4,6)); 58
((1,3),(4,7)); 58
((1,3),(4,8)); 58
((1,3),(4,9)); 58
((1,3),(5,6)); 100
((1,3),(5,7)); 100
((1,3),(5,8)); 100
((1,3),(5,9)); 100
((1,3),(6,7)); 100
((1,3),(6,8)); 100
((1,3),(6,9)); 100
((1,3),(7,8)); 100
((1,3),(7,9)); 100
((1,3),(8,9)); 100
((1,4),(10,11)); 98
((1,4),(10,2)); 18
((1,4),(10,3)); 20
((1,4),(10,5)); 100
((1,4),(10,6)); 100
((1,4),(10,7)); 100
((1,4),(10,8)); 100
((1,4),(10,9)); 100
((1,4),(11,2)); 18
((1,4),(11,3)); 20
((1,4),(11,5)); 98
((1,4),(11,6)); 98
((1,4),(11,7)); 98
((1,4),(11,8)); 98
((1,4),(11,9)); 98
((1,4),(2,3)); 26
((1,4),(2,5)); 18
((1,4),(2,6)); 18
((1,4),(2,7)); 18
((1,4),(2,8)); 18
((1,4),(2,9)); 18
((1,4),(3,5)); 20
((1,4),(3,6)); 20
((1,4),(3,7)); 20
((1,4),(3,8)); 20
((1,4),(3,9)); 20
((1,4),(5,6)); 100
((1,4),(5,7)); 100
((1,4),(5,8)); 100
((1,4),(5,9)); 100
((1,4),(6,7)); 100
((1,4),(6,8)); 100
((1,4),(6,9)); 100
((1,4),(7,8)); 100
((1,4),(7,9)); 100
((1,4),(8,9)); 100
((1,5),(10,11)); 3
((1,5),(10,6)); 7
((1,5),(10,7)); 22
((1,5),(10,8)); 21
((1,5),(10,9)); 22
((1,5),(11,7)); 1
((1,5),(11,8)); 1
((1,5),(2,3)); 31
((1,5),(2,4)); 20
((1,5),(3,4)); 22
((1,5),(6,7)); 12
((1,5),(6,8)); 15
((1,5),(6,9)); 11
((1,5),(7,8)); 72
((1,5),(7,9)); 21
((1,5),(8,9)); 22
((1,6),(10,11)); 3
((1,6),(10,5)); 15
((1,6),(10,7)); 26
((1,6),(10,8)); 26
((1,6),(10,9)); 25
((1,6),(11,7)); 1
((1,6),(11,8)); 1
((1,6),(2,3)); 31
((1,6),(2,4)); 20
((1,6),(3,4)); 22
((1,6),(5,7)); 27
((1,6),(5,8)); 24
((1,6),(5,9)); 19
((1,6),(7,8)); 74
((1,6),(7,9)); 26
((1,6),(8,9)); 26
((1,7),(10,11)); 3
((1,7),(10,5)); 21
((1,7),(10,6)); 20
((1,7),(10,8)); 6
((1,7),(10,9)); 24
((1,7),(2,3)); 31
((1,7),(2,4)); 20
((1,7),(3,4)); 22
((1,7),(5,6)); 61
((1,7),(5,8)); 13
((1,7),(5,9)); 28
((1,7),(6,8)); 11
((1,7),(6,9)); 26
((1,7),(8,9)); 11
((1,8),(10,11)); 3
((1,8),(10,5)); 22
((1,8),(10,6)); 20
((1,8),(10,7)); 13
((1,8),(10,9)); 29
((1,8),(11,7)); 1
((1,8),(2,3)); 31
((1,8),(2,4)); 20
((1,8),(3,4)); 22
((1,8),(5,6)); 61
((1,8),(5,7)); 15
((1,8),(5,9)); 29
((1,8),(6,7)); 15
((1,8),(6,9)); 28
((1,8),(7,9)); 15
((1,9),(10,11)); 3
((1,9),(10,5)); 18
((1,9),(10,6)); 18
((1,9),(10,7)); 24
((1,9),(10,8)); 23
((1,9),(11,7)); 1
((1,9),(11,8)); 1
((1,9),(2,3)); 31
((1,9),(2,4)); 20
((1,9),(3,4)); 22
((1,9),(5,6)); 70
((1,9),(5,7)); 51
((1,9),(5,8)); 49
((1,9),(6,7)); 48
((1,9),(6,8)); 46
((1,9),(7,8)); 74
((10,11),(2,3)); 100
((10,11),(2,4)); 98
((10,11),(2,5)); 3
((10,11),(2,6)); 3
((10,11),(2,7)); 3
((10,11),(2,8)); 3
((10,11),(2,9)); 3
((10,11),(3,4)); 98
((10,11),(3,5)); 3
((10,11),(3,6)); 3
((10,11),(3,7)); 3
((10,11),(3,8)); 3
((10,11),(3,9)); 3
((10,11),(4,5)); 3
((10,11),(4,6)); 3
((10,11),(4,7)); 3
((10,11),(4,8)); 3
((10,11),(4,9)); 3
((10,11),(5,6)); 78
((10,11),(5,7)); 57
((10,11),(5,8)); 57
((10,11),(5,9)); 60
((10,11),(6,7)); 54
((10,11),(6,8)); 54
((10,11),(6,9)); 57
((10,11),(7,8)); 80
((10,11),(7,9)); 52
((10,11),(8,9)); 48
((10,2),(11,7)); 1
((10,2),(11,8)); 1
((10,2),(3,4)); 20
((10,2),(5,6)); 78
((10,2),(5,7)); 57
((10,2),(5,8)); 57
((10,2),(5,9)); 60
((10,2),(6,7)); 54
((10,2),(6,8)); 54
((10,2),(6,9)); 57
((10,2),(7,8)); 81
((10,2),(7,9)); 52
((10,2),(8,9)); 48
((10,3),(11,7)); 1
((10,3),(11,8)); 1
((10,3),(2,4)); 25
((10,3),(5,6)); 78
((10,3),(5,7)); 57
((10,3),(5,8)); 57
((10,3),(5,9)); 60
((10,3),(6,7)); 54
((10,3),(6,8)); 54
((10,3),(6,9)); 57
((10,3),(7,8)); 81
((10,3),(7,9)); 52
((10,3),(8,9)); 48
((10,4),(11,2)); 2
((10,4),(11,3)); 2
((10,4),(11,7)); 1
((10,4),(11,8)); 1
((10,4),(2,3)); 55
((10,4),(5,6)); 78
((10,4),(5,7)); 57
((10,4),(5,8)); 57
((10,4),(5,9)); 60
((10,4),(6,7)); 54
((10,4),(6,8)); 54
((10,4),(6,9)); 57
((10,4),(7,8)); 81
((10,4),(7,9)); 52
((10,4),(8,9)); 48
((10,5),(11,2)); 97
((10,5),(11,3)); 97
((10,5),(11,4)); 97
((10,5),(11,6)); 15
((10,5),(11,7)); 21
((10,5),(11,8)); 22
((10,5),(11,9)); 18
((10,5),(2,3)); 100
((10,5),(2,4)); 100
((10,5),(2,6)); 15
((10,5),(2,7)); 21
((10,5),(2,8)); 22
((10,5),(2,9)); 18
((10,5),(3,4)); 100
((10,5),(3,6)); 15
((10,5),(3,7)); 21
((10,5),(3,8)); 22
((10,5),(3,9)); 18
((10,5),(4,6)); 15
((10,5),(4,7)); 21
((10,5),(4,8)); 22
((10,5),(4,9)); 18
((10,5),(6,7)); 14
((10,5),(6,8)); 14
((10,5),(6,9)); 17
((10,5),(7,8)); 69
((10,5),(7,9)); 24
((10,5),(8,9)); 23
((10,6),(11,2)); 97
((10,6),(11,3)); 97
((10,6),(11,4)); 97
((10,6),(11,5)); 7
((10,6),(11,7)); 20
((10,6),(11,8)); 20
((10,6),(11,9)); 18
((10,6),(2,3)); 100
((10,6),(2,4)); 100
((10,6),(2,5)); 7
((10,6),(2,7)); 20
((10,6),(2,8)); 20
((10,6),(2,9)); 18
((10,6),(3,4)); 100
((10,6),(3,5)); 7
((10,6),(3,7)); 20
((10,6),(3,8)); 20
((10,6),(3,9)); 18
((10,6),(4,5)); 7
((10,6),(4,7)); 20
((10,6),(4,8)); 20
((10,6),(4,9)); 18
((10,6),(5,7)); 20
((10,6),(5,8)); 22
((10,6),(5,9)); 17
((10,6),(7,8)); 74
((10,6),(7,9)); 24
((10,6),(8,9)); 24
((10,7),(11,2)); 96
((10,7),(11,3)); 96
((10,7),(11,4)); 96
((10,7),(11,5)); 22
((10,7),(11,6)); 26
((10,7),(11,8)); 13
((10,7),(11,9)); 24
((10,7),(2,3)); 100
((10,7),(2,4)); 100
((10,7),(2,5)); 22
((10,7),(2,6)); 26
((10,7),(2,8)); 13
((10,7),(2,9)); 24
((10,7),(3,4)); 100
((10,7),(3,5)); 22
((10,7),(3,6)); 26
((10,7),(3,8)); 13
((10,7),(3,9)); 24
((10,7),(4,5)); 22
((10,7),(4,6)); 26
((10,7),(4,8)); 13
((10,7),(4,9)); 24
((10,7),(5,6)); 66
((10,7),(5,8)); 14
((10,7),(5,9)); 31
((10,7),(6,8)); 13
((10,7),(6,9)); 32
((10,7),(8,9)); 14
((10,8),(11,2)); 96
((10,8),(11,3)); 96
((10,8),(11,4)); 96
((10,8),(11,5)); 21
((10,8),(11,6)); 26
((10,8),(11,7)); 7
((10,8),(11,9)); 23
((10,8),(2,3)); 100
((10,8),(2,4)); 100
((10,8),(2,5)); 21
((10,8),(2,6)); 26
((10,8),(2,7)); 6
((10,8),(2,9)); 23
((10,8),(3,4)); 100
((10,8),(3,5)); 21
((10,8),(3,6)); 26
((10,8),(3,7)); 6
((10,8),(3,9)); 23
((10,8),(4,5)); 21
((10,8),(4,6)); 26
((10,8),(4,7)); 6
((10,8),(4,9)); 23
((10,8),(5,6)); 64
((10,8),(5,7)); 17
((10,8),(5,9)); 31
((10,8),(6,7)); 13
((10,8),(6,9)); 31
((10,8),(7,9)); 14
((10,9),(11,2)); 97
((10,9),(11,3)); 97
((10,9),(11,4)); 97
((10,9),(11,5)); 22
((10,9),(11,6)); 25
((10,9),(11,7)); 24
((10,9),(11,8)); 29
((10,9),(2,3)); 100
((10,9),(2,4)); 100
((10,9),(2,5)); 22
((10,9),(2,6)); 25
((10,9),(2,7)); 24
((10,9),(2,8)); 29
((10,9),(3,4)); 100
((10,9),(3,5)); 22
((10,9),(3,6)); 25
((10,9),(3,7)); 24
((10,9),(3,8)); 29
((10,9),(4,5)); 22
((10,9),(4,6)); 25
((10,9),(4,7)); 24
((10,9),(4,8)); 29
((10,9),(5,6)); 66
((10,9),(5,7)); 45
((10,9),(5,8)); 46
((10,9),(6,7)); 44
((10,9),(6,8)); 45
((10,9),(7,8)); 72
((11,2),(3,4)); 20
((11,2),(4,5)); 2
((11,2),(4,6)); 2
((11,2),(4,7)); 2
((11,2),(4,8)); 2
((11,2),(4,9)); 2
((11,2),(5,6)); 100
((11,2),(5,7)); 99
((11,2),(5,8)); 99
((11,2),(5,9)); 100
((11,2),(6,7)); 99
((11,2),(6,8)); 99
((11,2),(6,9)); 100
((11,2),(7,8)); 99
((11,2),(7,9)); 99
((11,2),(8,9)); 99
((11,3),(2,4)); 25
((11,3),(4,5)); 2
((11,3),(4,6)); 2
((11,3),(4,7)); 2
((11,3),(4,8)); 2
((11,3),(4,9)); 2
((11,3),(5,6)); 100
((11,3),(5,7)); 99
((11,3),(5,8)); 99
((11,3),(5,9)); 100
((11,3),(6,7)); 99
((11,3),(6,8)); 99
((11,3),(6,9)); 100
((11,3),(7,8)); 99
((11,3),(7,9)); 99
((11,3),(8,9)); 99
((11,4),(2,3)); 55
((11,4),(5,6)); 100
((11,4),(5,7)); 99
((11,4),(5,8)); 99
((11,4),(5,9)); 100
((11,4),(6,7)); 99
((11,4),(6,8)); 99
((11,4),(6,9)); 100
((11,4),(7,8)); 99
((11,4),(7,9)); 99
((11,4),(8,9)); 99
((11,5),(2,3)); 100
((11,5),(2,4)); 98
((11,5),(3,4)); 98
((11,5),(6,7)); 12
((11,5),(6,8)); 15
((11,5),(6,9)); 11
((11,5),(7,8)); 71
((11,5),(7,9)); 21
((11,5),(8,9)); 22
((11,6),(2,3)); 100
((11,6),(2,4)); 98
((11,6),(3,4)); 98
((11,6),(5,7)); 27
((11,6),(5,8)); 24
((11,6),(5,9)); 19
((11,6),(7,8)); 73
((11,6),(7,9)); 26
((11,6),(8,9)); 26
((11,7),(2,3)); 100
((11,7),(2,4)); 98
((11,7),(2,5)); 1
((11,7),(2,6)); 1
((11,7),(2,8)); 1
((11,7),(2,9)); 1
((11,7),(3,4)); 98
((11,7),(3,5)); 1
((11,7),(3,6)); 1
((11,7),(3,8)); 1
((11,7),(3,9)); 1
((11,7),(4,5)); 1
((11,7),(4,6)); 1
((11,7),(4,8)); 1
((11,7),(4,9)); 1
((11,7),(5,6)); 61
((11,7),(5,8)); 14
((11,7),(5,9)); 28
((11,7),(6,8)); 12
((11,7),(6,9)); 26
((11,7),(8,9)); 12
((11,8),(2,3)); 100
((11,8),(2,4)); 98
((11,8),(2,5)); 1
((11,8),(2,6)); 1
((11,8),(2,9)); 1
((11,8),(3,4)); 98
((11,8),(3,5)); 1
((11,8),(3,6)); 1
((11,8),(3,9)); 1
((11,8),(4,5)); 1
((11,8),(4,6)); 1
((11,8),(4,9)); 1
((11,8),(5,6)); 61
((11,8),(5,7)); 15
((11,8),(5,9)); 29
((11,8),(6,7)); 15
((11,8),(6,9)); 28
((11,8),(7,9)); 15
((11,9),(2,3)); 100
((11,9),(2,4)); 98
((11,9),(3,4)); 98
((11,9),(5,6)); 70
((11,9),(5,7)); 51
((11,9),(5,8)); 49
((11,9),(6,7)); 48
((11,9),(6,8)); 46
((11,9),(7,8)); 73
((2,3),(4,5)); 55
((2,3),(4,6)); 55
((2,3),(4,7)); 55
((2,3),(4,8)); 55
((2,3),(4,9)); 55
((2,3),(5,6)); 100
((2,3),(5,7)); 100
((2,3),(5,8)); 100
((2,3),(5,9)); 100
((2,3),(6,7)); 100
((2,3),(6,8)); 100
((2,3),(6,9)); 100
((2,3),(7,8)); 100
((2,3),(7,9)); 100
((2,3),(8,9)); 100
((2,4),(3,5)); 25
((2,4),(3,6)); 25
((2,4),(3,7)); 25
((2,4),(3,8)); 25
((2,4),(3,9)); 25
((2,4),(5,6)); 100
((2,4),(5,7)); 100
((2,4),(5,8)); 100
((2,4),(5,9)); 100
((2,4),(6,7)); 100
((2,4),(6,8)); 100
((2,4),(6,9)); 100
((2,4),(7,8)); 100
((2,4),(7,9)); 100
((2,4),(8,9)); 100
((2,5),(3,4)); 20
((2,5),(6,7)); 12
((2,5),(6,8)); 15
((2,5),(6,9)); 11
((2,5),(7,8)); 72
((2,5),(7,9)); 21
((2,5),(8,9)); 22
((2,6),(3,4)); 20
((2,6),(5,7)); 27
((2,6),(5,8)); 24
((2,6),(5,9)); 19
((2,6),(7,8)); 74
((2,6),(7,9)); 26
((2,6),(8,9)); 26
((2,7),(3,4)); 20
((2,7),(5,6)); 61
((2,7),(5,8)); 13
((2,7),(5,9)); 28
((2,7),(6,8)); 11
((2,7),(6,9)); 26
((2,7),(8,9)); 11
((2,8),(3,4)); 20
((2,8),(5,6)); 61
((2,8),(5,7)); 15
((2,8),(5,9)); 29
((2,8),(6,7)); 15
((2,8),(6,9)); 28
((2,8),(7,9)); 15
((2,9),(3,4)); 20
((2,9),(5,6)); 70
((2,9),(5,7)); 51
((2,9),(5,8)); 49
((2,9),(6,7)); 48
((2,9),(6,8)); 46
((2,9),(7,8)); 74
((3,4),(5,6)); 100
((3,4),(5,7)); 100
((3,4),(5,8)); 100
((3,4),(5,9)); 100
((3,4),(6,7)); 100
((3,4),(6,8)); 100
((3,4),(6,9)); 100
((3,4),(7,8)); 100
((3,4),(7,9)); 100
((3,4),(8,9)); 100
((3,5),(6,7)); 12
((3,5),(6,8)); 15
((3,5),(6,9)); 11
((3,5),(7,8)); 72
((3,5),(7,9)); 21
((3,5),(8,9)); 22
((3,6),(5,7)); 27
((3,6),(5,8)); 24
((3,6),(5,9)); 19
((3,6),(7,8)); 74
((3,6),(7,9)); 26
((3,6),(8,9)); 26
((3,7),(5,6)); 61
((3,7),(5,8)); 13
((3,7),(5,9)); 28
((3,7),(6,8)); 11
((3,7),(6,9)); 26
((3,7),(8,9)); 11
((3,8),(5,6)); 61
((3,8),(5,7)); 15
((3,8),(5,9)); 29
((3,8),(6,7)); 15
((3,8),(6,9)); 28
((3,8),(7,9)); 15
((3,9),(5,6)); 70
((3,9),(5,7)); 51
((3,9),(5,8)); 49
((3,9),(6,7)); 48
((3,9),(6,8)); 46
((3,9),(7,8)); 74
((4,5),(6,7)); 12
((4,5),(6,8)); 15
((4,5),(6,9)); 11
((4,5),(7,8)); 72
((4,5),(7,9)); 21
((4,5),(8,9)); 22
((4,6),(5,7)); 27
((4,6),(5,8)); 24
((4,6),(5,9)); 19
((4,6),(7,8)); 74
((4,6),(7,9)); 26
((4,6),(8,9)); 26
((4,7),(5,6)); 61
((4,7),(5,8)); 13
((4,7),(5,9)); 28
((4,7),(6,8)); 11
((4,7),(6,9)); 26
((4,7),(8,9)); 11
((4,8),(5,6)); 61
((4,8),(5,7)); 15
((4,8),(5,9)); 29
((4,8),(6,7)); 15
((4,8),(6,9)); 28
((4,8),(7,9)); 15
((4,9),(5,6)); 70
((4,9),(5,7)); 51
((4,9),(5,8)); 49
((4,9),(6,7)); 48
((4,9),(6,8)); 46
((4,9),(7,8)); 74
((5,6),(7,8)); 76
((5,6),(7,9)); 62
((5,6),(8,9)); 63
((5,7),(6,8)); 11
((5,7),(6,9)); 23
((5,7),(8,9)); 16
((5,8),(6,7)); 13
((5,8),(6,9)); 23
((5,8),(7,9)); 15
((5,9),(6,7)); 15
((5,9),(6,8)); 14
((5,9),(7,8)); 69
((6,7),(8,9)); 16
((6,8),(7,9)); 14
((6,9),(7,8)); 70
