((1,10),(11,2)); 1
((1,10),(11,3)); 1
((1,10),(11,4)); 2
((1,10),(11,5)); 5
((1,10),(11,6)); 4
((1,10),(11,7)); 3
((1,10),(11,8)); 4
((1,10),(11,9)); 3
((1,10),(2,3)); 39
((1,10),(2,4)); 27
((1,10),(3,4)); 30
((1,10),(5,6)); 85
((1,10),(5,7)); 50
((1,10),(5,8)); 51
((1,10),(5,9)); 50
((1,10),(6,7)); 51
((1,10),(6,8)); 48
((1,10),(6,9)); 52
((1,10),(7,8)); 78
((1,10),(7,9)); 49
((1,10),(8,9)); 45
((1,11),(10,2)); 4
((1,11),(10,3)); 3
((1,11),(10,4)); 3
((1,11),(10,5)); 95
((1,11),(10,6)); 96
((1,11),(10,7)); 95
((1,11),(10,8)); 94
((1,11),(10,9)); 95
((1,11),(2,3)); 40
((1,11),(2,4)); 28
((1,11),(2,5)); 4
((1,11),(2,6)); 4
((1,11),(2,7)); 4
((1,11),(2,8)); 4
((1,11),(2,9)); 4
((1,11),(3,4)); 33
((1,11),(3,5)); 3
((1,11),(3,6)); 3
((1,11),(3,7)); 3
((1,11),(3,8)); 3
((1,11),(3,9)); 3
((1,11),(4,5)); 3
((1,11),(4,6)); 3
((1,11),(4,7)); 3
((1,11),(4,8)); 3
((1,11),(4,9)); 3
((1,11),(5,6)); 98
((1,11),(5,7)); 95
((1,11),(5,8)); 95
((1,11),(5,9)); 95
((1,11),(6,7)); 96
((1,11),(6,8)); 95
((1,11),(6,9)); 95
((1,11),(7,8)); 98
((1,11),(7,9)); 95
((1,11),(8,9)); 95
((1,2),(10,11)); 95
((1,2),(10,3)); 33
((1,2),(10,4)); 53
((1,2),(10,5)); 100
((1,2),(10,6)); 100
((1,2),(10,7)); 100
((1,2),(10,8)); 100
((1,2),(10,9)); 100
((1,2),(11,3)); 31
((1,2),(11,4)); 52
((1,2),(11,5)); 95
((1,2),(11,6)); 95
((1,2),(11,7)); 95
((1,2),(11,8)); 95
((1,2),(11,9)); 95
((1,2),(3,4)); 36
((1,2),(3,5)); 33
((1,2),(3,6)); 33
((1,2),(3,7)); 33
((1,2),(3,8)); 33
((1,2),(3,9)); 33
((1,2),(4,5)); 53
((1,2),(4,6)); 53
((1,2),(4,7)); 53
((1,2),(4,8)); 53
((1,2),(4,9)); 53
((1,2),(5,6)); 100
((1,2),(5,7)); 100
((1,2),(5,8)); 100
((1,2),(5,9)); 100
((1,2),(6,7)); 100
((1,2),(6,8)); 100
((1,2),(6,9)); 100
((1,2),(7,8)); 100
((1,2),(7,9)); 100
((1,2),(8,9)); 100
((1,3),(10,11)); 96
((1,3),(10,2)); 28
((1,3),(10,4)); 51
((1,3),(10,5)); 100
((1,3),(10,6)); 100
((1,3),(10,7)); 100
((1,3),(10,8)); 100
((1,3),(10,9)); 100
((1,3),(11,2)); 29
((1,3),(11,4)); 50
((1,3),(11,5)); 96
((1,3),(11,6)); 96
((1,3),(11,7)); 96
((1,3),(11,8)); 96
((1,3),(11,9)); 96
((1,3),(2,4)); 34
((1,3),(2,5)); 28
((1,3),(2,6)); 28
((1,3),(2,7)); 28
((1,3),(2,8)); 28
((1,3),(2,9)); 28
((1,3),(4,5)); 51
((1,3),(4,6)); 51
((1,3),(4,7)); 51
((1,3),(4,8)); 51
((1,3),(4,9)); 51
((1,3),(5,6)); 100
((1,3),(5,7)); 100
((1,3),(5,8)); 100
((1,3),(5,9)); 100
((1,3),(6,7)); 100
((1,3),(6,8)); 100
((1,3),(6,9)); 100
((1,3),(7,8)); 100
((1,3),(7,9)); 100
((1,3),(8,9)); 100
((1,4),(10,11)); 95
((1,4),(10,2)); 20
((1,4),(10,3)); 19
((1,4),(10,5)); 100
((1,4),(10,6)); 100
((1,4),(10,7)); 100
((1,4),(10,8)); 100
((1,4),(10,9)); 100
((1,4),(11,2)); 20
((1,4),(11,3)); 17
((1,4),(11,5)); 95
((1,4),(11,6)); 95
((1,4),(11,7)); 95
((1,4),(11,8)); 95
((1,4),(11,9)); 95
((1,4),(2,3)); 30
((1,4),(2,5)); 20
((1,4),(2,6)); 20
((1,4),(2,7)); 20
((1,4),(2,8)); 20
((1,4),(2,9)); 20
((1,4),(3,5)); 19
((1,4),(3,6)); 19
((1,4),(3,7)); 19
((1,4),(3,8)); 19
((1,4),(3,9)); 19
((1,4),(5,6)); 100
((1,4),(5,7)); 100
((1,4),(5,8)); 100
((1,4),(5,9)); 100
((1,4),(6,7)); 100
((1,4),(6,8)); 100
((1,4),(6,9)); 100
((1,4),(7,8)); 100
((1,4),(7,9)); 100
((1,4),(8,9)); 100
((1,5),(10,6)); 8
((1,5),(10,7)); 32
((1,5),(10,8)); 27
((1,5),(10,9)); 27
((1,5),(11,2)); 1
((1,5),(11,3)); 1
((1,5),(11,4)); 2
((1,5),(11,6)); 1
((1,5),(11,7)); 1
((1,5),(11,8)); 2
((1,5),(11,9)); 1
((1,5),(2,3)); 39
((1,5),(2,4)); 27
((1,5),(3,4)); 30
((1,5),(6,7)); 14
((1,5),(6,8)); 9
((1,5),(6,9)); 12
((1,5),(7,8)); 71
((1,5),(7,9)); 38
((1,5),(8,9)); 37
((1,6),(10,5)); 7
((1,6),(10,7)); 30
((1,6),(10,8)); 28
((1,6),(10,9)); 27
((1,6),(11,2)); 1
((1,6),(11,3)); 1
((1,6),(11,4)); 2
((1,6),(11,5)); 1
((1,6),(11,7)); 1
((1,6),(11,8)); 2
((1,6),(11,9)); 1
((1,6),(2,3)); 39
((1,6),(2,4)); 27
((1,6),(3,4)); 30
((1,6),(5,7)); 10
((1,6),(5,8)); 12
((1,6),(5,9)); 5
((1,6),(7,8)); 70
((1,6),(7,9)); 37
((1,6),(8,9)); 35
((1,7),(10,11)); 2
((1,7),(10,5)); 18
((1,7),(10,6)); 19
((1,7),(10,8)); 8
((1,7),(10,9)); 22
((1,7),(11,2)); 1
((1,7),(11,3)); 1
((1,7),(11,4)); 2
((1,7),(11,5)); 4
((1,7),(11,6)); 3
((1,7),(11,8)); 2
((1,7),(11,9)); 3
((1,7),(2,3)); 39
((1,7),(2,4)); 27
((1,7),(3,4)); 30
((1,7),(5,6)); 76
((1,7),(5,8)); 14
((1,7),(5,9)); 24
((1,7),(6,8)); 12
((1,7),(6,9)); 25
((1,7),(8,9)); 14
((1,8),(10,11)); 2
((1,8),(10,5)); 22
((1,8),(10,6)); 24
((1,8),(10,7)); 14
((1,8),(10,9)); 27
((1,8),(11,2)); 1
((1,8),(11,3)); 1
((1,8),(11,4)); 2
((1,8),(11,5)); 3
((1,8),(11,6)); 3
((1,8),(11,9)); 3
((1,8),(2,3)); 39
((1,8),(2,4)); 27
((1,8),(3,4)); 30
((1,8),(5,6)); 79
((1,8),(5,7)); 15
((1,8),(5,9)); 27
((1,8),(6,7)); 18
((1,8),(6,9)); 28
((1,8),(7,9)); 21
((1,9),(10,11)); 2
((1,9),(10,5)); 23
((1,9),(10,6)); 21
((1,9),(10,7)); 29
((1,9),(10,8)); 28
((1,9),(11,2)); 1
((1,9),(11,3)); 1
((1,9),(11,4)); 2
((1,9),(11,5)); 4
((1,9),(11,6)); 4
((1,9),(11,7)); 2
((1,9),(11,8)); 2
((1,9),(2,3)); 39
((1,9),(2,4)); 27
((1,9),(3,4)); 30
((1,9),(5,6)); 83
((1,9),(5,7)); 38
((1,9),(5,8)); 36
((1,9),(6,7)); 38
((1,9),(6,8)); 37
((1,9),(7,8)); 65
((10,11),(2,3)); 96
((10,11),(2,4)); 96
((10,11),(2,7)); 2
((10,11),(2,8)); 2
((10,11),(2,9)); 2
((10,11),(3,4)); 96
((10,11),(3,7)); 2
((10,11),(3,8)); 2
((10,11),(3,9)); 2
((10,11),(4,7)); 2
((10,11),(4,8)); 2
((10,11),(4,9)); 2
((10,11),(5,6)); 84
((10,11),(5,7)); 49
((10,11),(5,8)); 49
((10,11),(5,9)); 48
((10,11),(6,7)); 50
((10,11),(6,8)); 47
((10,11),(6,9)); 50
((10,11),(7,8)); 77
((10,11),(7,9)); 48
((10,11),(8,9)); 44
((10,2),(11,3)); 1
((10,2),(11,4)); 1
((10,2),(11,5)); 5
((10,2),(11,6)); 4
((10,2),(11,7)); 3
((10,2),(11,8)); 4
((10,2),(11,9)); 3
((10,2),(3,4)); 23
((10,2),(5,6)); 85
((10,2),(5,7)); 50
((10,2),(5,8)); 51
((10,2),(5,9)); 50
((10,2),(6,7)); 51
((10,2),(6,8)); 48
((10,2),(6,9)); 52
((10,2),(7,8)); 78
((10,2),(7,9)); 49
((10,2),(8,9)); 45
((10,3),(11,2)); 3
((10,3),(11,4)); 3
((10,3),(11,5)); 5
((10,3),(11,6)); 4
((10,3),(11,7)); 3
((10,3),(11,8)); 4
((10,3),(11,9)); 3
((10,3),(2,4)); 25
((10,3),(5,6)); 85
((10,3),(5,7)); 50
((10,3),(5,8)); 51
((10,3),(5,9)); 50
((10,3),(6,7)); 51
((10,3),(6,8)); 48
((10,3),(6,9)); 52
((10,3),(7,8)); 78
((10,3),(7,9)); 49
((10,3),(8,9)); 45
((10,4),(11,2)); 3
((10,4),(11,3)); 1
((10,4),(11,5)); 5
((10,4),(11,6)); 4
((10,4),(11,7)); 3
((10,4),(11,8)); 4
((10,4),(11,9)); 3
((10,4),(2,3)); 52
((10,4),(5,6)); 85
((10,4),(5,7)); 50
((10,4),(5,8)); 51
((10,4),(5,9)); 50
((10,4),(6,7)); 51
((10,4),(6,8)); 48
((10,4),(6,9)); 52
((10,4),(7,8)); 78
((10,4),(7,9)); 49
((10,4),(8,9)); 45
((10,5),(11,2)); 95
((10,5),(11,3)); 95
((10,5),(11,4)); 95
((10,5),(11,6)); 8
((10,5),(11,7)); 16
((10,5),(11,8)); 21
((10,5),(11,9)); 23
((10,5),(2,3)); 100
((10,5),(2,4)); 100
((10,5),(2,6)); 7
((10,5),(2,7)); 18
((10,5),(2,8)); 22
((10,5),(2,9)); 23
((10,5),(3,4)); 100
((10,5),(3,6)); 7
((10,5),(3,7)); 18
((10,5),(3,8)); 22
((10,5),(3,9)); 23
((10,5),(4,6)); 7
((10,5),(4,7)); 18
((10,5),(4,8)); 22
((10,5),(4,9)); 23
((10,5),(6,7)); 12
((10,5),(6,8)); 7
((10,5),(6,9)); 12
((10,5),(7,8)); 65
((10,5),(7,9)); 33
((10,5),(8,9)); 33
((10,6),(11,2)); 96
((10,6),(11,3)); 96
((10,6),(11,4)); 96
((10,6),(11,5)); 8
((10,6),(11,7)); 17
((10,6),(11,8)); 22
((10,6),(11,9)); 22
((10,6),(2,3)); 100
((10,6),(2,4)); 100
((10,6),(2,5)); 8
((10,6),(2,7)); 19
((10,6),(2,8)); 24
((10,6),(2,9)); 21
((10,6),(3,4)); 100
((10,6),(3,5)); 8
((10,6),(3,7)); 19
((10,6),(3,8)); 24
((10,6),(3,9)); 21
((10,6),(4,5)); 8
((10,6),(4,7)); 19
((10,6),(4,8)); 24
((10,6),(4,9)); 21
((10,6),(5,7)); 9
((10,6),(5,8)); 13
((10,6),(5,9)); 5
((10,6),(7,8)); 64
((10,6),(7,9)); 33
((10,6),(8,9)); 32
((10,7),(11,2)); 95
((10,7),(11,3)); 95
((10,7),(11,4)); 95
((10,7),(11,5)); 35
((10,7),(11,6)); 33
((10,7),(11,8)); 15
((10,7),(11,9)); 30
((10,7),(2,3)); 100
((10,7),(2,4)); 100
((10,7),(2,5)); 32
((10,7),(2,6)); 30
((10,7),(2,8)); 14
((10,7),(2,9)); 29
((10,7),(3,4)); 100
((10,7),(3,5)); 32
((10,7),(3,6)); 30
((10,7),(3,8)); 14
((10,7),(3,9)); 29
((10,7),(4,5)); 32
((10,7),(4,6)); 30
((10,7),(4,8)); 14
((10,7),(4,9)); 29
((10,7),(5,6)); 79
((10,7),(5,8)); 20
((10,7),(5,9)); 28
((10,7),(6,8)); 19
((10,7),(6,9)); 31
((10,7),(8,9)); 15
((10,8),(11,2)); 94
((10,8),(11,3)); 94
((10,8),(11,4)); 94
((10,8),(11,5)); 30
((10,8),(11,6)); 31
((10,8),(11,7)); 8
((10,8),(11,9)); 28
((10,8),(2,3)); 100
((10,8),(2,4)); 100
((10,8),(2,5)); 27
((10,8),(2,6)); 28
((10,8),(2,7)); 8
((10,8),(2,9)); 28
((10,8),(3,4)); 100
((10,8),(3,5)); 27
((10,8),(3,6)); 28
((10,8),(3,7)); 8
((10,8),(3,9)); 28
((10,8),(4,5)); 27
((10,8),(4,6)); 28
((10,8),(4,7)); 8
((10,8),(4,9)); 28
((10,8),(5,6)); 80
((10,8),(5,7)); 15
((10,8),(5,9)); 29
((10,8),(6,7)); 17
((10,8),(6,9)); 31
((10,8),(7,9)); 16
((10,9),(11,2)); 95
((10,9),(11,3)); 95
((10,9),(11,4)); 95
((10,9),(11,5)); 29
((10,9),(11,6)); 28
((10,9),(11,7)); 22
((10,9),(11,8)); 28
((10,9),(2,3)); 100
((10,9),(2,4)); 100
((10,9),(2,5)); 27
((10,9),(2,6)); 27
((10,9),(2,7)); 22
((10,9),(2,8)); 27
((10,9),(3,4)); 100
((10,9),(3,5)); 27
((10,9),(3,6)); 27
((10,9),(3,7)); 22
((10,9),(3,8)); 27
((10,9),(4,5)); 27
((10,9),(4,6)); 27
((10,9),(4,7)); 22
((10,9),(4,8)); 27
((10,9),(5,6)); 83
((10,9),(5,7)); 39
((10,9),(5,8)); 38
((10,9),(6,7)); 36
((10,9),(6,8)); 37
((10,9),(7,8)); 69
((11,2),(3,4)); 23
((11,2),(3,5)); 3
((11,2),(3,6)); 3
((11,2),(3,7)); 3
((11,2),(3,8)); 3
((11,2),(3,9)); 3
((11,2),(4,5)); 3
((11,2),(4,6)); 3
((11,2),(4,7)); 3
((11,2),(4,8)); 3
((11,2),(4,9)); 3
((11,2),(5,6)); 98
((11,2),(5,7)); 95
((11,2),(5,8)); 95
((11,2),(5,9)); 95
((11,2),(6,7)); 96
((11,2),(6,8)); 95
((11,2),(6,9)); 95
((11,2),(7,8)); 98
((11,2),(7,9)); 95
((11,2),(8,9)); 95
((11,3),(2,4)); 24
((11,3),(2,5)); 1
((11,3),(2,6)); 1
((11,3),(2,7)); 1
((11,3),(2,8)); 1
((11,3),(2,9)); 1
((11,3),(4,5)); 1
((11,3),(4,6)); 1
((11,3),(4,7)); 1
((11,3),(4,8)); 1
((11,3),(4,9)); 1
((11,3),(5,6)); 98
((11,3),(5,7)); 95
((11,3),(5,8)); 95
((11,3),(5,9)); 95
((11,3),(6,7)); 96
((11,3),(6,8)); 95
((11,3),(6,9)); 95
((11,3),(7,8)); 98
((11,3),(7,9)); 95
((11,3),(8,9)); 95
((11,4),(2,3)); 53
((11,4),(2,5)); 1
((11,4),(2,6)); 1
((11,4),(2,7)); 1
((11,4),(2,8)); 1
((11,4),(2,9)); 1
((11,4),(3,5)); 3
((11,4),(3,6)); 3
((11,4),(3,7)); 3
((11,4),(3,8)); 3
((11,4),(3,9)); 3
((11,4),(5,6)); 98
((11,4),(5,7)); 95
((11,4),(5,8)); 95
((11,4),(5,9)); 95
((11,4),(6,7)); 96
((11,4),(6,8)); 95
((11,4),(6,9)); 95
((11,4),(7,8)); 98
((11,4),(7,9)); 95
((11,4),(8,9)); 95
((11,5),(2,3)); 96
((11,5),(2,4)); 96
((11,5),(2,6)); 1
((11,5),(2,7)); 4
((11,5),(2,8)); 3
((11,5),(2,9)); 4
((11,5),(3,4)); 96
((11,5),(3,6)); 1
((11,5),(3,7)); 4
((11,5),(3,8)); 3
((11,5),(3,9)); 4
((11,5),(4,6)); 1
((11,5),(4,7)); 4
((11,5),(4,8)); 3
((11,5),(4,9)); 4
((11,5),(6,7)); 14
((11,5),(6,8)); 9
((11,5),(6,9)); 13
((11,5),(7,8)); 72
((11,5),(7,9)); 41
((11,5),(8,9)); 39
((11,6),(2,3)); 96
((11,6),(2,4)); 96
((11,6),(2,5)); 1
((11,6),(2,7)); 3
((11,6),(2,8)); 3
((11,6),(2,9)); 4
((11,6),(3,4)); 96
((11,6),(3,5)); 1
((11,6),(3,7)); 3
((11,6),(3,8)); 3
((11,6),(3,9)); 4
((11,6),(4,5)); 1
((11,6),(4,7)); 3
((11,6),(4,8)); 3
((11,6),(4,9)); 4
((11,6),(5,7)); 11
((11,6),(5,8)); 12
((11,6),(5,9)); 6
((11,6),(7,8)); 71
((11,6),(7,9)); 39
((11,6),(8,9)); 37
((11,7),(2,3)); 96
((11,7),(2,4)); 96
((11,7),(2,5)); 1
((11,7),(2,6)); 1
((11,7),(2,9)); 2
((11,7),(3,4)); 96
((11,7),(3,5)); 1
((11,7),(3,6)); 1
((11,7),(3,9)); 2
((11,7),(4,5)); 1
((11,7),(4,6)); 1
((11,7),(4,9)); 2
((11,7),(5,6)); 75
((11,7),(5,8)); 12
((11,7),(5,9)); 22
((11,7),(6,8)); 11
((11,7),(6,9)); 23
((11,7),(8,9)); 13
((11,8),(2,3)); 96
((11,8),(2,4)); 96
((11,8),(2,5)); 2
((11,8),(2,6)); 2
((11,8),(2,7)); 2
((11,8),(2,9)); 2
((11,8),(3,4)); 96
((11,8),(3,5)); 2
((11,8),(3,6)); 2
((11,8),(3,7)); 2
((11,8),(3,9)); 2
((11,8),(4,5)); 2
((11,8),(4,6)); 2
((11,8),(4,7)); 2
((11,8),(4,9)); 2
((11,8),(5,6)); 79
((11,8),(5,7)); 16
((11,8),(5,9)); 26
((11,8),(6,7)); 18
((11,8),(6,9)); 27
((11,8),(7,9)); 22
((11,9),(2,3)); 96
((11,9),(2,4)); 96
((11,9),(2,5)); 1
((11,9),(2,6)); 1
((11,9),(2,7)); 3
((11,9),(2,8)); 3
((11,9),(3,4)); 96
((11,9),(3,5)); 1
((11,9),(3,6)); 1
((11,9),(3,7)); 3
((11,9),(3,8)); 3
((11,9),(4,5)); 1
((11,9),(4,6)); 1
((11,9),(4,7)); 3
((11,9),(4,8)); 3
((11,9),(5,6)); 81
((11,9),(5,7)); 37
((11,9),(5,8)); 35
((11,9),(6,7)); 38
((11,9),(6,8)); 36
((11,9),(7,8)); 65
((2,3),(4,5)); 52
((2,3),(4,6)); 52
((2,3),(4,7)); 52
((2,3),(4,8)); 52
((2,3),(4,9)); 52
((2,3),(5,6)); 100
((2,3),(5,7)); 100
((2,3),(5,8)); 100
((2,3),(5,9)); 100
((2,3),(6,7)); 100
((2,3),(6,8)); 100
((2,3),(6,9)); 100
((2,3),(7,8)); 100
((2,3),(7,9)); 100
((2,3),(8,9)); 100
((2,4),(3,5)); 25
((2,4),(3,6)); 25
((2,4),(3,7)); 25
((2,4),(3,8)); 25
((2,4),(3,9)); 25
((2,4),(5,6)); 100
((2,4),(5,7)); 100
((2,4),(5,8)); 100
((2,4),(5,9)); 100
((2,4),(6,7)); 100
((2,4),(6,8)); 100
((2,4),(6,9)); 100
((2,4),(7,8)); 100
((2,4),(7,9)); 100
((2,4),(8,9)); 100
((2,5),(3,4)); 23
((2,5),(6,7)); 14
((2,5),(6,8)); 9
((2,5),(6,9)); 12
((2,5),(7,8)); 71
((2,5),(7,9)); 38
((2,5),(8,9)); 37
((2,6),(3,4)); 23
((2,6),(5,7)); 10
((2,6),(5,8)); 12
((2,6),(5,9)); 5
((2,6),(7,8)); 70
((2,6),(7,9)); 37
((2,6),(8,9)); 35
((2,7),(3,4)); 23
((2,7),(5,6)); 76
((2,7),(5,8)); 14
((2,7),(5,9)); 24
((2,7),(6,8)); 12
((2,7),(6,9)); 25
((2,7),(8,9)); 14
((2,8),(3,4)); 23
((2,8),(5,6)); 79
((2,8),(5,7)); 15
((2,8),(5,9)); 27
((2,8),(6,7)); 18
((2,8),(6,9)); 28
((2,8),(7,9)); 21
((2,9),(3,4)); 23
((2,9),(5,6)); 83
((2,9),(5,7)); 38
((2,9),(5,8)); 36
((2,9),(6,7)); 38
((2,9),(6,8)); 37
((2,9),(7,8)); 65
((3,4),(5,6)); 100
((3,4),(5,7)); 100
((3,4),(5,8)); 100
((3,4),(5,9)); 100
((3,4),(6,7)); 100
((3,4),(6,8)); 100
((3,4),(6,9)); 100
((3,4),(7,8)); 100
((3,4),(7,9)); 100
((3,4),(8,9)); 100
((3,5),(6,7)); 14
((3,5),(6,8)); 9
((3,5),(6,9)); 12
((3,5),(7,8)); 71
((3,5),(7,9)); 38
((3,5),(8,9)); 37
((3,6),(5,7)); 10
((3,6),(5,8)); 12
((3,6),(5,9)); 5
((3,6),(7,8)); 70
((3,6),(7,9)); 37
((3,6),(8,9)); 35
((3,7),(5,6)); 76
((3,7),(5,8)); 14
((3,7),(5,9)); 24
((3,7),(6,8)); 12
((3,7),(6,9)); 25
((3,7),(8,9)); 14
((3,8),(5,6)); 79
((3,8),(5,7)); 15
((3,8),(5,9)); 27
((3,8),(6,7)); 18
((3,8),(6,9)); 28
((3,8),(7,9)); 21
((3,9),(5,6)); 83
((3,9),(5,7)); 38
((3,9),(5,8)); 36
((3,9),(6,7)); 38
((3,9),(6,8)); 37
((3,9),(7,8)); 65
((4,5),(6,7)); 14
((4,5),(6,8)); 9
((4,5),(6,9)); 12
((4,5),(7,8)); 71
((4,5),(7,9)); 38
((4,5),(8,9)); 37
((4,6),(5,7)); 10
((4,6),(5,8)); 12
((4,6),(5,9)); 5
((4,6),(7,8)); 70
((4,6),(7,9)); 37
((4,6),(8,9)); 35
((4,7),(5,6)); 76
((4,7),(5,8)); 14
((4,7),(5,9)); 24
((4,7),(6,8)); 12
((4,7),(6,9)); 25
((4,7),(8,9)); 14
((4,8),(5,6)); 79
((4,8),(5,7)); 15
((4,8),(5,9)); 27
((4,8),(6,7)); 18
((4,8),(6,9)); 28
((4,8),(7,9)); 21
((4,9),(5,6)); 83
((4,9),(5,7)); 38
((4,9),(5,8)); 36
((4,9),(6,7)); 38
((4,9),(6,8)); 37
((4,9),(7,8)); 65
((5,6),(7,8)); 84
((5,6),(7,9)); 79
((5,6),(8,9)); 78
((5,7),(6,8)); 5
((5,7),(6,9)); 11
((5,7),(8,9)); 13
((5,8),(6,7)); 11
((5,8),(6,9)); 16
((5,8),(7,9)); 24
((5,9),(6,7)); 10
((5,9),(6,8)); 6
((5,9),(7,8)); 63
((6,7),(8,9)); 16
((6,8),(7,9)); 21
((6,9),(7,8)); 63
