((1.1,10.10),(2.2,3.3)); 5
((1.1,10.10),(2.2,4.4)); 1
((1.1,10.10),(3.3,4.4)); 1
((1.1,10.10),(5.5,6.6)); 25
((1.1,10.10),(5.5,7.7)); 22
((1.1,10.10),(5.5,8.8)); 22
((1.1,10.10),(5.5,9.9)); 20
((1.1,10.10),(6.6,7.7)); 22
((1.1,10.10),(6.6,8.8)); 22
((1.1,10.10),(6.6,9.9)); 20
((1.1,10.10),(7.7,8.8)); 25
((1.1,10.10),(7.7,9.9)); 23
((1.1,10.10),(8.8,9.9)); 23
((1.1,11.11),(10.10,5.5)); 25
((1.1,11.11),(10.10,6.6)); 25
((1.1,11.11),(10.10,7.7)); 25
((1.1,11.11),(10.10,8.8)); 25
((1.1,11.11),(10.10,9.9)); 25
((1.1,11.11),(2.2,3.3)); 5
((1.1,11.11),(2.2,4.4)); 1
((1.1,11.11),(3.3,4.4)); 1
((1.1,11.11),(5.5,6.6)); 25
((1.1,11.11),(5.5,7.7)); 25
((1.1,11.11),(5.5,8.8)); 25
((1.1,11.11),(5.5,9.9)); 25
((1.1,11.11),(6.6,7.7)); 25
((1.1,11.11),(6.6,8.8)); 25
((1.1,11.11),(6.6,9.9)); 25
((1.1,11.11),(7.7,8.8)); 25
((1.1,11.11),(7.7,9.9)); 25
((1.1,11.11),(8.8,9.9)); 25
((1.1,2.2),(10.10,11.11)); 25
((1.1,2.2),(10.10,3.3)); 14
((1.1,2.2),(10.10,4.4)); 23
((1.1,2.2),(10.10,5.5)); 25
((1.1,2.2),(10.10,6.6)); 25
((1.1,2.2),(10.10,7.7)); 25
((1.1,2.2),(10.10,8.8)); 25
((1.1,2.2),(10.10,9.9)); 25
((1.1,2.2),(11.11,3.3)); 14
((1.1,2.2),(11.11,4.4)); 23
((1.1,2.2),(11.11,5.5)); 25
((1.1,2.2),(11.11,6.6)); 25
((1.1,2.2),(11.11,7.7)); 25
((1.1,2.2),(11.11,8.8)); 25
((1.1,2.2),(11.11,9.9)); 25
((1.1,2.2),(3.3,4.4)); 14
((1.1,2.2),(3.3,5.5)); 14
((1.1,2.2),(3.3,6.6)); 14
((1.1,2.2),(3.3,7.7)); 14
((1.1,2.2),(3.3,8.8)); 14
((1.1,2.2),(3.3,9.9)); 14
((1.1,2.2),(4.4,5.5)); 23
((1.1,2.2),(4.4,6.6)); 23
((1.1,2.2),(4.4,7.7)); 23
((1.1,2.2),(4.4,8.8)); 23
((1.1,2.2),(4.4,9.9)); 23
((1.1,2.2),(5.5,6.6)); 25
((1.1,2.2),(5.5,7.7)); 25
((1.1,2.2),(5.5,8.8)); 25
((1.1,2.2),(5.5,9.9)); 25
((1.1,2.2),(6.6,7.7)); 25
((1.1,2.2),(6.6,8.8)); 25
((1.1,2.2),(6.6,9.9)); 25
((1.1,2.2),(7.7,8.8)); 25
((1.1,2.2),(7.7,9.9)); 25
((1.1,2.2),(8.8,9.9)); 25
((1.1,3.3),(10.10,11.11)); 25
((1.1,3.3),(10.10,2.2)); 6
((1.1,3.3),(10.10,4.4)); 23
((1.1,3.3),(10.10,5.5)); 25
((1.1,3.3),(10.10,6.6)); 25
((1.1,3.3),(10.10,7.7)); 25
((1.1,3.3),(10.10,8.8)); 25
((1.1,3.3),(10.10,9.9)); 25
((1.1,3.3),(11.11,2.2)); 6
((1.1,3.3),(11.11,4.4)); 23
((1.1,3.3),(11.11,5.5)); 25
((1.1,3.3),(11.11,6.6)); 25
((1.1,3.3),(11.11,7.7)); 25
((1.1,3.3),(11.11,8.8)); 25
((1.1,3.3),(11.11,9.9)); 25
((1.1,3.3),(2.2,4.4)); 6
((1.1,3.3),(2.2,5.5)); 6
((1.1,3.3),(2.2,6.6)); 6
((1.1,3.3),(2.2,7.7)); 6
((1.1,3.3),(2.2,8.8)); 6
((1.1,3.3),(2.2,9.9)); 6
((1.1,3.3),(4.4,5.5)); 23
((1.1,3.3),(4.4,6.6)); 23
((1.1,3.3),(4.4,7.7)); 23
((1.1,3.3),(4.4,8.8)); 23
((1.1,3.3),(4.4,9.9)); 23
((1.1,3.3),(5.5,6.6)); 25
((1.1,3.3),(5.5,7.7)); 25
((1.1,3.3),(5.5,8.8)); 25
((1.1,3.3),(5.5,9.9)); 25
((1.1,3.3),(6.6,7.7)); 25
((1.1,3.3),(6.6,8.8)); 25
((1.1,3.3),(6.6,9.9)); 25
((1.1,3.3),(7.7,8.8)); 25
((1.1,3.3),(7.7,9.9)); 25
((1.1,3.3),(8.8,9.9)); 25
((1.1,4.4),(10.10,11.11)); 25
((1.1,4.4),(10.10,2.2)); 1
((1.1,4.4),(10.10,3.3)); 1
((1.1,4.4),(10.10,5.5)); 25
((1.1,4.4),(10.10,6.6)); 25
((1.1,4.4),(10.10,7.7)); 25
((1.1,4.4),(10.10,8.8)); 25
((1.1,4.4),(10.10,9.9)); 25
((1.1,4.4),(11.11,2.2)); 1
((1.1,4.4),(11.11,3.3)); 1
((1.1,4.4),(11.11,5.5)); 25
((1.1,4.4),(11.11,6.6)); 25
((1.1,4.4),(11.11,7.7)); 25
((1.1,4.4),(11.11,8.8)); 25
((1.1,4.4),(11.11,9.9)); 25
((1.1,4.4),(2.2,3.3)); 5
((1.1,4.4),(2.2,5.5)); 1
((1.1,4.4),(2.2,6.6)); 1
((1.1,4.4),(2.2,7.7)); 1
((1.1,4.4),(2.2,8.8)); 1
((1.1,4.4),(2.2,9.9)); 1
((1.1,4.4),(3.3,5.5)); 1
((1.1,4.4),(3.3,6.6)); 1
((1.1,4.4),(3.3,7.7)); 1
((1.1,4.4),(3.3,8.8)); 1
((1.1,4.4),(3.3,9.9)); 1
((1.1,4.4),(5.5,6.6)); 25
((1.1,4.4),(5.5,7.7)); 25
((1.1,4.4),(5.5,8.8)); 25
((1.1,4.4),(5.5,9.9)); 25
((1.1,4.4),(6.6,7.7)); 25
((1.1,4.4),(6.6,8.8)); 25
((1.1,4.4),(6.6,9.9)); 25
((1.1,4.4),(7.7,8.8)); 25
((1.1,4.4),(7.7,9.9)); 25
((1.1,4.4),(8.8,9.9)); 25
((1.1,5.5),(10.10,7.7)); 2
((1.1,5.5),(10.10,8.8)); 2
((1.1,5.5),(10.10,9.9)); 3
((1.1,5.5),(2.2,3.3)); 5
((1.1,5.5),(2.2,4.4)); 1
((1.1,5.5),(3.3,4.4)); 1
((1.1,5.5),(7.7,8.8)); 25
((1.1,5.5),(7.7,9.9)); 8
((1.1,5.5),(8.8,9.9)); 8
((1.1,6.6),(10.10,7.7)); 2
((1.1,6.6),(10.10,8.8)); 2
((1.1,6.6),(10.10,9.9)); 3
((1.1,6.6),(2.2,3.3)); 5
((1.1,6.6),(2.2,4.4)); 1
((1.1,6.6),(3.3,4.4)); 1
((1.1,6.6),(7.7,8.8)); 25
((1.1,6.6),(7.7,9.9)); 8
((1.1,6.6),(8.8,9.9)); 8
((1.1,7.7),(10.10,5.5)); 1
((1.1,7.7),(10.10,6.6)); 1
((1.1,7.7),(10.10,9.9)); 1
((1.1,7.7),(2.2,3.3)); 5
((1.1,7.7),(2.2,4.4)); 1
((1.1,7.7),(3.3,4.4)); 1
((1.1,7.7),(5.5,6.6)); 25
((1.1,7.7),(5.5,9.9)); 6
((1.1,7.7),(6.6,9.9)); 6
((1.1,8.8),(10.10,5.5)); 1
((1.1,8.8),(10.10,6.6)); 1
((1.1,8.8),(10.10,9.9)); 1
((1.1,8.8),(2.2,3.3)); 5
((1.1,8.8),(2.2,4.4)); 1
((1.1,8.8),(3.3,4.4)); 1
((1.1,8.8),(5.5,6.6)); 25
((1.1,8.8),(5.5,9.9)); 6
((1.1,8.8),(6.6,9.9)); 6
((1.1,9.9),(10.10,5.5)); 2
((1.1,9.9),(10.10,6.6)); 2
((1.1,9.9),(10.10,7.7)); 1
((1.1,9.9),(10.10,8.8)); 1
((1.1,9.9),(2.2,3.3)); 5
((1.1,9.9),(2.2,4.4)); 1
((1.1,9.9),(3.3,4.4)); 1
((1.1,9.9),(5.5,6.6)); 25
((1.1,9.9),(5.5,7.7)); 11
((1.1,9.9),(5.5,8.8)); 11
((1.1,9.9),(6.6,7.7)); 11
((1.1,9.9),(6.6,8.8)); 11
((1.1,9.9),(7.7,8.8)); 25
((10.10,11.11),(2.2,3.3)); 25
((10.10,11.11),(2.2,4.4)); 25
((10.10,11.11),(3.3,4.4)); 25
((10.10,11.11),(5.5,6.6)); 25
((10.10,11.11),(5.5,7.7)); 22
((10.10,11.11),(5.5,8.8)); 22
((10.10,11.11),(5.5,9.9)); 20
((10.10,11.11),(6.6,7.7)); 22
((10.10,11.11),(6.6,8.8)); 22
((10.10,11.11),(6.6,9.9)); 20
((10.10,11.11),(7.7,8.8)); 25
((10.10,11.11),(7.7,9.9)); 23
((10.10,11.11),(8.8,9.9)); 23
((10.10,2.2),(5.5,6.6)); 25
((10.10,2.2),(5.5,7.7)); 22
((10.10,2.2),(5.5,8.8)); 22
((10.10,2.2),(5.5,9.9)); 20
((10.10,2.2),(6.6,7.7)); 22
((10.10,2.2),(6.6,8.8)); 22
((10.10,2.2),(6.6,9.9)); 20
((10.10,2.2),(7.7,8.8)); 25
((10.10,2.2),(7.7,9.9)); 23
((10.10,2.2),(8.8,9.9)); 23
((10.10,3.3),(5.5,6.6)); 25
((10.10,3.3),(5.5,7.7)); 22
((10.10,3.3),(5.5,8.8)); 22
((10.10,3.3),(5.5,9.9)); 20
((10.10,3.3),(6.6,7.7)); 22
((10.10,3.3),(6.6,8.8)); 22
((10.10,3.3),(6.6,9.9)); 20
((10.10,3.3),(7.7,8.8)); 25
((10.10,3.3),(7.7,9.9)); 23
((10.10,3.3),(8.8,9.9)); 23
((10.10,4.4),(2.2,3.3)); 25
((10.10,4.4),(5.5,6.6)); 25
((10.10,4.4),(5.5,7.7)); 22
((10.10,4.4),(5.5,8.8)); 22
((10.10,4.4),(5.5,9.9)); 20
((10.10,4.4),(6.6,7.7)); 22
((10.10,4.4),(6.6,8.8)); 22
((10.10,4.4),(6.6,9.9)); 20
((10.10,4.4),(7.7,8.8)); 25
((10.10,4.4),(7.7,9.9)); 23
((10.10,4.4),(8.8,9.9)); 23
((10.10,5.5),(11.11,2.2)); 25
((10.10,5.5),(11.11,3.3)); 25
((10.10,5.5),(11.11,4.4)); 25
((10.10,5.5),(11.11,7.7)); 1
((10.10,5.5),(11.11,8.8)); 1
((10.10,5.5),(11.11,9.9)); 2
((10.10,5.5),(2.2,3.3)); 25
((10.10,5.5),(2.2,4.4)); 25
((10.10,5.5),(2.2,7.7)); 1
((10.10,5.5),(2.2,8.8)); 1
((10.10,5.5),(2.2,9.9)); 2
((10.10,5.5),(3.3,4.4)); 25
((10.10,5.5),(3.3,7.7)); 1
((10.10,5.5),(3.3,8.8)); 1
((10.10,5.5),(3.3,9.9)); 2
((10.10,5.5),(4.4,7.7)); 1
((10.10,5.5),(4.4,8.8)); 1
((10.10,5.5),(4.4,9.9)); 2
((10.10,5.5),(7.7,8.8)); 25
((10.10,5.5),(7.7,9.9)); 8
((10.10,5.5),(8.8,9.9)); 8
((10.10,6.6),(11.11,2.2)); 25
((10.10,6.6),(11.11,3.3)); 25
((10.10,6.6),(11.11,4.4)); 25
((10.10,6.6),(11.11,7.7)); 1
((10.10,6.6),(11.11,8.8)); 1
((10.10,6.6),(11.11,9.9)); 2
((10.10,6.6),(2.2,3.3)); 25
((10.10,6.6),(2.2,4.4)); 25
((10.10,6.6),(2.2,7.7)); 1
((10.10,6.6),(2.2,8.8)); 1
((10.10,6.6),(2.2,9.9)); 2
((10.10,6.6),(3.3,4.4)); 25
((10.10,6.6),(3.3,7.7)); 1
((10.10,6.6),(3.3,8.8)); 1
((10.10,6.6),(3.3,9.9)); 2
((10.10,6.6),(4.4,7.7)); 1
((10.10,6.6),(4.4,8.8)); 1
((10.10,6.6),(4.4,9.9)); 2
((10.10,6.6),(7.7,8.8)); 25
((10.10,6.6),(7.7,9.9)); 8
((10.10,6.6),(8.8,9.9)); 8
((10.10,7.7),(11.11,2.2)); 25
((10.10,7.7),(11.11,3.3)); 25
((10.10,7.7),(11.11,4.4)); 25
((10.10,7.7),(11.11,5.5)); 2
((10.10,7.7),(11.11,6.6)); 2
((10.10,7.7),(11.11,9.9)); 1
((10.10,7.7),(2.2,3.3)); 25
((10.10,7.7),(2.2,4.4)); 25
((10.10,7.7),(2.2,5.5)); 2
((10.10,7.7),(2.2,6.6)); 2
((10.10,7.7),(2.2,9.9)); 1
((10.10,7.7),(3.3,4.4)); 25
((10.10,7.7),(3.3,5.5)); 2
((10.10,7.7),(3.3,6.6)); 2
((10.10,7.7),(3.3,9.9)); 1
((10.10,7.7),(4.4,5.5)); 2
((10.10,7.7),(4.4,6.6)); 2
((10.10,7.7),(4.4,9.9)); 1
((10.10,7.7),(5.5,6.6)); 25
((10.10,7.7),(5.5,9.9)); 6
((10.10,7.7),(6.6,9.9)); 6
((10.10,8.8),(11.11,2.2)); 25
((10.10,8.8),(11.11,3.3)); 25
((10.10,8.8),(11.11,4.4)); 25
((10.10,8.8),(11.11,5.5)); 2
((10.10,8.8),(11.11,6.6)); 2
((10.10,8.8),(11.11,9.9)); 1
((10.10,8.8),(2.2,3.3)); 25
((10.10,8.8),(2.2,4.4)); 25
((10.10,8.8),(2.2,5.5)); 2
((10.10,8.8),(2.2,6.6)); 2
((10.10,8.8),(2.2,9.9)); 1
((10.10,8.8),(3.3,4.4)); 25
((10.10,8.8),(3.3,5.5)); 2
((10.10,8.8),(3.3,6.6)); 2
((10.10,8.8),(3.3,9.9)); 1
((10.10,8.8),(4.4,5.5)); 2
((10.10,8.8),(4.4,6.6)); 2
((10.10,8.8),(4.4,9.9)); 1
((10.10,8.8),(5.5,6.6)); 25
((10.10,8.8),(5.5,9.9)); 6
((10.10,8.8),(6.6,9.9)); 6
((10.10,9.9),(11.11,2.2)); 25
((10.10,9.9),(11.11,3.3)); 25
((10.10,9.9),(11.11,4.4)); 25
((10.10,9.9),(11.11,5.5)); 3
((10.10,9.9),(11.11,6.6)); 3
((10.10,9.9),(11.11,7.7)); 1
((10.10,9.9),(11.11,8.8)); 1
((10.10,9.9),(2.2,3.3)); 25
((10.10,9.9),(2.2,4.4)); 25
((10.10,9.9),(2.2,5.5)); 3
((10.10,9.9),(2.2,6.6)); 3
((10.10,9.9),(2.2,7.7)); 1
((10.10,9.9),(2.2,8.8)); 1
((10.10,9.9),(3.3,4.4)); 25
((10.10,9.9),(3.3,5.5)); 3
((10.10,9.9),(3.3,6.6)); 3
((10.10,9.9),(3.3,7.7)); 1
((10.10,9.9),(3.3,8.8)); 1
((10.10,9.9),(4.4,5.5)); 3
((10.10,9.9),(4.4,6.6)); 3
((10.10,9.9),(4.4,7.7)); 1
((10.10,9.9),(4.4,8.8)); 1
((10.10,9.9),(5.5,6.6)); 25
((10.10,9.9),(5.5,7.7)); 11
((10.10,9.9),(5.5,8.8)); 11
((10.10,9.9),(6.6,7.7)); 11
((10.10,9.9),(6.6,8.8)); 11
((10.10,9.9),(7.7,8.8)); 25
((11.11,2.2),(5.5,6.6)); 25
((11.11,2.2),(5.5,7.7)); 25
((11.11,2.2),(5.5,8.8)); 25
((11.11,2.2),(5.5,9.9)); 25
((11.11,2.2),(6.6,7.7)); 25
((11.11,2.2),(6.6,8.8)); 25
((11.11,2.2),(6.6,9.9)); 25
((11.11,2.2),(7.7,8.8)); 25
((11.11,2.2),(7.7,9.9)); 25
((11.11,2.2),(8.8,9.9)); 25
((11.11,3.3),(5.5,6.6)); 25
((11.11,3.3),(5.5,7.7)); 25
((11.11,3.3),(5.5,8.8)); 25
((11.11,3.3),(5.5,9.9)); 25
((11.11,3.3),(6.6,7.7)); 25
((11.11,3.3),(6.6,8.8)); 25
((11.11,3.3),(6.6,9.9)); 25
((11.11,3.3),(7.7,8.8)); 25
((11.11,3.3),(7.7,9.9)); 25
((11.11,3.3),(8.8,9.9)); 25
((11.11,4.4),(2.2,3.3)); 25
((11.11,4.4),(5.5,6.6)); 25
((11.11,4.4),(5.5,7.7)); 25
((11.11,4.4),(5.5,8.8)); 25
((11.11,4.4),(5.5,9.9)); 25
((11.11,4.4),(6.6,7.7)); 25
((11.11,4.4),(6.6,8.8)); 25
((11.11,4.4),(6.6,9.9)); 25
((11.11,4.4),(7.7,8.8)); 25
((11.11,4.4),(7.7,9.9)); 25
((11.11,4.4),(8.8,9.9)); 25
((11.11,5.5),(2.2,3.3)); 25
((11.11,5.5),(2.2,4.4)); 25
((11.11,5.5),(3.3,4.4)); 25
((11.11,5.5),(7.7,8.8)); 25
((11.11,5.5),(7.7,9.9)); 8
((11.11,5.5),(8.8,9.9)); 8
((11.11,6.6),(2.2,3.3)); 25
((11.11,6.6),(2.2,4.4)); 25
((11.11,6.6),(3.3,4.4)); 25
((11.11,6.6),(7.7,8.8)); 25
((11.11,6.6),(7.7,9.9)); 8
((11.11,6.6),(8.8,9.9)); 8
((11.11,7.7),(2.2,3.3)); 25
((11.11,7.7),(2.2,4.4)); 25
((11.11,7.7),(3.3,4.4)); 25
((11.11,7.7),(5.5,6.6)); 25
((11.11,7.7),(5.5,9.9)); 6
((11.11,7.7),(6.6,9.9)); 6
((11.11,8.8),(2.2,3.3)); 25
((11.11,8.8),(2.2,4.4)); 25
((11.11,8.8),(3.3,4.4)); 25
((11.11,8.8),(5.5,6.6)); 25
((11.11,8.8),(5.5,9.9)); 6
((11.11,8.8),(6.6,9.9)); 6
((11.11,9.9),(2.2,3.3)); 25
((11.11,9.9),(2.2,4.4)); 25
((11.11,9.9),(3.3,4.4)); 25
((11.11,9.9),(5.5,6.6)); 25
((11.11,9.9),(5.5,7.7)); 11
((11.11,9.9),(5.5,8.8)); 11
((11.11,9.9),(6.6,7.7)); 11
((11.11,9.9),(6.6,8.8)); 11
((11.11,9.9),(7.7,8.8)); 25
((2.2,3.3),(4.4,5.5)); 25
((2.2,3.3),(4.4,6.6)); 25
((2.2,3.3),(4.4,7.7)); 25
((2.2,3.3),(4.4,8.8)); 25
((2.2,3.3),(4.4,9.9)); 25
((2.2,3.3),(5.5,6.6)); 25
((2.2,3.3),(5.5,7.7)); 25
((2.2,3.3),(5.5,8.8)); 25
((2.2,3.3),(5.5,9.9)); 25
((2.2,3.3),(6.6,7.7)); 25
((2.2,3.3),(6.6,8.8)); 25
((2.2,3.3),(6.6,9.9)); 25
((2.2,3.3),(7.7,8.8)); 25
((2.2,3.3),(7.7,9.9)); 25
((2.2,3.3),(8.8,9.9)); 25
((2.2,4.4),(5.5,6.6)); 25
((2.2,4.4),(5.5,7.7)); 25
((2.2,4.4),(5.5,8.8)); 25
((2.2,4.4),(5.5,9.9)); 25
((2.2,4.4),(6.6,7.7)); 25
((2.2,4.4),(6.6,8.8)); 25
((2.2,4.4),(6.6,9.9)); 25
((2.2,4.4),(7.7,8.8)); 25
((2.2,4.4),(7.7,9.9)); 25
((2.2,4.4),(8.8,9.9)); 25
((2.2,5.5),(7.7,8.8)); 25
((2.2,5.5),(7.7,9.9)); 8
((2.2,5.5),(8.8,9.9)); 8
((2.2,6.6),(7.7,8.8)); 25
((2.2,6.6),(7.7,9.9)); 8
((2.2,6.6),(8.8,9.9)); 8
((2.2,7.7),(5.5,6.6)); 25
((2.2,7.7),(5.5,9.9)); 6
((2.2,7.7),(6.6,9.9)); 6
((2.2,8.8),(5.5,6.6)); 25
((2.2,8.8),(5.5,9.9)); 6
((2.2,8.8),(6.6,9.9)); 6
((2.2,9.9),(5.5,6.6)); 25
((2.2,9.9),(5.5,7.7)); 11
((2.2,9.9),(5.5,8.8)); 11
((2.2,9.9),(6.6,7.7)); 11
((2.2,9.9),(6.6,8.8)); 11
((2.2,9.9),(7.7,8.8)); 25
((3.3,4.4),(5.5,6.6)); 25
((3.3,4.4),(5.5,7.7)); 25
((3.3,4.4),(5.5,8.8)); 25
((3.3,4.4),(5.5,9.9)); 25
((3.3,4.4),(6.6,7.7)); 25
((3.3,4.4),(6.6,8.8)); 25
((3.3,4.4),(6.6,9.9)); 25
((3.3,4.4),(7.7,8.8)); 25
((3.3,4.4),(7.7,9.9)); 25
((3.3,4.4),(8.8,9.9)); 25
((3.3,5.5),(7.7,8.8)); 25
((3.3,5.5),(7.7,9.9)); 8
((3.3,5.5),(8.8,9.9)); 8
((3.3,6.6),(7.7,8.8)); 25
((3.3,6.6),(7.7,9.9)); 8
((3.3,6.6),(8.8,9.9)); 8
((3.3,7.7),(5.5,6.6)); 25
((3.3,7.7),(5.5,9.9)); 6
((3.3,7.7),(6.6,9.9)); 6
((3.3,8.8),(5.5,6.6)); 25
((3.3,8.8),(5.5,9.9)); 6
((3.3,8.8),(6.6,9.9)); 6
((3.3,9.9),(5.5,6.6)); 25
((3.3,9.9),(5.5,7.7)); 11
((3.3,9.9),(5.5,8.8)); 11
((3.3,9.9),(6.6,7.7)); 11
((3.3,9.9),(6.6,8.8)); 11
((3.3,9.9),(7.7,8.8)); 25
((4.4,5.5),(7.7,8.8)); 25
((4.4,5.5),(7.7,9.9)); 8
((4.4,5.5),(8.8,9.9)); 8
((4.4,6.6),(7.7,8.8)); 25
((4.4,6.6),(7.7,9.9)); 8
((4.4,6.6),(8.8,9.9)); 8
((4.4,7.7),(5.5,6.6)); 25
((4.4,7.7),(5.5,9.9)); 6
((4.4,7.7),(6.6,9.9)); 6
((4.4,8.8),(5.5,6.6)); 25
((4.4,8.8),(5.5,9.9)); 6
((4.4,8.8),(6.6,9.9)); 6
((4.4,9.9),(5.5,6.6)); 25
((4.4,9.9),(5.5,7.7)); 11
((4.4,9.9),(5.5,8.8)); 11
((4.4,9.9),(6.6,7.7)); 11
((4.4,9.9),(6.6,8.8)); 11
((4.4,9.9),(7.7,8.8)); 25
((5.5,6.6),(7.7,8.8)); 25
((5.5,6.6),(7.7,9.9)); 25
((5.5,6.6),(8.8,9.9)); 25
((5.5,9.9),(7.7,8.8)); 25
((6.6,9.9),(7.7,8.8)); 25
