((1.1,10.10),(2.2,3.3)); 21
((1.1,10.10),(2.2,4.4)); 2
((1.1,10.10),(3.3,4.4)); 5
((1.1,10.10),(5.5,6.6)); 100
((1.1,10.10),(5.5,7.7)); 94
((1.1,10.10),(5.5,8.8)); 94
((1.1,10.10),(5.5,9.9)); 87
((1.1,10.10),(6.6,7.7)); 94
((1.1,10.10),(6.6,8.8)); 94
((1.1,10.10),(6.6,9.9)); 87
((1.1,10.10),(7.7,8.8)); 100
((1.1,10.10),(7.7,9.9)); 89
((1.1,10.10),(8.8,9.9)); 89
((1.1,11.11),(10.10,5.5)); 100
((1.1,11.11),(10.10,6.6)); 100
((1.1,11.11),(10.10,7.7)); 100
((1.1,11.11),(10.10,8.8)); 100
((1.1,11.11),(10.10,9.9)); 100
((1.1,11.11),(2.2,3.3)); 21
((1.1,11.11),(2.2,4.4)); 2
((1.1,11.11),(3.3,4.4)); 5
((1.1,11.11),(5.5,6.6)); 100
((1.1,11.11),(5.5,7.7)); 100
((1.1,11.11),(5.5,8.8)); 100
((1.1,11.11),(5.5,9.9)); 100
((1.1,11.11),(6.6,7.7)); 100
((1.1,11.11),(6.6,8.8)); 100
((1.1,11.11),(6.6,9.9)); 100
((1.1,11.11),(7.7,8.8)); 100
((1.1,11.11),(7.7,9.9)); 100
((1.1,11.11),(8.8,9.9)); 100
((1.1,2.2),(10.10,11.11)); 100
((1.1,2.2),(10.10,3.3)); 56
((1.1,2.2),(10.10,4.4)); 94
((1.1,2.2),(10.10,5.5)); 100
((1.1,2.2),(10.10,6.6)); 100
((1.1,2.2),(10.10,7.7)); 100
((1.1,2.2),(10.10,8.8)); 100
((1.1,2.2),(10.10,9.9)); 100
((1.1,2.2),(11.11,3.3)); 56
((1.1,2.2),(11.11,4.4)); 94
((1.1,2.2),(11.11,5.5)); 100
((1.1,2.2),(11.11,6.6)); 100
((1.1,2.2),(11.11,7.7)); 100
((1.1,2.2),(11.11,8.8)); 100
((1.1,2.2),(11.11,9.9)); 100
((1.1,2.2),(3.3,4.4)); 56
((1.1,2.2),(3.3,5.5)); 56
((1.1,2.2),(3.3,6.6)); 56
((1.1,2.2),(3.3,7.7)); 56
((1.1,2.2),(3.3,8.8)); 56
((1.1,2.2),(3.3,9.9)); 56
((1.1,2.2),(4.4,5.5)); 94
((1.1,2.2),(4.4,6.6)); 94
((1.1,2.2),(4.4,7.7)); 94
((1.1,2.2),(4.4,8.8)); 94
((1.1,2.2),(4.4,9.9)); 94
((1.1,2.2),(5.5,6.6)); 100
((1.1,2.2),(5.5,7.7)); 100
((1.1,2.2),(5.5,8.8)); 100
((1.1,2.2),(5.5,9.9)); 100
((1.1,2.2),(6.6,7.7)); 100
((1.1,2.2),(6.6,8.8)); 100
((1.1,2.2),(6.6,9.9)); 100
((1.1,2.2),(7.7,8.8)); 100
((1.1,2.2),(7.7,9.9)); 100
((1.1,2.2),(8.8,9.9)); 100
((1.1,3.3),(10.10,11.11)); 100
((1.1,3.3),(10.10,2.2)); 23
((1.1,3.3),(10.10,4.4)); 87
((1.1,3.3),(10.10,5.5)); 100
((1.1,3.3),(10.10,6.6)); 100
((1.1,3.3),(10.10,7.7)); 100
((1.1,3.3),(10.10,8.8)); 100
((1.1,3.3),(10.10,9.9)); 100
((1.1,3.3),(11.11,2.2)); 23
((1.1,3.3),(11.11,4.4)); 87
((1.1,3.3),(11.11,5.5)); 100
((1.1,3.3),(11.11,6.6)); 100
((1.1,3.3),(11.11,7.7)); 100
((1.1,3.3),(11.11,8.8)); 100
((1.1,3.3),(11.11,9.9)); 100
((1.1,3.3),(2.2,4.4)); 23
((1.1,3.3),(2.2,5.5)); 23
((1.1,3.3),(2.2,6.6)); 23
((1.1,3.3),(2.2,7.7)); 23
((1.1,3.3),(2.2,8.8)); 23
((1.1,3.3),(2.2,9.9)); 23
((1.1,3.3),(4.4,5.5)); 87
((1.1,3.3),(4.4,6.6)); 87
((1.1,3.3),(4.4,7.7)); 87
((1.1,3.3),(4.4,8.8)); 87
((1.1,3.3),(4.4,9.9)); 87
((1.1,3.3),(5.5,6.6)); 100
((1.1,3.3),(5.5,7.7)); 100
((1.1,3.3),(5.5,8.8)); 100
((1.1,3.3),(5.5,9.9)); 100
((1.1,3.3),(6.6,7.7)); 100
((1.1,3.3),(6.6,8.8)); 100
((1.1,3.3),(6.6,9.9)); 100
((1.1,3.3),(7.7,8.8)); 100
((1.1,3.3),(7.7,9.9)); 100
((1.1,3.3),(8.8,9.9)); 100
((1.1,4.4),(10.10,11.11)); 100
((1.1,4.4),(10.10,2.2)); 4
((1.1,4.4),(10.10,3.3)); 8
((1.1,4.4),(10.10,5.5)); 100
((1.1,4.4),(10.10,6.6)); 100
((1.1,4.4),(10.10,7.7)); 100
((1.1,4.4),(10.10,8.8)); 100
((1.1,4.4),(10.10,9.9)); 100
((1.1,4.4),(11.11,2.2)); 4
((1.1,4.4),(11.11,3.3)); 8
((1.1,4.4),(11.11,5.5)); 100
((1.1,4.4),(11.11,6.6)); 100
((1.1,4.4),(11.11,7.7)); 100
((1.1,4.4),(11.11,8.8)); 100
((1.1,4.4),(11.11,9.9)); 100
((1.1,4.4),(2.2,3.3)); 21
((1.1,4.4),(2.2,5.5)); 4
((1.1,4.4),(2.2,6.6)); 4
((1.1,4.4),(2.2,7.7)); 4
((1.1,4.4),(2.2,8.8)); 4
((1.1,4.4),(2.2,9.9)); 4
((1.1,4.4),(3.3,5.5)); 8
((1.1,4.4),(3.3,6.6)); 8
((1.1,4.4),(3.3,7.7)); 8
((1.1,4.4),(3.3,8.8)); 8
((1.1,4.4),(3.3,9.9)); 8
((1.1,4.4),(5.5,6.6)); 100
((1.1,4.4),(5.5,7.7)); 100
((1.1,4.4),(5.5,8.8)); 100
((1.1,4.4),(5.5,9.9)); 100
((1.1,4.4),(6.6,7.7)); 100
((1.1,4.4),(6.6,8.8)); 100
((1.1,4.4),(6.6,9.9)); 100
((1.1,4.4),(7.7,8.8)); 100
((1.1,4.4),(7.7,9.9)); 100
((1.1,4.4),(8.8,9.9)); 100
((1.1,5.5),(10.10,7.7)); 4
((1.1,5.5),(10.10,8.8)); 4
((1.1,5.5),(10.10,9.9)); 6
((1.1,5.5),(2.2,3.3)); 21
((1.1,5.5),(2.2,4.4)); 2
((1.1,5.5),(3.3,4.4)); 5
((1.1,5.5),(6.6,7.7)); 2
((1.1,5.5),(6.6,8.8)); 2
((1.1,5.5),(7.7,8.8)); 100
((1.1,5.5),(7.7,9.9)); 14
((1.1,5.5),(8.8,9.9)); 14
((1.1,6.6),(10.10,7.7)); 4
((1.1,6.6),(10.10,8.8)); 4
((1.1,6.6),(10.10,9.9)); 6
((1.1,6.6),(2.2,3.3)); 21
((1.1,6.6),(2.2,4.4)); 2
((1.1,6.6),(3.3,4.4)); 5
((1.1,6.6),(7.7,8.8)); 100
((1.1,6.6),(7.7,9.9)); 14
((1.1,6.6),(8.8,9.9)); 14
((1.1,7.7),(10.10,5.5)); 2
((1.1,7.7),(10.10,6.6)); 2
((1.1,7.7),(10.10,9.9)); 4
((1.1,7.7),(2.2,3.3)); 21
((1.1,7.7),(2.2,4.4)); 2
((1.1,7.7),(3.3,4.4)); 5
((1.1,7.7),(5.5,6.6)); 98
((1.1,7.7),(5.5,9.9)); 14
((1.1,7.7),(6.6,9.9)); 14
((1.1,8.8),(10.10,5.5)); 2
((1.1,8.8),(10.10,6.6)); 2
((1.1,8.8),(10.10,9.9)); 4
((1.1,8.8),(2.2,3.3)); 21
((1.1,8.8),(2.2,4.4)); 2
((1.1,8.8),(3.3,4.4)); 5
((1.1,8.8),(5.5,6.6)); 98
((1.1,8.8),(5.5,9.9)); 14
((1.1,8.8),(6.6,9.9)); 14
((1.1,9.9),(10.10,5.5)); 7
((1.1,9.9),(10.10,6.6)); 7
((1.1,9.9),(10.10,7.7)); 7
((1.1,9.9),(10.10,8.8)); 7
((1.1,9.9),(2.2,3.3)); 21
((1.1,9.9),(2.2,4.4)); 2
((1.1,9.9),(3.3,4.4)); 5
((1.1,9.9),(5.5,6.6)); 100
((1.1,9.9),(5.5,7.7)); 72
((1.1,9.9),(5.5,8.8)); 72
((1.1,9.9),(6.6,7.7)); 72
((1.1,9.9),(6.6,8.8)); 72
((1.1,9.9),(7.7,8.8)); 100
((10.10,11.11),(2.2,3.3)); 100
((10.10,11.11),(2.2,4.4)); 100
((10.10,11.11),(3.3,4.4)); 100
((10.10,11.11),(5.5,6.6)); 100
((10.10,11.11),(5.5,7.7)); 94
((10.10,11.11),(5.5,8.8)); 94
((10.10,11.11),(5.5,9.9)); 87
((10.10,11.11),(6.6,7.7)); 94
((10.10,11.11),(6.6,8.8)); 94
((10.10,11.11),(6.6,9.9)); 87
((10.10,11.11),(7.7,8.8)); 100
((10.10,11.11),(7.7,9.9)); 89
((10.10,11.11),(8.8,9.9)); 89
((10.10,2.2),(3.3,4.4)); 6
((10.10,2.2),(5.5,6.6)); 100
((10.10,2.2),(5.5,7.7)); 94
((10.10,2.2),(5.5,8.8)); 94
((10.10,2.2),(5.5,9.9)); 87
((10.10,2.2),(6.6,7.7)); 94
((10.10,2.2),(6.6,8.8)); 94
((10.10,2.2),(6.6,9.9)); 87
((10.10,2.2),(7.7,8.8)); 100
((10.10,2.2),(7.7,9.9)); 89
((10.10,2.2),(8.8,9.9)); 89
((10.10,3.3),(2.2,4.4)); 7
((10.10,3.3),(5.5,6.6)); 100
((10.10,3.3),(5.5,7.7)); 94
((10.10,3.3),(5.5,8.8)); 94
((10.10,3.3),(5.5,9.9)); 87
((10.10,3.3),(6.6,7.7)); 94
((10.10,3.3),(6.6,8.8)); 94
((10.10,3.3),(6.6,9.9)); 87
((10.10,3.3),(7.7,8.8)); 100
((10.10,3.3),(7.7,9.9)); 89
((10.10,3.3),(8.8,9.9)); 89
((10.10,4.4),(2.2,3.3)); 87
((10.10,4.4),(5.5,6.6)); 100
((10.10,4.4),(5.5,7.7)); 94
((10.10,4.4),(5.5,8.8)); 94
((10.10,4.4),(5.5,9.9)); 87
((10.10,4.4),(6.6,7.7)); 94
((10.10,4.4),(6.6,8.8)); 94
((10.10,4.4),(6.6,9.9)); 87
((10.10,4.4),(7.7,8.8)); 100
((10.10,4.4),(7.7,9.9)); 89
((10.10,4.4),(8.8,9.9)); 89
((10.10,5.5),(11.11,2.2)); 100
((10.10,5.5),(11.11,3.3)); 100
((10.10,5.5),(11.11,4.4)); 100
((10.10,5.5),(11.11,7.7)); 2
((10.10,5.5),(11.11,8.8)); 2
((10.10,5.5),(11.11,9.9)); 7
((10.10,5.5),(2.2,3.3)); 100
((10.10,5.5),(2.2,4.4)); 100
((10.10,5.5),(2.2,7.7)); 2
((10.10,5.5),(2.2,8.8)); 2
((10.10,5.5),(2.2,9.9)); 7
((10.10,5.5),(3.3,4.4)); 100
((10.10,5.5),(3.3,7.7)); 2
((10.10,5.5),(3.3,8.8)); 2
((10.10,5.5),(3.3,9.9)); 7
((10.10,5.5),(4.4,7.7)); 2
((10.10,5.5),(4.4,8.8)); 2
((10.10,5.5),(4.4,9.9)); 7
((10.10,5.5),(6.6,7.7)); 2
((10.10,5.5),(6.6,8.8)); 2
((10.10,5.5),(7.7,8.8)); 100
((10.10,5.5),(7.7,9.9)); 14
((10.10,5.5),(8.8,9.9)); 14
((10.10,6.6),(11.11,2.2)); 100
((10.10,6.6),(11.11,3.3)); 100
((10.10,6.6),(11.11,4.4)); 100
((10.10,6.6),(11.11,7.7)); 2
((10.10,6.6),(11.11,8.8)); 2
((10.10,6.6),(11.11,9.9)); 7
((10.10,6.6),(2.2,3.3)); 100
((10.10,6.6),(2.2,4.4)); 100
((10.10,6.6),(2.2,7.7)); 2
((10.10,6.6),(2.2,8.8)); 2
((10.10,6.6),(2.2,9.9)); 7
((10.10,6.6),(3.3,4.4)); 100
((10.10,6.6),(3.3,7.7)); 2
((10.10,6.6),(3.3,8.8)); 2
((10.10,6.6),(3.3,9.9)); 7
((10.10,6.6),(4.4,7.7)); 2
((10.10,6.6),(4.4,8.8)); 2
((10.10,6.6),(4.4,9.9)); 7
((10.10,6.6),(7.7,8.8)); 100
((10.10,6.6),(7.7,9.9)); 14
((10.10,6.6),(8.8,9.9)); 14
((10.10,7.7),(11.11,2.2)); 100
((10.10,7.7),(11.11,3.3)); 100
((10.10,7.7),(11.11,4.4)); 100
((10.10,7.7),(11.11,5.5)); 4
((10.10,7.7),(11.11,6.6)); 4
((10.10,7.7),(11.11,9.9)); 7
((10.10,7.7),(2.2,3.3)); 100
((10.10,7.7),(2.2,4.4)); 100
((10.10,7.7),(2.2,5.5)); 4
((10.10,7.7),(2.2,6.6)); 4
((10.10,7.7),(2.2,9.9)); 7
((10.10,7.7),(3.3,4.4)); 100
((10.10,7.7),(3.3,5.5)); 4
((10.10,7.7),(3.3,6.6)); 4
((10.10,7.7),(3.3,9.9)); 7
((10.10,7.7),(4.4,5.5)); 4
((10.10,7.7),(4.4,6.6)); 4
((10.10,7.7),(4.4,9.9)); 7
((10.10,7.7),(5.5,6.6)); 98
((10.10,7.7),(5.5,9.9)); 14
((10.10,7.7),(6.6,9.9)); 14
((10.10,8.8),(11.11,2.2)); 100
((10.10,8.8),(11.11,3.3)); 100
((10.10,8.8),(11.11,4.4)); 100
((10.10,8.8),(11.11,5.5)); 4
((10.10,8.8),(11.11,6.6)); 4
((10.10,8.8),(11.11,9.9)); 7
((10.10,8.8),(2.2,3.3)); 100
((10.10,8.8),(2.2,4.4)); 100
((10.10,8.8),(2.2,5.5)); 4
((10.10,8.8),(2.2,6.6)); 4
((10.10,8.8),(2.2,9.9)); 7
((10.10,8.8),(3.3,4.4)); 100
((10.10,8.8),(3.3,5.5)); 4
((10.10,8.8),(3.3,6.6)); 4
((10.10,8.8),(3.3,9.9)); 7
((10.10,8.8),(4.4,5.5)); 4
((10.10,8.8),(4.4,6.6)); 4
((10.10,8.8),(4.4,9.9)); 7
((10.10,8.8),(5.5,6.6)); 98
((10.10,8.8),(5.5,9.9)); 14
((10.10,8.8),(6.6,9.9)); 14
((10.10,9.9),(11.11,2.2)); 100
((10.10,9.9),(11.11,3.3)); 100
((10.10,9.9),(11.11,4.4)); 100
((10.10,9.9),(11.11,5.5)); 6
((10.10,9.9),(11.11,6.6)); 6
((10.10,9.9),(11.11,7.7)); 4
((10.10,9.9),(11.11,8.8)); 4
((10.10,9.9),(2.2,3.3)); 100
((10.10,9.9),(2.2,4.4)); 100
((10.10,9.9),(2.2,5.5)); 6
((10.10,9.9),(2.2,6.6)); 6
((10.10,9.9),(2.2,7.7)); 4
((10.10,9.9),(2.2,8.8)); 4
((10.10,9.9),(3.3,4.4)); 100
((10.10,9.9),(3.3,5.5)); 6
((10.10,9.9),(3.3,6.6)); 6
((10.10,9.9),(3.3,7.7)); 4
((10.10,9.9),(3.3,8.8)); 4
((10.10,9.9),(4.4,5.5)); 6
((10.10,9.9),(4.4,6.6)); 6
((10.10,9.9),(4.4,7.7)); 4
((10.10,9.9),(4.4,8.8)); 4
((10.10,9.9),(5.5,6.6)); 100
((10.10,9.9),(5.5,7.7)); 72
((10.10,9.9),(5.5,8.8)); 72
((10.10,9.9),(6.6,7.7)); 72
((10.10,9.9),(6.6,8.8)); 72
((10.10,9.9),(7.7,8.8)); 100
((11.11,2.2),(3.3,4.4)); 6
((11.11,2.2),(5.5,6.6)); 100
((11.11,2.2),(5.5,7.7)); 100
((11.11,2.2),(5.5,8.8)); 100
((11.11,2.2),(5.5,9.9)); 100
((11.11,2.2),(6.6,7.7)); 100
((11.11,2.2),(6.6,8.8)); 100
((11.11,2.2),(6.6,9.9)); 100
((11.11,2.2),(7.7,8.8)); 100
((11.11,2.2),(7.7,9.9)); 100
((11.11,2.2),(8.8,9.9)); 100
((11.11,3.3),(2.2,4.4)); 7
((11.11,3.3),(5.5,6.6)); 100
((11.11,3.3),(5.5,7.7)); 100
((11.11,3.3),(5.5,8.8)); 100
((11.11,3.3),(5.5,9.9)); 100
((11.11,3.3),(6.6,7.7)); 100
((11.11,3.3),(6.6,8.8)); 100
((11.11,3.3),(6.6,9.9)); 100
((11.11,3.3),(7.7,8.8)); 100
((11.11,3.3),(7.7,9.9)); 100
((11.11,3.3),(8.8,9.9)); 100
((11.11,4.4),(2.2,3.3)); 87
((11.11,4.4),(5.5,6.6)); 100
((11.11,4.4),(5.5,7.7)); 100
((11.11,4.4),(5.5,8.8)); 100
((11.11,4.4),(5.5,9.9)); 100
((11.11,4.4),(6.6,7.7)); 100
((11.11,4.4),(6.6,8.8)); 100
((11.11,4.4),(6.6,9.9)); 100
((11.11,4.4),(7.7,8.8)); 100
((11.11,4.4),(7.7,9.9)); 100
((11.11,4.4),(8.8,9.9)); 100
((11.11,5.5),(2.2,3.3)); 100
((11.11,5.5),(2.2,4.4)); 100
((11.11,5.5),(3.3,4.4)); 100
((11.11,5.5),(6.6,7.7)); 2
((11.11,5.5),(6.6,8.8)); 2
((11.11,5.5),(7.7,8.8)); 100
((11.11,5.5),(7.7,9.9)); 14
((11.11,5.5),(8.8,9.9)); 14
((11.11,6.6),(2.2,3.3)); 100
((11.11,6.6),(2.2,4.4)); 100
((11.11,6.6),(3.3,4.4)); 100
((11.11,6.6),(7.7,8.8)); 100
((11.11,6.6),(7.7,9.9)); 14
((11.11,6.6),(8.8,9.9)); 14
((11.11,7.7),(2.2,3.3)); 100
((11.11,7.7),(2.2,4.4)); 100
((11.11,7.7),(3.3,4.4)); 100
((11.11,7.7),(5.5,6.6)); 98
((11.11,7.7),(5.5,9.9)); 14
((11.11,7.7),(6.6,9.9)); 14
((11.11,8.8),(2.2,3.3)); 100
((11.11,8.8),(2.2,4.4)); 100
((11.11,8.8),(3.3,4.4)); 100
((11.11,8.8),(5.5,6.6)); 98
((11.11,8.8),(5.5,9.9)); 14
((11.11,8.8),(6.6,9.9)); 14
((11.11,9.9),(2.2,3.3)); 100
((11.11,9.9),(2.2,4.4)); 100
((11.11,9.9),(3.3,4.4)); 100
((11.11,9.9),(5.5,6.6)); 100
((11.11,9.9),(5.5,7.7)); 72
((11.11,9.9),(5.5,8.8)); 72
((11.11,9.9),(6.6,7.7)); 72
((11.11,9.9),(6.6,8.8)); 72
((11.11,9.9),(7.7,8.8)); 100
((2.2,3.3),(4.4,5.5)); 87
((2.2,3.3),(4.4,6.6)); 87
((2.2,3.3),(4.4,7.7)); 87
((2.2,3.3),(4.4,8.8)); 87
((2.2,3.3),(4.4,9.9)); 87
((2.2,3.3),(5.5,6.6)); 100
((2.2,3.3),(5.5,7.7)); 100
((2.2,3.3),(5.5,8.8)); 100
((2.2,3.3),(5.5,9.9)); 100
((2.2,3.3),(6.6,7.7)); 100
((2.2,3.3),(6.6,8.8)); 100
((2.2,3.3),(6.6,9.9)); 100
((2.2,3.3),(7.7,8.8)); 100
((2.2,3.3),(7.7,9.9)); 100
((2.2,3.3),(8.8,9.9)); 100
((2.2,4.4),(3.3,5.5)); 7
((2.2,4.4),(3.3,6.6)); 7
((2.2,4.4),(3.3,7.7)); 7
((2.2,4.4),(3.3,8.8)); 7
((2.2,4.4),(3.3,9.9)); 7
((2.2,4.4),(5.5,6.6)); 100
((2.2,4.4),(5.5,7.7)); 100
((2.2,4.4),(5.5,8.8)); 100
((2.2,4.4),(5.5,9.9)); 100
((2.2,4.4),(6.6,7.7)); 100
((2.2,4.4),(6.6,8.8)); 100
((2.2,4.4),(6.6,9.9)); 100
((2.2,4.4),(7.7,8.8)); 100
((2.2,4.4),(7.7,9.9)); 100
((2.2,4.4),(8.8,9.9)); 100
((2.2,5.5),(3.3,4.4)); 6
((2.2,5.5),(6.6,7.7)); 2
((2.2,5.5),(6.6,8.8)); 2
((2.2,5.5),(7.7,8.8)); 100
((2.2,5.5),(7.7,9.9)); 14
((2.2,5.5),(8.8,9.9)); 14
((2.2,6.6),(3.3,4.4)); 6
((2.2,6.6),(7.7,8.8)); 100
((2.2,6.6),(7.7,9.9)); 14
((2.2,6.6),(8.8,9.9)); 14
((2.2,7.7),(3.3,4.4)); 6
((2.2,7.7),(5.5,6.6)); 98
((2.2,7.7),(5.5,9.9)); 14
((2.2,7.7),(6.6,9.9)); 14
((2.2,8.8),(3.3,4.4)); 6
((2.2,8.8),(5.5,6.6)); 98
((2.2,8.8),(5.5,9.9)); 14
((2.2,8.8),(6.6,9.9)); 14
((2.2,9.9),(3.3,4.4)); 6
((2.2,9.9),(5.5,6.6)); 100
((2.2,9.9),(5.5,7.7)); 72
((2.2,9.9),(5.5,8.8)); 72
((2.2,9.9),(6.6,7.7)); 72
((2.2,9.9),(6.6,8.8)); 72
((2.2,9.9),(7.7,8.8)); 100
((3.3,4.4),(5.5,6.6)); 100
((3.3,4.4),(5.5,7.7)); 100
((3.3,4.4),(5.5,8.8)); 100
((3.3,4.4),(5.5,9.9)); 100
((3.3,4.4),(6.6,7.7)); 100
((3.3,4.4),(6.6,8.8)); 100
((3.3,4.4),(6.6,9.9)); 100
((3.3,4.4),(7.7,8.8)); 100
((3.3,4.4),(7.7,9.9)); 100
((3.3,4.4),(8.8,9.9)); 100
((3.3,5.5),(6.6,7.7)); 2
((3.3,5.5),(6.6,8.8)); 2
((3.3,5.5),(7.7,8.8)); 100
((3.3,5.5),(7.7,9.9)); 14
((3.3,5.5),(8.8,9.9)); 14
((3.3,6.6),(7.7,8.8)); 100
((3.3,6.6),(7.7,9.9)); 14
((3.3,6.6),(8.8,9.9)); 14
((3.3,7.7),(5.5,6.6)); 98
((3.3,7.7),(5.5,9.9)); 14
((3.3,7.7),(6.6,9.9)); 14
((3.3,8.8),(5.5,6.6)); 98
((3.3,8.8),(5.5,9.9)); 14
((3.3,8.8),(6.6,9.9)); 14
((3.3,9.9),(5.5,6.6)); 100
((3.3,9.9),(5.5,7.7)); 72
((3.3,9.9),(5.5,8.8)); 72
((3.3,9.9),(6.6,7.7)); 72
((3.3,9.9),(6.6,8.8)); 72
((3.3,9.9),(7.7,8.8)); 100
((4.4,5.5),(6.6,7.7)); 2
((4.4,5.5),(6.6,8.8)); 2
((4.4,5.5),(7.7,8.8)); 100
((4.4,5.5),(7.7,9.9)); 14
((4.4,5.5),(8.8,9.9)); 14
((4.4,6.6),(7.7,8.8)); 100
((4.4,6.6),(7.7,9.9)); 14
((4.4,6.6),(8.8,9.9)); 14
((4.4,7.7),(5.5,6.6)); 98
((4.4,7.7),(5.5,9.9)); 14
((4.4,7.7),(6.6,9.9)); 14
((4.4,8.8),(5.5,6.6)); 98
((4.4,8.8),(5.5,9.9)); 14
((4.4,8.8),(6.6,9.9)); 14
((4.4,9.9),(5.5,6.6)); 100
((4.4,9.9),(5.5,7.7)); 72
((4.4,9.9),(5.5,8.8)); 72
((4.4,9.9),(6.6,7.7)); 72
((4.4,9.9),(6.6,8.8)); 72
((4.4,9.9),(7.7,8.8)); 100
((5.5,6.6),(7.7,8.8)); 100
((5.5,6.6),(7.7,9.9)); 98
((5.5,6.6),(8.8,9.9)); 98
((5.5,9.9),(6.6,7.7)); 2
((5.5,9.9),(6.6,8.8)); 2
((5.5,9.9),(7.7,8.8)); 100
((6.6,9.9),(7.7,8.8)); 100
