((1,10),(11,2)); 2
((1,10),(11,3)); 2
((1,10),(11,4)); 3
((1,10),(11,5)); 2
((1,10),(11,6)); 3
((1,10),(11,7)); 6
((1,10),(11,8)); 3
((1,10),(11,9)); 3
((1,10),(2,3)); 26
((1,10),(2,4)); 24
((1,10),(2,6)); 1
((1,10),(2,7)); 1
((1,10),(2,8)); 1
((1,10),(3,4)); 28
((1,10),(3,6)); 1
((1,10),(3,7)); 1
((1,10),(3,8)); 1
((1,10),(4,6)); 1
((1,10),(4,7)); 1
((1,10),(4,8)); 1
((1,10),(5,6)); 79
((1,10),(5,7)); 61
((1,10),(5,8)); 62
((1,10),(5,9)); 55
((1,10),(6,7)); 58
((1,10),(6,8)); 60
((1,10),(6,9)); 55
((1,10),(7,8)); 85
((1,10),(7,9)); 55
((1,10),(8,9)); 54
((1,11),(10,3)); 1
((1,11),(10,4)); 1
((1,11),(10,5)); 92
((1,11),(10,6)); 93
((1,11),(10,7)); 91
((1,11),(10,8)); 93
((1,11),(10,9)); 94
((1,11),(2,3)); 25
((1,11),(2,4)); 22
((1,11),(3,4)); 26
((1,11),(3,5)); 1
((1,11),(3,6)); 1
((1,11),(3,7)); 1
((1,11),(3,8)); 1
((1,11),(3,9)); 1
((1,11),(4,5)); 1
((1,11),(4,6)); 2
((1,11),(4,7)); 1
((1,11),(4,8)); 1
((1,11),(4,9)); 1
((1,11),(5,6)); 97
((1,11),(5,7)); 92
((1,11),(5,8)); 93
((1,11),(5,9)); 93
((1,11),(6,7)); 92
((1,11),(6,8)); 94
((1,11),(6,9)); 95
((1,11),(7,8)); 97
((1,11),(7,9)); 94
((1,11),(8,9)); 95
((1,2),(10,11)); 98
((1,2),(10,3)); 45
((1,2),(10,4)); 59
((1,2),(10,5)); 98
((1,2),(10,6)); 98
((1,2),(10,7)); 98
((1,2),(10,8)); 98
((1,2),(10,9)); 99
((1,2),(11,3)); 45
((1,2),(11,4)); 60
((1,2),(11,5)); 97
((1,2),(11,6)); 97
((1,2),(11,7)); 98
((1,2),(11,8)); 98
((1,2),(11,9)); 97
((1,2),(3,4)); 43
((1,2),(3,5)); 45
((1,2),(3,6)); 45
((1,2),(3,7)); 45
((1,2),(3,8)); 45
((1,2),(3,9)); 45
((1,2),(4,5)); 59
((1,2),(4,6)); 60
((1,2),(4,7)); 59
((1,2),(4,8)); 59
((1,2),(4,9)); 59
((1,2),(5,6)); 99
((1,2),(5,7)); 99
((1,2),(5,8)); 99
((1,2),(5,9)); 99
((1,2),(6,7)); 99
((1,2),(6,8)); 99
((1,2),(6,9)); 99
((1,2),(7,8)); 100
((1,2),(7,9)); 99
((1,2),(8,9)); 99
((1,3),(10,11)); 97
((1,3),(10,2)); 29
((1,3),(10,4)); 48
((1,3),(10,5)); 98
((1,3),(10,6)); 98
((1,3),(10,7)); 98
((1,3),(10,8)); 98
((1,3),(10,9)); 99
((1,3),(11,2)); 30
((1,3),(11,4)); 50
((1,3),(11,5)); 96
((1,3),(11,6)); 96
((1,3),(11,7)); 97
((1,3),(11,8)); 97
((1,3),(11,9)); 96
((1,3),(2,4)); 34
((1,3),(2,5)); 29
((1,3),(2,6)); 29
((1,3),(2,7)); 29
((1,3),(2,8)); 29
((1,3),(2,9)); 29
((1,3),(4,5)); 48
((1,3),(4,6)); 49
((1,3),(4,7)); 48
((1,3),(4,8)); 48
((1,3),(4,9)); 48
((1,3),(5,6)); 99
((1,3),(5,7)); 99
((1,3),(5,8)); 99
((1,3),(5,9)); 99
((1,3),(6,7)); 99
((1,3),(6,8)); 99
((1,3),(6,9)); 99
((1,3),(7,8)); 100
((1,3),(7,9)); 99
((1,3),(8,9)); 99
((1,4),(10,11)); 96
((1,4),(10,2)); 17
((1,4),(10,3)); 24
((1,4),(10,5)); 98
((1,4),(10,6)); 98
((1,4),(10,7)); 98
((1,4),(10,8)); 98
((1,4),(10,9)); 99
((1,4),(11,2)); 18
((1,4),(11,3)); 24
((1,4),(11,5)); 95
((1,4),(11,6)); 95
((1,4),(11,7)); 96
((1,4),(11,8)); 96
((1,4),(11,9)); 95
((1,4),(2,3)); 23
((1,4),(2,5)); 17
((1,4),(2,6)); 17
((1,4),(2,7)); 18
((1,4),(2,8)); 18
((1,4),(2,9)); 17
((1,4),(3,5)); 24
((1,4),(3,6)); 24
((1,4),(3,7)); 25
((1,4),(3,8)); 25
((1,4),(3,9)); 24
((1,4),(5,6)); 99
((1,4),(5,7)); 99
((1,4),(5,8)); 99
((1,4),(5,9)); 99
((1,4),(6,7)); 99
((1,4),(6,8)); 99
((1,4),(6,9)); 99
((1,4),(7,8)); 100
((1,4),(7,9)); 99
((1,4),(8,9)); 99
((1,5),(10,11)); 6
((1,5),(10,2)); 2
((1,5),(10,3)); 2
((1,5),(10,4)); 2
((1,5),(10,6)); 12
((1,5),(10,7)); 23
((1,5),(10,8)); 21
((1,5),(10,9)); 19
((1,5),(11,2)); 3
((1,5),(11,3)); 3
((1,5),(11,4)); 4
((1,5),(11,6)); 2
((1,5),(11,7)); 7
((1,5),(11,8)); 6
((1,5),(11,9)); 5
((1,5),(2,3)); 26
((1,5),(2,4)); 24
((1,5),(2,6)); 1
((1,5),(2,7)); 1
((1,5),(2,8)); 1
((1,5),(2,9)); 1
((1,5),(3,4)); 28
((1,5),(3,6)); 1
((1,5),(3,7)); 1
((1,5),(3,8)); 1
((1,5),(3,9)); 1
((1,5),(4,6)); 1
((1,5),(4,7)); 1
((1,5),(4,8)); 1
((1,5),(4,9)); 1
((1,5),(6,7)); 14
((1,5),(6,8)); 14
((1,5),(6,9)); 13
((1,5),(7,8)); 75
((1,5),(7,9)); 32
((1,5),(8,9)); 28
((1,6),(10,11)); 4
((1,6),(10,2)); 1
((1,6),(10,3)); 1
((1,6),(10,4)); 1
((1,6),(10,5)); 9
((1,6),(10,7)); 22
((1,6),(10,8)); 20
((1,6),(10,9)); 19
((1,6),(11,2)); 3
((1,6),(11,3)); 3
((1,6),(11,4)); 3
((1,6),(11,5)); 1
((1,6),(11,7)); 8
((1,6),(11,8)); 5
((1,6),(11,9)); 3
((1,6),(2,3)); 26
((1,6),(2,4)); 23
((1,6),(2,7)); 1
((1,6),(2,8)); 1
((1,6),(3,4)); 27
((1,6),(3,7)); 1
((1,6),(3,8)); 1
((1,6),(5,7)); 13
((1,6),(5,8)); 15
((1,6),(5,9)); 13
((1,6),(7,8)); 76
((1,6),(7,9)); 29
((1,6),(8,9)); 29
((1,7),(10,11)); 3
((1,7),(10,2)); 1
((1,7),(10,3)); 1
((1,7),(10,4)); 1
((1,7),(10,5)); 16
((1,7),(10,6)); 20
((1,7),(10,8)); 5
((1,7),(10,9)); 17
((1,7),(11,2)); 2
((1,7),(11,3)); 2
((1,7),(11,4)); 3
((1,7),(11,5)); 1
((1,7),(11,9)); 1
((1,7),(2,3)); 26
((1,7),(2,4)); 23
((1,7),(3,4)); 27
((1,7),(4,6)); 1
((1,7),(5,6)); 73
((1,7),(5,8)); 16
((1,7),(5,9)); 25
((1,7),(6,8)); 15
((1,7),(6,9)); 29
((1,7),(8,9)); 7
((1,8),(10,11)); 4
((1,8),(10,2)); 1
((1,8),(10,3)); 1
((1,8),(10,4)); 1
((1,8),(10,5)); 17
((1,8),(10,6)); 20
((1,8),(10,7)); 10
((1,8),(10,9)); 20
((1,8),(11,2)); 2
((1,8),(11,3)); 2
((1,8),(11,4)); 3
((1,8),(11,5)); 1
((1,8),(11,6)); 1
((1,8),(11,7)); 3
((1,8),(11,9)); 2
((1,8),(2,3)); 26
((1,8),(2,4)); 23
((1,8),(3,4)); 27
((1,8),(4,6)); 1
((1,8),(5,6)); 71
((1,8),(5,7)); 9
((1,8),(5,9)); 26
((1,8),(6,7)); 9
((1,8),(6,9)); 28
((1,8),(7,9)); 10
((1,9),(10,11)); 3
((1,9),(10,2)); 1
((1,9),(10,3)); 1
((1,9),(10,4)); 1
((1,9),(10,5)); 26
((1,9),(10,6)); 26
((1,9),(10,7)); 28
((1,9),(10,8)); 26
((1,9),(11,2)); 3
((1,9),(11,3)); 3
((1,9),(11,4)); 4
((1,9),(11,5)); 2
((1,9),(11,6)); 2
((1,9),(11,7)); 5
((1,9),(11,8)); 3
((1,9),(2,3)); 26
((1,9),(2,4)); 24
((1,9),(2,6)); 1
((1,9),(2,7)); 1
((1,9),(2,8)); 1
((1,9),(3,4)); 28
((1,9),(3,6)); 1
((1,9),(3,7)); 1
((1,9),(3,8)); 1
((1,9),(4,6)); 1
((1,9),(4,7)); 1
((1,9),(4,8)); 1
((1,9),(5,6)); 74
((1,9),(5,7)); 43
((1,9),(5,8)); 46
((1,9),(6,7)); 42
((1,9),(6,8)); 43
((1,9),(7,8)); 83
((10,11),(2,3)); 98
((10,11),(2,4)); 96
((10,11),(2,5)); 5
((10,11),(2,6)); 4
((10,11),(2,7)); 3
((10,11),(2,8)); 4
((10,11),(2,9)); 3
((10,11),(3,4)); 96
((10,11),(3,5)); 5
((10,11),(3,6)); 4
((10,11),(3,7)); 3
((10,11),(3,8)); 4
((10,11),(3,9)); 3
((10,11),(4,5)); 5
((10,11),(4,6)); 5
((10,11),(4,7)); 3
((10,11),(4,8)); 4
((10,11),(4,9)); 3
((10,11),(5,6)); 78
((10,11),(5,7)); 62
((10,11),(5,8)); 64
((10,11),(5,9)); 55
((10,11),(6,7)); 58
((10,11),(6,8)); 61
((10,11),(6,9)); 56
((10,11),(7,8)); 85
((10,11),(7,9)); 54
((10,11),(8,9)); 54
((10,2),(11,4)); 2
((10,2),(11,5)); 2
((10,2),(11,6)); 2
((10,2),(11,7)); 6
((10,2),(11,8)); 3
((10,2),(11,9)); 3
((10,2),(3,4)); 19
((10,2),(4,6)); 1
((10,2),(5,6)); 79
((10,2),(5,7)); 61
((10,2),(5,8)); 62
((10,2),(5,9)); 55
((10,2),(6,7)); 57
((10,2),(6,8)); 59
((10,2),(6,9)); 55
((10,2),(7,8)); 85
((10,2),(7,9)); 55
((10,2),(8,9)); 54
((10,3),(11,2)); 2
((10,3),(11,4)); 2
((10,3),(11,5)); 2
((10,3),(11,6)); 2
((10,3),(11,7)); 6
((10,3),(11,8)); 3
((10,3),(11,9)); 3
((10,3),(2,4)); 26
((10,3),(4,6)); 1
((10,3),(5,6)); 79
((10,3),(5,7)); 61
((10,3),(5,8)); 62
((10,3),(5,9)); 55
((10,3),(6,7)); 57
((10,3),(6,8)); 59
((10,3),(6,9)); 55
((10,3),(7,8)); 85
((10,3),(7,9)); 55
((10,3),(8,9)); 54
((10,4),(11,2)); 2
((10,4),(11,3)); 2
((10,4),(11,5)); 2
((10,4),(11,6)); 2
((10,4),(11,7)); 6
((10,4),(11,8)); 3
((10,4),(11,9)); 3
((10,4),(2,3)); 55
((10,4),(2,7)); 1
((10,4),(2,8)); 1
((10,4),(3,7)); 1
((10,4),(3,8)); 1
((10,4),(5,6)); 79
((10,4),(5,7)); 61
((10,4),(5,8)); 62
((10,4),(5,9)); 55
((10,4),(6,7)); 57
((10,4),(6,8)); 59
((10,4),(6,9)); 55
((10,4),(7,8)); 85
((10,4),(7,9)); 55
((10,4),(8,9)); 54
((10,5),(11,2)); 93
((10,5),(11,3)); 93
((10,5),(11,4)); 93
((10,5),(11,6)); 10
((10,5),(11,7)); 18
((10,5),(11,8)); 17
((10,5),(11,9)); 27
((10,5),(2,3)); 100
((10,5),(2,4)); 100
((10,5),(2,6)); 10
((10,5),(2,7)); 17
((10,5),(2,8)); 18
((10,5),(2,9)); 26
((10,5),(3,4)); 100
((10,5),(3,6)); 10
((10,5),(3,7)); 17
((10,5),(3,8)); 18
((10,5),(3,9)); 26
((10,5),(4,6)); 10
((10,5),(4,7)); 17
((10,5),(4,8)); 18
((10,5),(4,9)); 26
((10,5),(6,7)); 14
((10,5),(6,8)); 16
((10,5),(6,9)); 16
((10,5),(7,8)); 71
((10,5),(7,9)); 31
((10,5),(8,9)); 28
((10,6),(11,2)); 94
((10,6),(11,3)); 94
((10,6),(11,4)); 93
((10,6),(11,5)); 12
((10,6),(11,7)); 22
((10,6),(11,8)); 20
((10,6),(11,9)); 27
((10,6),(2,3)); 100
((10,6),(2,4)); 99
((10,6),(2,5)); 11
((10,6),(2,7)); 21
((10,6),(2,8)); 21
((10,6),(2,9)); 26
((10,6),(3,4)); 99
((10,6),(3,5)); 11
((10,6),(3,7)); 21
((10,6),(3,8)); 21
((10,6),(3,9)); 26
((10,6),(4,5)); 11
((10,6),(4,7)); 20
((10,6),(4,8)); 20
((10,6),(4,9)); 26
((10,6),(5,7)); 17
((10,6),(5,8)); 16
((10,6),(5,9)); 16
((10,6),(7,8)); 73
((10,6),(7,9)); 33
((10,6),(8,9)); 33
((10,7),(11,2)); 91
((10,7),(11,3)); 91
((10,7),(11,4)); 91
((10,7),(11,5)); 20
((10,7),(11,6)); 20
((10,7),(11,8)); 9
((10,7),(11,9)); 28
((10,7),(2,3)); 100
((10,7),(2,4)); 99
((10,7),(2,5)); 22
((10,7),(2,6)); 22
((10,7),(2,8)); 10
((10,7),(2,9)); 28
((10,7),(3,4)); 99
((10,7),(3,5)); 22
((10,7),(3,6)); 22
((10,7),(3,8)); 10
((10,7),(3,9)); 28
((10,7),(4,5)); 22
((10,7),(4,6)); 23
((10,7),(4,8)); 10
((10,7),(4,9)); 28
((10,7),(5,6)); 69
((10,7),(5,8)); 19
((10,7),(5,9)); 30
((10,7),(6,8)); 18
((10,7),(6,9)); 31
((10,7),(8,9)); 11
((10,8),(11,2)); 93
((10,8),(11,3)); 93
((10,8),(11,4)); 93
((10,8),(11,5)); 19
((10,8),(11,6)); 19
((10,8),(11,7)); 6
((10,8),(11,9)); 28
((10,8),(2,3)); 100
((10,8),(2,4)); 99
((10,8),(2,5)); 20
((10,8),(2,6)); 20
((10,8),(2,7)); 5
((10,8),(2,9)); 26
((10,8),(3,4)); 99
((10,8),(3,5)); 20
((10,8),(3,6)); 20
((10,8),(3,7)); 5
((10,8),(3,9)); 26
((10,8),(4,5)); 20
((10,8),(4,6)); 21
((10,8),(4,7)); 5
((10,8),(4,9)); 26
((10,8),(5,6)); 68
((10,8),(5,7)); 10
((10,8),(5,9)); 31
((10,8),(6,7)); 9
((10,8),(6,9)); 30
((10,8),(7,9)); 8
((10,9),(11,2)); 94
((10,9),(11,3)); 94
((10,9),(11,4)); 94
((10,9),(11,5)); 18
((10,9),(11,6)); 17
((10,9),(11,7)); 18
((10,9),(11,8)); 18
((10,9),(2,3)); 100
((10,9),(2,4)); 100
((10,9),(2,5)); 19
((10,9),(2,6)); 19
((10,9),(2,7)); 17
((10,9),(2,8)); 20
((10,9),(3,4)); 100
((10,9),(3,5)); 19
((10,9),(3,6)); 19
((10,9),(3,7)); 17
((10,9),(3,8)); 20
((10,9),(4,5)); 19
((10,9),(4,6)); 19
((10,9),(4,7)); 17
((10,9),(4,8)); 20
((10,9),(5,6)); 68
((10,9),(5,7)); 39
((10,9),(5,8)); 41
((10,9),(6,7)); 36
((10,9),(6,8)); 37
((10,9),(7,8)); 81
((11,2),(3,4)); 19
((11,2),(3,5)); 2
((11,2),(3,6)); 2
((11,2),(3,7)); 2
((11,2),(3,8)); 2
((11,2),(3,9)); 2
((11,2),(4,5)); 2
((11,2),(4,6)); 2
((11,2),(4,7)); 1
((11,2),(4,8)); 1
((11,2),(4,9)); 2
((11,2),(5,6)); 98
((11,2),(5,7)); 92
((11,2),(5,8)); 93
((11,2),(5,9)); 94
((11,2),(6,7)); 92
((11,2),(6,8)); 94
((11,2),(6,9)); 96
((11,2),(7,8)); 97
((11,2),(7,9)); 94
((11,2),(8,9)); 95
((11,3),(2,4)); 24
((11,3),(4,5)); 2
((11,3),(4,6)); 2
((11,3),(4,7)); 1
((11,3),(4,8)); 1
((11,3),(4,9)); 2
((11,3),(5,6)); 98
((11,3),(5,7)); 92
((11,3),(5,8)); 93
((11,3),(5,9)); 94
((11,3),(6,7)); 92
((11,3),(6,8)); 94
((11,3),(6,9)); 96
((11,3),(7,8)); 97
((11,3),(7,9)); 94
((11,3),(8,9)); 95
((11,4),(2,3)); 57
((11,4),(2,5)); 2
((11,4),(2,6)); 2
((11,4),(2,7)); 2
((11,4),(2,8)); 2
((11,4),(2,9)); 2
((11,4),(3,5)); 2
((11,4),(3,6)); 2
((11,4),(3,7)); 2
((11,4),(3,8)); 2
((11,4),(3,9)); 2
((11,4),(5,6)); 97
((11,4),(5,7)); 92
((11,4),(5,8)); 93
((11,4),(5,9)); 94
((11,4),(6,7)); 92
((11,4),(6,8)); 94
((11,4),(6,9)); 95
((11,4),(7,8)); 97
((11,4),(7,9)); 94
((11,4),(8,9)); 95
((11,5),(2,3)); 98
((11,5),(2,4)); 96
((11,5),(2,6)); 1
((11,5),(2,7)); 1
((11,5),(2,8)); 1
((11,5),(2,9)); 2
((11,5),(3,4)); 96
((11,5),(3,6)); 1
((11,5),(3,7)); 1
((11,5),(3,8)); 1
((11,5),(3,9)); 2
((11,5),(4,6)); 2
((11,5),(4,7)); 1
((11,5),(4,8)); 1
((11,5),(4,9)); 2
((11,5),(6,7)); 13
((11,5),(6,8)); 14
((11,5),(6,9)); 12
((11,5),(7,8)); 75
((11,5),(7,9)); 30
((11,5),(8,9)); 27
((11,6),(2,3)); 98
((11,6),(2,4)); 96
((11,6),(2,5)); 1
((11,6),(2,8)); 1
((11,6),(2,9)); 1
((11,6),(3,4)); 96
((11,6),(3,5)); 1
((11,6),(3,8)); 1
((11,6),(3,9)); 1
((11,6),(4,5)); 1
((11,6),(4,8)); 1
((11,6),(4,9)); 1
((11,6),(5,7)); 12
((11,6),(5,8)); 15
((11,6),(5,9)); 14
((11,6),(7,8)); 76
((11,6),(7,9)); 28
((11,6),(8,9)); 28
((11,7),(2,3)); 98
((11,7),(2,4)); 97
((11,7),(2,5)); 7
((11,7),(2,6)); 8
((11,7),(2,8)); 3
((11,7),(2,9)); 5
((11,7),(3,4)); 97
((11,7),(3,5)); 7
((11,7),(3,6)); 8
((11,7),(3,8)); 3
((11,7),(3,9)); 5
((11,7),(4,5)); 7
((11,7),(4,6)); 8
((11,7),(4,8)); 3
((11,7),(4,9)); 5
((11,7),(5,6)); 75
((11,7),(5,8)); 17
((11,7),(5,9)); 28
((11,7),(6,8)); 16
((11,7),(6,9)); 31
((11,7),(8,9)); 9
((11,8),(2,3)); 98
((11,8),(2,4)); 97
((11,8),(2,5)); 6
((11,8),(2,6)); 5
((11,8),(2,9)); 3
((11,8),(3,4)); 97
((11,8),(3,5)); 6
((11,8),(3,6)); 5
((11,8),(3,9)); 3
((11,8),(4,5)); 6
((11,8),(4,6)); 5
((11,8),(4,9)); 3
((11,8),(5,6)); 71
((11,8),(5,7)); 8
((11,8),(5,9)); 26
((11,8),(6,7)); 8
((11,8),(6,9)); 29
((11,8),(7,9)); 9
((11,9),(2,3)); 98
((11,9),(2,4)); 96
((11,9),(2,5)); 4
((11,9),(2,6)); 3
((11,9),(2,7)); 1
((11,9),(2,8)); 2
((11,9),(3,4)); 96
((11,9),(3,5)); 4
((11,9),(3,6)); 3
((11,9),(3,7)); 1
((11,9),(3,8)); 2
((11,9),(4,5)); 4
((11,9),(4,6)); 4
((11,9),(4,7)); 1
((11,9),(4,8)); 2
((11,9),(5,6)); 74
((11,9),(5,7)); 42
((11,9),(5,8)); 47
((11,9),(6,7)); 41
((11,9),(6,8)); 43
((11,9),(7,8)); 82
((2,3),(4,5)); 55
((2,3),(4,6)); 55
((2,3),(4,7)); 55
((2,3),(4,8)); 55
((2,3),(4,9)); 55
((2,3),(5,6)); 100
((2,3),(5,7)); 100
((2,3),(5,8)); 100
((2,3),(5,9)); 100
((2,3),(6,7)); 100
((2,3),(6,8)); 100
((2,3),(6,9)); 100
((2,3),(7,8)); 100
((2,3),(7,9)); 100
((2,3),(8,9)); 100
((2,4),(3,5)); 26
((2,4),(3,6)); 26
((2,4),(3,7)); 26
((2,4),(3,8)); 26
((2,4),(3,9)); 26
((2,4),(5,6)); 99
((2,4),(5,7)); 99
((2,4),(5,8)); 99
((2,4),(5,9)); 100
((2,4),(6,7)); 99
((2,4),(6,8)); 99
((2,4),(6,9)); 99
((2,4),(7,8)); 100
((2,4),(7,9)); 99
((2,4),(8,9)); 99
((2,5),(3,4)); 19
((2,5),(4,6)); 1
((2,5),(6,7)); 13
((2,5),(6,8)); 13
((2,5),(6,9)); 12
((2,5),(7,8)); 75
((2,5),(7,9)); 31
((2,5),(8,9)); 27
((2,6),(3,4)); 19
((2,6),(5,7)); 13
((2,6),(5,8)); 15
((2,6),(5,9)); 14
((2,6),(7,8)); 76
((2,6),(7,9)); 29
((2,6),(8,9)); 29
((2,7),(3,4)); 19
((2,7),(4,5)); 1
((2,7),(4,6)); 1
((2,7),(4,9)); 1
((2,7),(5,6)); 74
((2,7),(5,8)); 16
((2,7),(5,9)); 26
((2,7),(6,8)); 15
((2,7),(6,9)); 30
((2,7),(8,9)); 7
((2,8),(3,4)); 19
((2,8),(4,5)); 1
((2,8),(4,6)); 1
((2,8),(4,9)); 1
((2,8),(5,6)); 72
((2,8),(5,7)); 9
((2,8),(5,9)); 27
((2,8),(6,7)); 9
((2,8),(6,9)); 29
((2,8),(7,9)); 10
((2,9),(3,4)); 19
((2,9),(4,6)); 1
((2,9),(5,6)); 74
((2,9),(5,7)); 43
((2,9),(5,8)); 46
((2,9),(6,7)); 41
((2,9),(6,8)); 42
((2,9),(7,8)); 83
((3,4),(5,6)); 99
((3,4),(5,7)); 99
((3,4),(5,8)); 99
((3,4),(5,9)); 100
((3,4),(6,7)); 99
((3,4),(6,8)); 99
((3,4),(6,9)); 99
((3,4),(7,8)); 100
((3,4),(7,9)); 99
((3,4),(8,9)); 99
((3,5),(4,6)); 1
((3,5),(6,7)); 13
((3,5),(6,8)); 13
((3,5),(6,9)); 12
((3,5),(7,8)); 75
((3,5),(7,9)); 31
((3,5),(8,9)); 27
((3,6),(5,7)); 13
((3,6),(5,8)); 15
((3,6),(5,9)); 14
((3,6),(7,8)); 76
((3,6),(7,9)); 29
((3,6),(8,9)); 29
((3,7),(4,5)); 1
((3,7),(4,6)); 1
((3,7),(4,9)); 1
((3,7),(5,6)); 74
((3,7),(5,8)); 16
((3,7),(5,9)); 26
((3,7),(6,8)); 15
((3,7),(6,9)); 30
((3,7),(8,9)); 7
((3,8),(4,5)); 1
((3,8),(4,6)); 1
((3,8),(4,9)); 1
((3,8),(5,6)); 72
((3,8),(5,7)); 9
((3,8),(5,9)); 27
((3,8),(6,7)); 9
((3,8),(6,9)); 29
((3,8),(7,9)); 10
((3,9),(4,6)); 1
((3,9),(5,6)); 74
((3,9),(5,7)); 43
((3,9),(5,8)); 46
((3,9),(6,7)); 41
((3,9),(6,8)); 42
((3,9),(7,8)); 83
((4,5),(6,7)); 13
((4,5),(6,8)); 13
((4,5),(6,9)); 12
((4,5),(7,8)); 75
((4,5),(7,9)); 31
((4,5),(8,9)); 27
((4,6),(5,7)); 14
((4,6),(5,8)); 16
((4,6),(5,9)); 14
((4,6),(7,8)); 76
((4,6),(7,9)); 30
((4,6),(8,9)); 30
((4,7),(5,6)); 73
((4,7),(5,8)); 16
((4,7),(5,9)); 26
((4,7),(6,8)); 15
((4,7),(6,9)); 29
((4,7),(8,9)); 7
((4,8),(5,6)); 71
((4,8),(5,7)); 9
((4,8),(5,9)); 27
((4,8),(6,7)); 9
((4,8),(6,9)); 28
((4,8),(7,9)); 10
((4,9),(5,6)); 74
((4,9),(5,7)); 43
((4,9),(5,8)); 46
((4,9),(6,7)); 41
((4,9),(6,8)); 42
((4,9),(7,8)); 83
((5,6),(7,8)); 84
((5,6),(7,9)); 70
((5,6),(8,9)); 67
((5,7),(6,8)); 8
((5,7),(6,9)); 17
((5,7),(8,9)); 11
((5,8),(6,7)); 8
((5,8),(6,9)); 18
((5,8),(7,9)); 19
((5,9),(6,7)); 13
((5,9),(6,8)); 15
((5,9),(7,8)); 70
((6,7),(8,9)); 10
((6,8),(7,9)); 17
((6,9),(7,8)); 73
