((1,10),(11,2)); 2
((1,10),(11,3)); 2
((1,10),(11,4)); 2
((1,10),(11,6)); 1
((1,10),(11,7)); 1
((1,10),(11,8)); 1
((1,10),(2,3)); 28
((1,10),(2,4)); 20
((1,10),(3,4)); 16
((1,10),(5,6)); 76
((1,10),(5,7)); 50
((1,10),(5,8)); 51
((1,10),(5,9)); 51
((1,10),(6,7)); 54
((1,10),(6,8)); 55
((1,10),(6,9)); 51
((1,10),(7,8)); 83
((1,10),(7,9)); 55
((1,10),(8,9)); 51
((1,11),(10,2)); 1
((1,11),(10,3)); 2
((1,11),(10,4)); 2
((1,11),(10,5)); 97
((1,11),(10,6)); 97
((1,11),(10,7)); 97
((1,11),(10,8)); 97
((1,11),(10,9)); 96
((1,11),(2,3)); 27
((1,11),(2,4)); 19
((1,11),(2,5)); 1
((1,11),(2,6)); 1
((1,11),(2,7)); 1
((1,11),(2,8)); 1
((1,11),(2,9)); 1
((1,11),(3,4)); 16
((1,11),(3,5)); 2
((1,11),(3,6)); 2
((1,11),(3,7)); 2
((1,11),(3,8)); 2
((1,11),(3,9)); 2
((1,11),(4,5)); 2
((1,11),(4,6)); 2
((1,11),(4,7)); 2
((1,11),(4,8)); 2
((1,11),(4,9)); 2
((1,11),(5,6)); 98
((1,11),(5,7)); 97
((1,11),(5,8)); 96
((1,11),(5,9)); 98
((1,11),(6,7)); 97
((1,11),(6,8)); 96
((1,11),(6,9)); 97
((1,11),(7,8)); 98
((1,11),(7,9)); 97
((1,11),(8,9)); 96
((1,2),(10,11)); 97
((1,2),(10,3)); 41
((1,2),(10,4)); 63
((1,2),(10,5)); 100
((1,2),(10,6)); 100
((1,2),(10,7)); 100
((1,2),(10,8)); 100
((1,2),(10,9)); 100
((1,2),(11,3)); 40
((1,2),(11,4)); 63
((1,2),(11,5)); 97
((1,2),(11,6)); 97
((1,2),(11,7)); 97
((1,2),(11,8)); 97
((1,2),(11,9)); 97
((1,2),(3,4)); 37
((1,2),(3,5)); 41
((1,2),(3,6)); 41
((1,2),(3,7)); 41
((1,2),(3,8)); 41
((1,2),(3,9)); 41
((1,2),(4,5)); 63
((1,2),(4,6)); 63
((1,2),(4,7)); 63
((1,2),(4,8)); 63
((1,2),(4,9)); 63
((1,2),(5,6)); 100
((1,2),(5,7)); 100
((1,2),(5,8)); 100
((1,2),(5,9)); 100
((1,2),(6,7)); 100
((1,2),(6,8)); 100
((1,2),(6,9)); 100
((1,2),(7,8)); 100
((1,2),(7,9)); 100
((1,2),(8,9)); 100
((1,3),(10,11)); 96
((1,3),(10,2)); 31
((1,3),(10,4)); 57
((1,3),(10,5)); 100
((1,3),(10,6)); 100
((1,3),(10,7)); 100
((1,3),(10,8)); 100
((1,3),(10,9)); 100
((1,3),(11,2)); 33
((1,3),(11,4)); 58
((1,3),(11,5)); 96
((1,3),(11,6)); 96
((1,3),(11,7)); 96
((1,3),(11,8)); 96
((1,3),(11,9)); 96
((1,3),(2,4)); 33
((1,3),(2,5)); 31
((1,3),(2,6)); 31
((1,3),(2,7)); 31
((1,3),(2,8)); 31
((1,3),(2,9)); 31
((1,3),(4,5)); 57
((1,3),(4,6)); 57
((1,3),(4,7)); 57
((1,3),(4,8)); 57
((1,3),(4,9)); 57
((1,3),(5,6)); 100
((1,3),(5,7)); 100
((1,3),(5,8)); 100
((1,3),(5,9)); 100
((1,3),(6,7)); 100
((1,3),(6,8)); 100
((1,3),(6,9)); 100
((1,3),(7,8)); 100
((1,3),(7,9)); 100
((1,3),(8,9)); 100
((1,4),(10,11)); 96
((1,4),(10,2)); 17
((1,4),(10,3)); 27
((1,4),(10,5)); 100
((1,4),(10,6)); 100
((1,4),(10,7)); 100
((1,4),(10,8)); 100
((1,4),(10,9)); 100
((1,4),(11,2)); 18
((1,4),(11,3)); 26
((1,4),(11,5)); 96
((1,4),(11,6)); 96
((1,4),(11,7)); 96
((1,4),(11,8)); 96
((1,4),(11,9)); 96
((1,4),(2,3)); 30
((1,4),(2,5)); 17
((1,4),(2,6)); 17
((1,4),(2,7)); 17
((1,4),(2,8)); 17
((1,4),(2,9)); 17
((1,4),(3,5)); 27
((1,4),(3,6)); 27
((1,4),(3,7)); 27
((1,4),(3,8)); 27
((1,4),(3,9)); 27
((1,4),(5,6)); 100
((1,4),(5,7)); 100
((1,4),(5,8)); 100
((1,4),(5,9)); 100
((1,4),(6,7)); 100
((1,4),(6,8)); 100
((1,4),(6,9)); 100
((1,4),(7,8)); 100
((1,4),(7,9)); 100
((1,4),(8,9)); 100
((1,5),(10,11)); 3
((1,5),(10,6)); 13
((1,5),(10,7)); 25
((1,5),(10,8)); 26
((1,5),(10,9)); 25
((1,5),(11,2)); 2
((1,5),(11,3)); 2
((1,5),(11,4)); 2
((1,5),(11,6)); 2
((1,5),(11,7)); 3
((1,5),(11,8)); 2
((1,5),(11,9)); 1
((1,5),(2,3)); 28
((1,5),(2,4)); 20
((1,5),(3,4)); 16
((1,5),(6,7)); 23
((1,5),(6,8)); 24
((1,5),(6,9)); 16
((1,5),(7,8)); 76
((1,5),(7,9)); 35
((1,5),(8,9)); 33
((1,6),(10,11)); 2
((1,6),(10,5)); 11
((1,6),(10,7)); 20
((1,6),(10,8)); 24
((1,6),(10,9)); 21
((1,6),(11,2)); 2
((1,6),(11,3)); 2
((1,6),(11,4)); 2
((1,6),(11,7)); 1
((1,6),(11,8)); 1
((1,6),(2,3)); 28
((1,6),(2,4)); 20
((1,6),(3,4)); 16
((1,6),(5,7)); 17
((1,6),(5,8)); 18
((1,6),(5,9)); 12
((1,6),(7,8)); 74
((1,6),(7,9)); 31
((1,6),(8,9)); 29
((1,7),(10,11)); 2
((1,7),(10,5)); 25
((1,7),(10,6)); 26
((1,7),(10,8)); 12
((1,7),(10,9)); 20
((1,7),(11,2)); 2
((1,7),(11,3)); 2
((1,7),(11,4)); 2
((1,7),(11,6)); 2
((1,7),(2,3)); 28
((1,7),(2,4)); 20
((1,7),(3,4)); 16
((1,7),(5,6)); 60
((1,7),(5,8)); 14
((1,7),(5,9)); 28
((1,7),(6,8)); 13
((1,7),(6,9)); 28
((1,7),(8,9)); 5
((1,8),(10,11)); 2
((1,8),(10,5)); 23
((1,8),(10,6)); 21
((1,8),(10,7)); 5
((1,8),(10,9)); 23
((1,8),(11,2)); 2
((1,8),(11,3)); 2
((1,8),(11,4)); 2
((1,8),(11,5)); 2
((1,8),(11,6)); 3
((1,8),(11,7)); 2
((1,8),(11,9)); 2
((1,8),(2,3)); 28
((1,8),(2,4)); 20
((1,8),(3,4)); 16
((1,8),(5,6)); 58
((1,8),(5,7)); 10
((1,8),(5,9)); 26
((1,8),(6,7)); 13
((1,8),(6,9)); 29
((1,8),(7,9)); 13
((1,9),(10,11)); 4
((1,9),(10,5)); 24
((1,9),(10,6)); 28
((1,9),(10,7)); 25
((1,9),(10,8)); 26
((1,9),(11,2)); 2
((1,9),(11,3)); 2
((1,9),(11,4)); 2
((1,9),(11,5)); 1
((1,9),(11,6)); 3
((1,9),(11,7)); 3
((1,9),(11,8)); 2
((1,9),(2,3)); 28
((1,9),(2,4)); 20
((1,9),(3,4)); 16
((1,9),(5,6)); 72
((1,9),(5,7)); 37
((1,9),(5,8)); 41
((1,9),(6,7)); 41
((1,9),(6,8)); 42
((1,9),(7,8)); 82
((10,11),(2,3)); 96
((10,11),(2,4)); 97
((10,11),(2,5)); 3
((10,11),(2,6)); 2
((10,11),(2,7)); 2
((10,11),(2,8)); 2
((10,11),(2,9)); 4
((10,11),(3,4)); 96
((10,11),(3,5)); 3
((10,11),(3,6)); 2
((10,11),(3,7)); 2
((10,11),(3,8)); 2
((10,11),(3,9)); 4
((10,11),(4,5)); 3
((10,11),(4,6)); 2
((10,11),(4,7)); 2
((10,11),(4,8)); 2
((10,11),(4,9)); 4
((10,11),(5,6)); 77
((10,11),(5,7)); 51
((10,11),(5,8)); 53
((10,11),(5,9)); 52
((10,11),(6,7)); 55
((10,11),(6,8)); 57
((10,11),(6,9)); 52
((10,11),(7,8)); 85
((10,11),(7,9)); 56
((10,11),(8,9)); 53
((10,2),(11,4)); 2
((10,2),(11,6)); 1
((10,2),(11,7)); 1
((10,2),(11,8)); 1
((10,2),(3,4)); 13
((10,2),(5,6)); 76
((10,2),(5,7)); 50
((10,2),(5,8)); 51
((10,2),(5,9)); 51
((10,2),(6,7)); 54
((10,2),(6,8)); 55
((10,2),(6,9)); 51
((10,2),(7,8)); 83
((10,2),(7,9)); 55
((10,2),(8,9)); 51
((10,3),(11,2)); 4
((10,3),(11,4)); 3
((10,3),(11,6)); 1
((10,3),(11,7)); 1
((10,3),(11,8)); 1
((10,3),(2,4)); 27
((10,3),(5,6)); 76
((10,3),(5,7)); 50
((10,3),(5,8)); 51
((10,3),(5,9)); 51
((10,3),(6,7)); 54
((10,3),(6,8)); 55
((10,3),(6,9)); 51
((10,3),(7,8)); 83
((10,3),(7,9)); 55
((10,3),(8,9)); 51
((10,4),(11,2)); 1
((10,4),(11,3)); 1
((10,4),(11,6)); 1
((10,4),(11,7)); 1
((10,4),(11,8)); 1
((10,4),(2,3)); 60
((10,4),(5,6)); 76
((10,4),(5,7)); 50
((10,4),(5,8)); 51
((10,4),(5,9)); 51
((10,4),(6,7)); 54
((10,4),(6,8)); 55
((10,4),(6,9)); 51
((10,4),(7,8)); 83
((10,4),(7,9)); 55
((10,4),(8,9)); 51
((10,5),(11,2)); 97
((10,5),(11,3)); 97
((10,5),(11,4)); 97
((10,5),(11,6)); 12
((10,5),(11,7)); 25
((10,5),(11,8)); 21
((10,5),(11,9)); 24
((10,5),(2,3)); 100
((10,5),(2,4)); 100
((10,5),(2,6)); 11
((10,5),(2,7)); 25
((10,5),(2,8)); 23
((10,5),(2,9)); 24
((10,5),(3,4)); 100
((10,5),(3,6)); 11
((10,5),(3,7)); 25
((10,5),(3,8)); 23
((10,5),(3,9)); 24
((10,5),(4,6)); 11
((10,5),(4,7)); 25
((10,5),(4,8)); 23
((10,5),(4,9)); 24
((10,5),(6,7)); 20
((10,5),(6,8)); 19
((10,5),(6,9)); 17
((10,5),(7,8)); 74
((10,5),(7,9)); 37
((10,5),(8,9)); 33
((10,6),(11,2)); 97
((10,6),(11,3)); 97
((10,6),(11,4)); 97
((10,6),(11,5)); 11
((10,6),(11,7)); 25
((10,6),(11,8)); 19
((10,6),(11,9)); 26
((10,6),(2,3)); 100
((10,6),(2,4)); 100
((10,6),(2,5)); 13
((10,6),(2,7)); 26
((10,6),(2,8)); 21
((10,6),(2,9)); 28
((10,6),(3,4)); 100
((10,6),(3,5)); 13
((10,6),(3,7)); 26
((10,6),(3,8)); 21
((10,6),(3,9)); 28
((10,6),(4,5)); 13
((10,6),(4,7)); 26
((10,6),(4,8)); 21
((10,6),(4,9)); 28
((10,6),(5,7)); 19
((10,6),(5,8)); 18
((10,6),(5,9)); 16
((10,6),(7,8)); 75
((10,6),(7,9)); 38
((10,6),(8,9)); 34
((10,7),(11,2)); 97
((10,7),(11,3)); 97
((10,7),(11,4)); 97
((10,7),(11,5)); 24
((10,7),(11,6)); 20
((10,7),(11,8)); 3
((10,7),(11,9)); 23
((10,7),(2,3)); 100
((10,7),(2,4)); 100
((10,7),(2,5)); 25
((10,7),(2,6)); 20
((10,7),(2,8)); 5
((10,7),(2,9)); 25
((10,7),(3,4)); 100
((10,7),(3,5)); 25
((10,7),(3,6)); 20
((10,7),(3,8)); 5
((10,7),(3,9)); 25
((10,7),(4,5)); 25
((10,7),(4,6)); 20
((10,7),(4,8)); 5
((10,7),(4,9)); 25
((10,7),(5,6)); 61
((10,7),(5,8)); 13
((10,7),(5,9)); 30
((10,7),(6,8)); 12
((10,7),(6,9)); 28
((10,7),(8,9)); 4
((10,8),(11,2)); 97
((10,8),(11,3)); 97
((10,8),(11,4)); 97
((10,8),(11,5)); 26
((10,8),(11,6)); 24
((10,8),(11,7)); 12
((10,8),(11,9)); 25
((10,8),(2,3)); 100
((10,8),(2,4)); 100
((10,8),(2,5)); 26
((10,8),(2,6)); 24
((10,8),(2,7)); 12
((10,8),(2,9)); 26
((10,8),(3,4)); 100
((10,8),(3,5)); 26
((10,8),(3,6)); 24
((10,8),(3,7)); 12
((10,8),(3,9)); 26
((10,8),(4,5)); 26
((10,8),(4,6)); 24
((10,8),(4,7)); 12
((10,8),(4,9)); 26
((10,8),(5,6)); 63
((10,8),(5,7)); 13
((10,8),(5,9)); 31
((10,8),(6,7)); 13
((10,8),(6,9)); 32
((10,8),(7,9)); 18
((10,9),(11,2)); 96
((10,9),(11,3)); 96
((10,9),(11,4)); 96
((10,9),(11,5)); 24
((10,9),(11,6)); 22
((10,9),(11,7)); 21
((10,9),(11,8)); 22
((10,9),(2,3)); 100
((10,9),(2,4)); 100
((10,9),(2,5)); 25
((10,9),(2,6)); 21
((10,9),(2,7)); 20
((10,9),(2,8)); 23
((10,9),(3,4)); 100
((10,9),(3,5)); 25
((10,9),(3,6)); 21
((10,9),(3,7)); 20
((10,9),(3,8)); 23
((10,9),(4,5)); 25
((10,9),(4,6)); 21
((10,9),(4,7)); 20
((10,9),(4,8)); 23
((10,9),(5,6)); 67
((10,9),(5,7)); 33
((10,9),(5,8)); 36
((10,9),(6,7)); 34
((10,9),(6,8)); 34
((10,9),(7,8)); 78
((11,2),(3,4)); 14
((11,2),(3,5)); 4
((11,2),(3,6)); 4
((11,2),(3,7)); 4
((11,2),(3,8)); 4
((11,2),(3,9)); 4
((11,2),(4,5)); 1
((11,2),(4,6)); 1
((11,2),(4,7)); 1
((11,2),(4,8)); 1
((11,2),(4,9)); 1
((11,2),(5,6)); 98
((11,2),(5,7)); 97
((11,2),(5,8)); 96
((11,2),(5,9)); 98
((11,2),(6,7)); 97
((11,2),(6,8)); 96
((11,2),(6,9)); 97
((11,2),(7,8)); 98
((11,2),(7,9)); 97
((11,2),(8,9)); 96
((11,3),(2,4)); 25
((11,3),(4,5)); 1
((11,3),(4,6)); 1
((11,3),(4,7)); 1
((11,3),(4,8)); 1
((11,3),(4,9)); 1
((11,3),(5,6)); 98
((11,3),(5,7)); 97
((11,3),(5,8)); 96
((11,3),(5,9)); 98
((11,3),(6,7)); 97
((11,3),(6,8)); 96
((11,3),(6,9)); 97
((11,3),(7,8)); 98
((11,3),(7,9)); 97
((11,3),(8,9)); 96
((11,4),(2,3)); 61
((11,4),(2,5)); 2
((11,4),(2,6)); 2
((11,4),(2,7)); 2
((11,4),(2,8)); 2
((11,4),(2,9)); 2
((11,4),(3,5)); 3
((11,4),(3,6)); 3
((11,4),(3,7)); 3
((11,4),(3,8)); 3
((11,4),(3,9)); 3
((11,4),(5,6)); 98
((11,4),(5,7)); 97
((11,4),(5,8)); 96
((11,4),(5,9)); 98
((11,4),(6,7)); 97
((11,4),(6,8)); 96
((11,4),(6,9)); 97
((11,4),(7,8)); 98
((11,4),(7,9)); 97
((11,4),(8,9)); 96
((11,5),(2,3)); 96
((11,5),(2,4)); 97
((11,5),(2,8)); 2
((11,5),(2,9)); 1
((11,5),(3,4)); 96
((11,5),(3,8)); 2
((11,5),(3,9)); 1
((11,5),(4,8)); 2
((11,5),(4,9)); 1
((11,5),(6,7)); 21
((11,5),(6,8)); 23
((11,5),(6,9)); 15
((11,5),(7,8)); 76
((11,5),(7,9)); 34
((11,5),(8,9)); 32
((11,6),(2,3)); 96
((11,6),(2,4)); 97
((11,6),(2,5)); 2
((11,6),(2,7)); 2
((11,6),(2,8)); 3
((11,6),(2,9)); 3
((11,6),(3,4)); 96
((11,6),(3,5)); 2
((11,6),(3,7)); 2
((11,6),(3,8)); 3
((11,6),(3,9)); 3
((11,6),(4,5)); 2
((11,6),(4,7)); 2
((11,6),(4,8)); 3
((11,6),(4,9)); 3
((11,6),(5,7)); 19
((11,6),(5,8)); 20
((11,6),(5,9)); 13
((11,6),(7,8)); 75
((11,6),(7,9)); 33
((11,6),(8,9)); 31
((11,7),(2,3)); 96
((11,7),(2,4)); 97
((11,7),(2,5)); 3
((11,7),(2,6)); 1
((11,7),(2,8)); 2
((11,7),(2,9)); 3
((11,7),(3,4)); 96
((11,7),(3,5)); 3
((11,7),(3,6)); 1
((11,7),(3,8)); 2
((11,7),(3,9)); 3
((11,7),(4,5)); 3
((11,7),(4,6)); 1
((11,7),(4,8)); 2
((11,7),(4,9)); 3
((11,7),(5,6)); 60
((11,7),(5,8)); 15
((11,7),(5,9)); 30
((11,7),(6,8)); 13
((11,7),(6,9)); 29
((11,7),(8,9)); 6
((11,8),(2,3)); 96
((11,8),(2,4)); 97
((11,8),(2,5)); 2
((11,8),(2,6)); 1
((11,8),(2,9)); 2
((11,8),(3,4)); 96
((11,8),(3,5)); 2
((11,8),(3,6)); 1
((11,8),(3,9)); 2
((11,8),(4,5)); 2
((11,8),(4,6)); 1
((11,8),(4,9)); 2
((11,8),(5,6)); 57
((11,8),(5,7)); 9
((11,8),(5,9)); 28
((11,8),(6,7)); 12
((11,8),(6,9)); 29
((11,8),(7,9)); 12
((11,9),(2,3)); 96
((11,9),(2,4)); 97
((11,9),(2,5)); 1
((11,9),(2,8)); 2
((11,9),(3,4)); 96
((11,9),(3,5)); 1
((11,9),(3,8)); 2
((11,9),(4,5)); 1
((11,9),(4,8)); 2
((11,9),(5,6)); 72
((11,9),(5,7)); 36
((11,9),(5,8)); 40
((11,9),(6,7)); 38
((11,9),(6,8)); 40
((11,9),(7,8)); 82
((2,3),(4,5)); 60
((2,3),(4,6)); 60
((2,3),(4,7)); 60
((2,3),(4,8)); 60
((2,3),(4,9)); 60
((2,3),(5,6)); 100
((2,3),(5,7)); 100
((2,3),(5,8)); 100
((2,3),(5,9)); 100
((2,3),(6,7)); 100
((2,3),(6,8)); 100
((2,3),(6,9)); 100
((2,3),(7,8)); 100
((2,3),(7,9)); 100
((2,3),(8,9)); 100
((2,4),(3,5)); 27
((2,4),(3,6)); 27
((2,4),(3,7)); 27
((2,4),(3,8)); 27
((2,4),(3,9)); 27
((2,4),(5,6)); 100
((2,4),(5,7)); 100
((2,4),(5,8)); 100
((2,4),(5,9)); 100
((2,4),(6,7)); 100
((2,4),(6,8)); 100
((2,4),(6,9)); 100
((2,4),(7,8)); 100
((2,4),(7,9)); 100
((2,4),(8,9)); 100
((2,5),(3,4)); 13
((2,5),(6,7)); 23
((2,5),(6,8)); 24
((2,5),(6,9)); 16
((2,5),(7,8)); 76
((2,5),(7,9)); 35
((2,5),(8,9)); 33
((2,6),(3,4)); 13
((2,6),(5,7)); 17
((2,6),(5,8)); 18
((2,6),(5,9)); 12
((2,6),(7,8)); 74
((2,6),(7,9)); 31
((2,6),(8,9)); 29
((2,7),(3,4)); 13
((2,7),(5,6)); 60
((2,7),(5,8)); 14
((2,7),(5,9)); 28
((2,7),(6,8)); 13
((2,7),(6,9)); 28
((2,7),(8,9)); 5
((2,8),(3,4)); 13
((2,8),(5,6)); 58
((2,8),(5,7)); 10
((2,8),(5,9)); 26
((2,8),(6,7)); 13
((2,8),(6,9)); 29
((2,8),(7,9)); 13
((2,9),(3,4)); 13
((2,9),(5,6)); 72
((2,9),(5,7)); 37
((2,9),(5,8)); 41
((2,9),(6,7)); 41
((2,9),(6,8)); 42
((2,9),(7,8)); 82
((3,4),(5,6)); 100
((3,4),(5,7)); 100
((3,4),(5,8)); 100
((3,4),(5,9)); 100
((3,4),(6,7)); 100
((3,4),(6,8)); 100
((3,4),(6,9)); 100
((3,4),(7,8)); 100
((3,4),(7,9)); 100
((3,4),(8,9)); 100
((3,5),(6,7)); 23
((3,5),(6,8)); 24
((3,5),(6,9)); 16
((3,5),(7,8)); 76
((3,5),(7,9)); 35
((3,5),(8,9)); 33
((3,6),(5,7)); 17
((3,6),(5,8)); 18
((3,6),(5,9)); 12
((3,6),(7,8)); 74
((3,6),(7,9)); 31
((3,6),(8,9)); 29
((3,7),(5,6)); 60
((3,7),(5,8)); 14
((3,7),(5,9)); 28
((3,7),(6,8)); 13
((3,7),(6,9)); 28
((3,7),(8,9)); 5
((3,8),(5,6)); 58
((3,8),(5,7)); 10
((3,8),(5,9)); 26
((3,8),(6,7)); 13
((3,8),(6,9)); 29
((3,8),(7,9)); 13
((3,9),(5,6)); 72
((3,9),(5,7)); 37
((3,9),(5,8)); 41
((3,9),(6,7)); 41
((3,9),(6,8)); 42
((3,9),(7,8)); 82
((4,5),(6,7)); 23
((4,5),(6,8)); 24
((4,5),(6,9)); 16
((4,5),(7,8)); 76
((4,5),(7,9)); 35
((4,5),(8,9)); 33
((4,6),(5,7)); 17
((4,6),(5,8)); 18
((4,6),(5,9)); 12
((4,6),(7,8)); 74
((4,6),(7,9)); 31
((4,6),(8,9)); 29
((4,7),(5,6)); 60
((4,7),(5,8)); 14
((4,7),(5,9)); 28
((4,7),(6,8)); 13
((4,7),(6,9)); 28
((4,7),(8,9)); 5
((4,8),(5,6)); 58
((4,8),(5,7)); 10
((4,8),(5,9)); 26
((4,8),(6,7)); 13
((4,8),(6,9)); 29
((4,8),(7,9)); 13
((4,9),(5,6)); 72
((4,9),(5,7)); 37
((4,9),(5,8)); 41
((4,9),(6,7)); 41
((4,9),(6,8)); 42
((4,9),(7,8)); 82
((5,6),(7,8)); 80
((5,6),(7,9)); 65
((5,6),(8,9)); 59
((5,7),(6,8)); 8
((5,7),(6,9)); 16
((5,7),(8,9)); 3
((5,8),(6,7)); 12
((5,8),(6,9)); 19
((5,8),(7,9)); 18
((5,9),(6,7)); 19
((5,9),(6,8)); 22
((5,9),(7,8)); 79
((6,7),(8,9)); 6
((6,8),(7,9)); 17
((6,9),(7,8)); 77
