((1.1,10.10),(2.2,3.3)); 21
((1.1,10.10),(2.2,4.4)); 5
((1.1,10.10),(3.3,4.4)); 3
((1.1,10.10),(5.5,6.6)); 100
((1.1,10.10),(5.5,7.7)); 90
((1.1,10.10),(5.5,8.8)); 90
((1.1,10.10),(5.5,9.9)); 84
((1.1,10.10),(6.6,7.7)); 90
((1.1,10.10),(6.6,8.8)); 90
((1.1,10.10),(6.6,9.9)); 84
((1.1,10.10),(7.7,8.8)); 100
((1.1,10.10),(7.7,9.9)); 86
((1.1,10.10),(8.8,9.9)); 86
((1.1,11.11),(10.10,5.5)); 100
((1.1,11.11),(10.10,6.6)); 100
((1.1,11.11),(10.10,7.7)); 100
((1.1,11.11),(10.10,8.8)); 100
((1.1,11.11),(10.10,9.9)); 100
((1.1,11.11),(2.2,3.3)); 21
((1.1,11.11),(2.2,4.4)); 5
((1.1,11.11),(3.3,4.4)); 3
((1.1,11.11),(5.5,6.6)); 100
((1.1,11.11),(5.5,7.7)); 100
((1.1,11.11),(5.5,8.8)); 100
((1.1,11.11),(5.5,9.9)); 100
((1.1,11.11),(6.6,7.7)); 100
((1.1,11.11),(6.6,8.8)); 100
((1.1,11.11),(6.6,9.9)); 100
((1.1,11.11),(7.7,8.8)); 100
((1.1,11.11),(7.7,9.9)); 100
((1.1,11.11),(8.8,9.9)); 100
((1.1,2.2),(10.10,11.11)); 100
((1.1,2.2),(10.10,3.3)); 53
((1.1,2.2),(10.10,4.4)); 87
((1.1,2.2),(10.10,5.5)); 100
((1.1,2.2),(10.10,6.6)); 100
((1.1,2.2),(10.10,7.7)); 100
((1.1,2.2),(10.10,8.8)); 100
((1.1,2.2),(10.10,9.9)); 100
((1.1,2.2),(11.11,3.3)); 53
((1.1,2.2),(11.11,4.4)); 87
((1.1,2.2),(11.11,5.5)); 100
((1.1,2.2),(11.11,6.6)); 100
((1.1,2.2),(11.11,7.7)); 100
((1.1,2.2),(11.11,8.8)); 100
((1.1,2.2),(11.11,9.9)); 100
((1.1,2.2),(3.3,4.4)); 53
((1.1,2.2),(3.3,5.5)); 53
((1.1,2.2),(3.3,6.6)); 53
((1.1,2.2),(3.3,7.7)); 53
((1.1,2.2),(3.3,8.8)); 53
((1.1,2.2),(3.3,9.9)); 53
((1.1,2.2),(4.4,5.5)); 87
((1.1,2.2),(4.4,6.6)); 87
((1.1,2.2),(4.4,7.7)); 87
((1.1,2.2),(4.4,8.8)); 87
((1.1,2.2),(4.4,9.9)); 87
((1.1,2.2),(5.5,6.6)); 100
((1.1,2.2),(5.5,7.7)); 100
((1.1,2.2),(5.5,8.8)); 100
((1.1,2.2),(5.5,9.9)); 100
((1.1,2.2),(6.6,7.7)); 100
((1.1,2.2),(6.6,8.8)); 100
((1.1,2.2),(6.6,9.9)); 100
((1.1,2.2),(7.7,8.8)); 100
((1.1,2.2),(7.7,9.9)); 100
((1.1,2.2),(8.8,9.9)); 100
((1.1,3.3),(10.10,11.11)); 100
((1.1,3.3),(10.10,2.2)); 26
((1.1,3.3),(10.10,4.4)); 90
((1.1,3.3),(10.10,5.5)); 100
((1.1,3.3),(10.10,6.6)); 100
((1.1,3.3),(10.10,7.7)); 100
((1.1,3.3),(10.10,8.8)); 100
((1.1,3.3),(10.10,9.9)); 100
((1.1,3.3),(11.11,2.2)); 26
((1.1,3.3),(11.11,4.4)); 90
((1.1,3.3),(11.11,5.5)); 100
((1.1,3.3),(11.11,6.6)); 100
((1.1,3.3),(11.11,7.7)); 100
((1.1,3.3),(11.11,8.8)); 100
((1.1,3.3),(11.11,9.9)); 100
((1.1,3.3),(2.2,4.4)); 26
((1.1,3.3),(2.2,5.5)); 26
((1.1,3.3),(2.2,6.6)); 26
((1.1,3.3),(2.2,7.7)); 26
((1.1,3.3),(2.2,8.8)); 26
((1.1,3.3),(2.2,9.9)); 26
((1.1,3.3),(4.4,5.5)); 90
((1.1,3.3),(4.4,6.6)); 90
((1.1,3.3),(4.4,7.7)); 90
((1.1,3.3),(4.4,8.8)); 90
((1.1,3.3),(4.4,9.9)); 90
((1.1,3.3),(5.5,6.6)); 100
((1.1,3.3),(5.5,7.7)); 100
((1.1,3.3),(5.5,8.8)); 100
((1.1,3.3),(5.5,9.9)); 100
((1.1,3.3),(6.6,7.7)); 100
((1.1,3.3),(6.6,8.8)); 100
((1.1,3.3),(6.6,9.9)); 100
((1.1,3.3),(7.7,8.8)); 100
((1.1,3.3),(7.7,9.9)); 100
((1.1,3.3),(8.8,9.9)); 100
((1.1,4.4),(10.10,11.11)); 100
((1.1,4.4),(10.10,2.2)); 8
((1.1,4.4),(10.10,3.3)); 7
((1.1,4.4),(10.10,5.5)); 100
((1.1,4.4),(10.10,6.6)); 100
((1.1,4.4),(10.10,7.7)); 100
((1.1,4.4),(10.10,8.8)); 100
((1.1,4.4),(10.10,9.9)); 100
((1.1,4.4),(11.11,2.2)); 8
((1.1,4.4),(11.11,3.3)); 7
((1.1,4.4),(11.11,5.5)); 100
((1.1,4.4),(11.11,6.6)); 100
((1.1,4.4),(11.11,7.7)); 100
((1.1,4.4),(11.11,8.8)); 100
((1.1,4.4),(11.11,9.9)); 100
((1.1,4.4),(2.2,3.3)); 21
((1.1,4.4),(2.2,5.5)); 8
((1.1,4.4),(2.2,6.6)); 8
((1.1,4.4),(2.2,7.7)); 8
((1.1,4.4),(2.2,8.8)); 8
((1.1,4.4),(2.2,9.9)); 8
((1.1,4.4),(3.3,5.5)); 7
((1.1,4.4),(3.3,6.6)); 7
((1.1,4.4),(3.3,7.7)); 7
((1.1,4.4),(3.3,8.8)); 7
((1.1,4.4),(3.3,9.9)); 7
((1.1,4.4),(5.5,6.6)); 100
((1.1,4.4),(5.5,7.7)); 100
((1.1,4.4),(5.5,8.8)); 100
((1.1,4.4),(5.5,9.9)); 100
((1.1,4.4),(6.6,7.7)); 100
((1.1,4.4),(6.6,8.8)); 100
((1.1,4.4),(6.6,9.9)); 100
((1.1,4.4),(7.7,8.8)); 100
((1.1,4.4),(7.7,9.9)); 100
((1.1,4.4),(8.8,9.9)); 100
((1.1,5.5),(10.10,7.7)); 9
((1.1,5.5),(10.10,8.8)); 9
((1.1,5.5),(10.10,9.9)); 9
((1.1,5.5),(2.2,3.3)); 21
((1.1,5.5),(2.2,4.4)); 5
((1.1,5.5),(3.3,4.4)); 3
((1.1,5.5),(7.7,8.8)); 97
((1.1,5.5),(7.7,9.9)); 21
((1.1,5.5),(8.8,9.9)); 21
((1.1,6.6),(10.10,7.7)); 9
((1.1,6.6),(10.10,8.8)); 9
((1.1,6.6),(10.10,9.9)); 9
((1.1,6.6),(2.2,3.3)); 21
((1.1,6.6),(2.2,4.4)); 5
((1.1,6.6),(3.3,4.4)); 3
((1.1,6.6),(7.7,8.8)); 97
((1.1,6.6),(7.7,9.9)); 21
((1.1,6.6),(8.8,9.9)); 21
((1.1,7.7),(10.10,5.5)); 1
((1.1,7.7),(10.10,6.6)); 1
((1.1,7.7),(10.10,9.9)); 4
((1.1,7.7),(2.2,3.3)); 21
((1.1,7.7),(2.2,4.4)); 5
((1.1,7.7),(3.3,4.4)); 3
((1.1,7.7),(5.5,6.6)); 100
((1.1,7.7),(5.5,8.8)); 2
((1.1,7.7),(5.5,9.9)); 18
((1.1,7.7),(6.6,8.8)); 2
((1.1,7.7),(6.6,9.9)); 18
((1.1,8.8),(10.10,5.5)); 1
((1.1,8.8),(10.10,6.6)); 1
((1.1,8.8),(10.10,9.9)); 4
((1.1,8.8),(2.2,3.3)); 21
((1.1,8.8),(2.2,4.4)); 5
((1.1,8.8),(3.3,4.4)); 3
((1.1,8.8),(5.5,6.6)); 100
((1.1,8.8),(5.5,7.7)); 1
((1.1,8.8),(5.5,9.9)); 18
((1.1,8.8),(6.6,7.7)); 1
((1.1,8.8),(6.6,9.9)); 18
((1.1,9.9),(10.10,5.5)); 7
((1.1,9.9),(10.10,6.6)); 7
((1.1,9.9),(10.10,7.7)); 10
((1.1,9.9),(10.10,8.8)); 10
((1.1,9.9),(2.2,3.3)); 21
((1.1,9.9),(2.2,4.4)); 5
((1.1,9.9),(3.3,4.4)); 3
((1.1,9.9),(5.5,6.6)); 100
((1.1,9.9),(5.5,7.7)); 61
((1.1,9.9),(5.5,8.8)); 61
((1.1,9.9),(6.6,7.7)); 61
((1.1,9.9),(6.6,8.8)); 61
((1.1,9.9),(7.7,8.8)); 100
((10.10,11.11),(2.2,3.3)); 100
((10.10,11.11),(2.2,4.4)); 100
((10.10,11.11),(3.3,4.4)); 100
((10.10,11.11),(5.5,6.6)); 100
((10.10,11.11),(5.5,7.7)); 90
((10.10,11.11),(5.5,8.8)); 90
((10.10,11.11),(5.5,9.9)); 84
((10.10,11.11),(6.6,7.7)); 90
((10.10,11.11),(6.6,8.8)); 90
((10.10,11.11),(6.6,9.9)); 84
((10.10,11.11),(7.7,8.8)); 100
((10.10,11.11),(7.7,9.9)); 86
((10.10,11.11),(8.8,9.9)); 86
((10.10,2.2),(3.3,4.4)); 8
((10.10,2.2),(5.5,6.6)); 100
((10.10,2.2),(5.5,7.7)); 90
((10.10,2.2),(5.5,8.8)); 90
((10.10,2.2),(5.5,9.9)); 84
((10.10,2.2),(6.6,7.7)); 90
((10.10,2.2),(6.6,8.8)); 90
((10.10,2.2),(6.6,9.9)); 84
((10.10,2.2),(7.7,8.8)); 100
((10.10,2.2),(7.7,9.9)); 86
((10.10,2.2),(8.8,9.9)); 86
((10.10,3.3),(2.2,4.4)); 9
((10.10,3.3),(5.5,6.6)); 100
((10.10,3.3),(5.5,7.7)); 90
((10.10,3.3),(5.5,8.8)); 90
((10.10,3.3),(5.5,9.9)); 84
((10.10,3.3),(6.6,7.7)); 90
((10.10,3.3),(6.6,8.8)); 90
((10.10,3.3),(6.6,9.9)); 84
((10.10,3.3),(7.7,8.8)); 100
((10.10,3.3),(7.7,9.9)); 86
((10.10,3.3),(8.8,9.9)); 86
((10.10,4.4),(2.2,3.3)); 83
((10.10,4.4),(5.5,6.6)); 100
((10.10,4.4),(5.5,7.7)); 90
((10.10,4.4),(5.5,8.8)); 90
((10.10,4.4),(5.5,9.9)); 84
((10.10,4.4),(6.6,7.7)); 90
((10.10,4.4),(6.6,8.8)); 90
((10.10,4.4),(6.6,9.9)); 84
((10.10,4.4),(7.7,8.8)); 100
((10.10,4.4),(7.7,9.9)); 86
((10.10,4.4),(8.8,9.9)); 86
((10.10,5.5),(11.11,2.2)); 100
((10.10,5.5),(11.11,3.3)); 100
((10.10,5.5),(11.11,4.4)); 100
((10.10,5.5),(11.11,7.7)); 1
((10.10,5.5),(11.11,8.8)); 1
((10.10,5.5),(11.11,9.9)); 7
((10.10,5.5),(2.2,3.3)); 100
((10.10,5.5),(2.2,4.4)); 100
((10.10,5.5),(2.2,7.7)); 1
((10.10,5.5),(2.2,8.8)); 1
((10.10,5.5),(2.2,9.9)); 7
((10.10,5.5),(3.3,4.4)); 100
((10.10,5.5),(3.3,7.7)); 1
((10.10,5.5),(3.3,8.8)); 1
((10.10,5.5),(3.3,9.9)); 7
((10.10,5.5),(4.4,7.7)); 1
((10.10,5.5),(4.4,8.8)); 1
((10.10,5.5),(4.4,9.9)); 7
((10.10,5.5),(7.7,8.8)); 97
((10.10,5.5),(7.7,9.9)); 21
((10.10,5.5),(8.8,9.9)); 21
((10.10,6.6),(11.11,2.2)); 100
((10.10,6.6),(11.11,3.3)); 100
((10.10,6.6),(11.11,4.4)); 100
((10.10,6.6),(11.11,7.7)); 1
((10.10,6.6),(11.11,8.8)); 1
((10.10,6.6),(11.11,9.9)); 7
((10.10,6.6),(2.2,3.3)); 100
((10.10,6.6),(2.2,4.4)); 100
((10.10,6.6),(2.2,7.7)); 1
((10.10,6.6),(2.2,8.8)); 1
((10.10,6.6),(2.2,9.9)); 7
((10.10,6.6),(3.3,4.4)); 100
((10.10,6.6),(3.3,7.7)); 1
((10.10,6.6),(3.3,8.8)); 1
((10.10,6.6),(3.3,9.9)); 7
((10.10,6.6),(4.4,7.7)); 1
((10.10,6.6),(4.4,8.8)); 1
((10.10,6.6),(4.4,9.9)); 7
((10.10,6.6),(7.7,8.8)); 97
((10.10,6.6),(7.7,9.9)); 21
((10.10,6.6),(8.8,9.9)); 21
((10.10,7.7),(11.11,2.2)); 100
((10.10,7.7),(11.11,3.3)); 100
((10.10,7.7),(11.11,4.4)); 100
((10.10,7.7),(11.11,5.5)); 9
((10.10,7.7),(11.11,6.6)); 9
((10.10,7.7),(11.11,9.9)); 10
((10.10,7.7),(2.2,3.3)); 100
((10.10,7.7),(2.2,4.4)); 100
((10.10,7.7),(2.2,5.5)); 9
((10.10,7.7),(2.2,6.6)); 9
((10.10,7.7),(2.2,9.9)); 10
((10.10,7.7),(3.3,4.4)); 100
((10.10,7.7),(3.3,5.5)); 9
((10.10,7.7),(3.3,6.6)); 9
((10.10,7.7),(3.3,9.9)); 10
((10.10,7.7),(4.4,5.5)); 9
((10.10,7.7),(4.4,6.6)); 9
((10.10,7.7),(4.4,9.9)); 10
((10.10,7.7),(5.5,6.6)); 100
((10.10,7.7),(5.5,8.8)); 2
((10.10,7.7),(5.5,9.9)); 18
((10.10,7.7),(6.6,8.8)); 2
((10.10,7.7),(6.6,9.9)); 18
((10.10,8.8),(11.11,2.2)); 100
((10.10,8.8),(11.11,3.3)); 100
((10.10,8.8),(11.11,4.4)); 100
((10.10,8.8),(11.11,5.5)); 9
((10.10,8.8),(11.11,6.6)); 9
((10.10,8.8),(11.11,9.9)); 10
((10.10,8.8),(2.2,3.3)); 100
((10.10,8.8),(2.2,4.4)); 100
((10.10,8.8),(2.2,5.5)); 9
((10.10,8.8),(2.2,6.6)); 9
((10.10,8.8),(2.2,9.9)); 10
((10.10,8.8),(3.3,4.4)); 100
((10.10,8.8),(3.3,5.5)); 9
((10.10,8.8),(3.3,6.6)); 9
((10.10,8.8),(3.3,9.9)); 10
((10.10,8.8),(4.4,5.5)); 9
((10.10,8.8),(4.4,6.6)); 9
((10.10,8.8),(4.4,9.9)); 10
((10.10,8.8),(5.5,6.6)); 100
((10.10,8.8),(5.5,7.7)); 1
((10.10,8.8),(5.5,9.9)); 18
((10.10,8.8),(6.6,7.7)); 1
((10.10,8.8),(6.6,9.9)); 18
((10.10,9.9),(11.11,2.2)); 100
((10.10,9.9),(11.11,3.3)); 100
((10.10,9.9),(11.11,4.4)); 100
((10.10,9.9),(11.11,5.5)); 9
((10.10,9.9),(11.11,6.6)); 9
((10.10,9.9),(11.11,7.7)); 4
((10.10,9.9),(11.11,8.8)); 4
((10.10,9.9),(2.2,3.3)); 100
((10.10,9.9),(2.2,4.4)); 100
((10.10,9.9),(2.2,5.5)); 9
((10.10,9.9),(2.2,6.6)); 9
((10.10,9.9),(2.2,7.7)); 4
((10.10,9.9),(2.2,8.8)); 4
((10.10,9.9),(3.3,4.4)); 100
((10.10,9.9),(3.3,5.5)); 9
((10.10,9.9),(3.3,6.6)); 9
((10.10,9.9),(3.3,7.7)); 4
((10.10,9.9),(3.3,8.8)); 4
((10.10,9.9),(4.4,5.5)); 9
((10.10,9.9),(4.4,6.6)); 9
((10.10,9.9),(4.4,7.7)); 4
((10.10,9.9),(4.4,8.8)); 4
((10.10,9.9),(5.5,6.6)); 100
((10.10,9.9),(5.5,7.7)); 61
((10.10,9.9),(5.5,8.8)); 61
((10.10,9.9),(6.6,7.7)); 61
((10.10,9.9),(6.6,8.8)); 61
((10.10,9.9),(7.7,8.8)); 100
((11.11,2.2),(3.3,4.4)); 8
((11.11,2.2),(5.5,6.6)); 100
((11.11,2.2),(5.5,7.7)); 100
((11.11,2.2),(5.5,8.8)); 100
((11.11,2.2),(5.5,9.9)); 100
((11.11,2.2),(6.6,7.7)); 100
((11.11,2.2),(6.6,8.8)); 100
((11.11,2.2),(6.6,9.9)); 100
((11.11,2.2),(7.7,8.8)); 100
((11.11,2.2),(7.7,9.9)); 100
((11.11,2.2),(8.8,9.9)); 100
((11.11,3.3),(2.2,4.4)); 9
((11.11,3.3),(5.5,6.6)); 100
((11.11,3.3),(5.5,7.7)); 100
((11.11,3.3),(5.5,8.8)); 100
((11.11,3.3),(5.5,9.9)); 100
((11.11,3.3),(6.6,7.7)); 100
((11.11,3.3),(6.6,8.8)); 100
((11.11,3.3),(6.6,9.9)); 100
((11.11,3.3),(7.7,8.8)); 100
((11.11,3.3),(7.7,9.9)); 100
((11.11,3.3),(8.8,9.9)); 100
((11.11,4.4),(2.2,3.3)); 83
((11.11,4.4),(5.5,6.6)); 100
((11.11,4.4),(5.5,7.7)); 100
((11.11,4.4),(5.5,8.8)); 100
((11.11,4.4),(5.5,9.9)); 100
((11.11,4.4),(6.6,7.7)); 100
((11.11,4.4),(6.6,8.8)); 100
((11.11,4.4),(6.6,9.9)); 100
((11.11,4.4),(7.7,8.8)); 100
((11.11,4.4),(7.7,9.9)); 100
((11.11,4.4),(8.8,9.9)); 100
((11.11,5.5),(2.2,3.3)); 100
((11.11,5.5),(2.2,4.4)); 100
((11.11,5.5),(3.3,4.4)); 100
((11.11,5.5),(7.7,8.8)); 97
((11.11,5.5),(7.7,9.9)); 21
((11.11,5.5),(8.8,9.9)); 21
((11.11,6.6),(2.2,3.3)); 100
((11.11,6.6),(2.2,4.4)); 100
((11.11,6.6),(3.3,4.4)); 100
((11.11,6.6),(7.7,8.8)); 97
((11.11,6.6),(7.7,9.9)); 21
((11.11,6.6),(8.8,9.9)); 21
((11.11,7.7),(2.2,3.3)); 100
((11.11,7.7),(2.2,4.4)); 100
((11.11,7.7),(3.3,4.4)); 100
((11.11,7.7),(5.5,6.6)); 100
((11.11,7.7),(5.5,8.8)); 2
((11.11,7.7),(5.5,9.9)); 18
((11.11,7.7),(6.6,8.8)); 2
((11.11,7.7),(6.6,9.9)); 18
((11.11,8.8),(2.2,3.3)); 100
((11.11,8.8),(2.2,4.4)); 100
((11.11,8.8),(3.3,4.4)); 100
((11.11,8.8),(5.5,6.6)); 100
((11.11,8.8),(5.5,7.7)); 1
((11.11,8.8),(5.5,9.9)); 18
((11.11,8.8),(6.6,7.7)); 1
((11.11,8.8),(6.6,9.9)); 18
((11.11,9.9),(2.2,3.3)); 100
((11.11,9.9),(2.2,4.4)); 100
((11.11,9.9),(3.3,4.4)); 100
((11.11,9.9),(5.5,6.6)); 100
((11.11,9.9),(5.5,7.7)); 61
((11.11,9.9),(5.5,8.8)); 61
((11.11,9.9),(6.6,7.7)); 61
((11.11,9.9),(6.6,8.8)); 61
((11.11,9.9),(7.7,8.8)); 100
((2.2,3.3),(4.4,5.5)); 83
((2.2,3.3),(4.4,6.6)); 83
((2.2,3.3),(4.4,7.7)); 83
((2.2,3.3),(4.4,8.8)); 83
((2.2,3.3),(4.4,9.9)); 83
((2.2,3.3),(5.5,6.6)); 100
((2.2,3.3),(5.5,7.7)); 100
((2.2,3.3),(5.5,8.8)); 100
((2.2,3.3),(5.5,9.9)); 100
((2.2,3.3),(6.6,7.7)); 100
((2.2,3.3),(6.6,8.8)); 100
((2.2,3.3),(6.6,9.9)); 100
((2.2,3.3),(7.7,8.8)); 100
((2.2,3.3),(7.7,9.9)); 100
((2.2,3.3),(8.8,9.9)); 100
((2.2,4.4),(3.3,5.5)); 9
((2.2,4.4),(3.3,6.6)); 9
((2.2,4.4),(3.3,7.7)); 9
((2.2,4.4),(3.3,8.8)); 9
((2.2,4.4),(3.3,9.9)); 9
((2.2,4.4),(5.5,6.6)); 100
((2.2,4.4),(5.5,7.7)); 100
((2.2,4.4),(5.5,8.8)); 100
((2.2,4.4),(5.5,9.9)); 100
((2.2,4.4),(6.6,7.7)); 100
((2.2,4.4),(6.6,8.8)); 100
((2.2,4.4),(6.6,9.9)); 100
((2.2,4.4),(7.7,8.8)); 100
((2.2,4.4),(7.7,9.9)); 100
((2.2,4.4),(8.8,9.9)); 100
((2.2,5.5),(3.3,4.4)); 8
((2.2,5.5),(7.7,8.8)); 97
((2.2,5.5),(7.7,9.9)); 21
((2.2,5.5),(8.8,9.9)); 21
((2.2,6.6),(3.3,4.4)); 8
((2.2,6.6),(7.7,8.8)); 97
((2.2,6.6),(7.7,9.9)); 21
((2.2,6.6),(8.8,9.9)); 21
((2.2,7.7),(3.3,4.4)); 8
((2.2,7.7),(5.5,6.6)); 100
((2.2,7.7),(5.5,8.8)); 2
((2.2,7.7),(5.5,9.9)); 18
((2.2,7.7),(6.6,8.8)); 2
((2.2,7.7),(6.6,9.9)); 18
((2.2,8.8),(3.3,4.4)); 8
((2.2,8.8),(5.5,6.6)); 100
((2.2,8.8),(5.5,7.7)); 1
((2.2,8.8),(5.5,9.9)); 18
((2.2,8.8),(6.6,7.7)); 1
((2.2,8.8),(6.6,9.9)); 18
((2.2,9.9),(3.3,4.4)); 8
((2.2,9.9),(5.5,6.6)); 100
((2.2,9.9),(5.5,7.7)); 61
((2.2,9.9),(5.5,8.8)); 61
((2.2,9.9),(6.6,7.7)); 61
((2.2,9.9),(6.6,8.8)); 61
((2.2,9.9),(7.7,8.8)); 100
((3.3,4.4),(5.5,6.6)); 100
((3.3,4.4),(5.5,7.7)); 100
((3.3,4.4),(5.5,8.8)); 100
((3.3,4.4),(5.5,9.9)); 100
((3.3,4.4),(6.6,7.7)); 100
((3.3,4.4),(6.6,8.8)); 100
((3.3,4.4),(6.6,9.9)); 100
((3.3,4.4),(7.7,8.8)); 100
((3.3,4.4),(7.7,9.9)); 100
((3.3,4.4),(8.8,9.9)); 100
((3.3,5.5),(7.7,8.8)); 97
((3.3,5.5),(7.7,9.9)); 21
((3.3,5.5),(8.8,9.9)); 21
((3.3,6.6),(7.7,8.8)); 97
((3.3,6.6),(7.7,9.9)); 21
((3.3,6.6),(8.8,9.9)); 21
((3.3,7.7),(5.5,6.6)); 100
((3.3,7.7),(5.5,8.8)); 2
((3.3,7.7),(5.5,9.9)); 18
((3.3,7.7),(6.6,8.8)); 2
((3.3,7.7),(6.6,9.9)); 18
((3.3,8.8),(5.5,6.6)); 100
((3.3,8.8),(5.5,7.7)); 1
((3.3,8.8),(5.5,9.9)); 18
((3.3,8.8),(6.6,7.7)); 1
((3.3,8.8),(6.6,9.9)); 18
((3.3,9.9),(5.5,6.6)); 100
((3.3,9.9),(5.5,7.7)); 61
((3.3,9.9),(5.5,8.8)); 61
((3.3,9.9),(6.6,7.7)); 61
((3.3,9.9),(6.6,8.8)); 61
((3.3,9.9),(7.7,8.8)); 100
((4.4,5.5),(7.7,8.8)); 97
((4.4,5.5),(7.7,9.9)); 21
((4.4,5.5),(8.8,9.9)); 21
((4.4,6.6),(7.7,8.8)); 97
((4.4,6.6),(7.7,9.9)); 21
((4.4,6.6),(8.8,9.9)); 21
((4.4,7.7),(5.5,6.6)); 100
((4.4,7.7),(5.5,8.8)); 2
((4.4,7.7),(5.5,9.9)); 18
((4.4,7.7),(6.6,8.8)); 2
((4.4,7.7),(6.6,9.9)); 18
((4.4,8.8),(5.5,6.6)); 100
((4.4,8.8),(5.5,7.7)); 1
((4.4,8.8),(5.5,9.9)); 18
((4.4,8.8),(6.6,7.7)); 1
((4.4,8.8),(6.6,9.9)); 18
((4.4,9.9),(5.5,6.6)); 100
((4.4,9.9),(5.5,7.7)); 61
((4.4,9.9),(5.5,8.8)); 61
((4.4,9.9),(6.6,7.7)); 61
((4.4,9.9),(6.6,8.8)); 61
((4.4,9.9),(7.7,8.8)); 100
((5.5,6.6),(7.7,8.8)); 100
((5.5,6.6),(7.7,9.9)); 100
((5.5,6.6),(8.8,9.9)); 100
((5.5,7.7),(8.8,9.9)); 1
((5.5,8.8),(7.7,9.9)); 2
((5.5,9.9),(7.7,8.8)); 97
((6.6,7.7),(8.8,9.9)); 1
((6.6,8.8),(7.7,9.9)); 2
((6.6,9.9),(7.7,8.8)); 97
