((1,10),(11,2)); 1
((1,10),(11,3)); 1
((1,10),(11,4)); 1
((1,10),(11,5)); 1
((1,10),(11,6)); 1
((1,10),(11,7)); 2
((1,10),(11,8)); 1
((1,10),(11,9)); 1
((1,10),(2,3)); 26
((1,10),(2,4)); 18
((1,10),(3,4)); 20
((1,10),(5,6)); 83
((1,10),(5,7)); 64
((1,10),(5,8)); 62
((1,10),(5,9)); 57
((1,10),(6,7)); 65
((1,10),(6,8)); 65
((1,10),(6,9)); 59
((1,10),(7,8)); 82
((1,10),(7,9)); 60
((1,10),(8,9)); 61
((1,11),(10,5)); 96
((1,11),(10,6)); 97
((1,11),(10,7)); 96
((1,11),(10,8)); 97
((1,11),(10,9)); 97
((1,11),(2,3)); 25
((1,11),(2,4)); 17
((1,11),(3,4)); 19
((1,11),(5,6)); 99
((1,11),(5,7)); 98
((1,11),(5,8)); 99
((1,11),(5,9)); 98
((1,11),(6,7)); 98
((1,11),(6,8)); 100
((1,11),(6,9)); 99
((1,11),(7,8)); 98
((1,11),(7,9)); 97
((1,11),(8,9)); 99
((1,2),(10,11)); 99
((1,2),(10,3)); 52
((1,2),(10,4)); 66
((1,2),(10,5)); 100
((1,2),(10,6)); 100
((1,2),(10,7)); 100
((1,2),(10,8)); 100
((1,2),(10,9)); 100
((1,2),(11,3)); 53
((1,2),(11,4)); 67
((1,2),(11,5)); 99
((1,2),(11,6)); 99
((1,2),(11,7)); 99
((1,2),(11,8)); 99
((1,2),(11,9)); 99
((1,2),(3,4)); 47
((1,2),(3,5)); 52
((1,2),(3,6)); 52
((1,2),(3,7)); 52
((1,2),(3,8)); 52
((1,2),(3,9)); 52
((1,2),(4,5)); 66
((1,2),(4,6)); 66
((1,2),(4,7)); 66
((1,2),(4,8)); 66
((1,2),(4,9)); 66
((1,2),(5,6)); 100
((1,2),(5,7)); 100
((1,2),(5,8)); 100
((1,2),(5,9)); 100
((1,2),(6,7)); 100
((1,2),(6,8)); 100
((1,2),(6,9)); 100
((1,2),(7,8)); 100
((1,2),(7,9)); 100
((1,2),(8,9)); 100
((1,3),(10,11)); 99
((1,3),(10,2)); 22
((1,3),(10,4)); 57
((1,3),(10,5)); 100
((1,3),(10,6)); 100
((1,3),(10,7)); 100
((1,3),(10,8)); 100
((1,3),(10,9)); 100
((1,3),(11,2)); 22
((1,3),(11,4)); 57
((1,3),(11,5)); 99
((1,3),(11,6)); 99
((1,3),(11,7)); 99
((1,3),(11,8)); 99
((1,3),(11,9)); 99
((1,3),(2,4)); 24
((1,3),(2,5)); 22
((1,3),(2,6)); 22
((1,3),(2,7)); 22
((1,3),(2,8)); 22
((1,3),(2,9)); 22
((1,3),(4,5)); 57
((1,3),(4,6)); 57
((1,3),(4,7)); 57
((1,3),(4,8)); 57
((1,3),(4,9)); 57
((1,3),(5,6)); 100
((1,3),(5,7)); 100
((1,3),(5,8)); 100
((1,3),(5,9)); 100
((1,3),(6,7)); 100
((1,3),(6,8)); 100
((1,3),(6,9)); 100
((1,3),(7,8)); 100
((1,3),(7,9)); 100
((1,3),(8,9)); 100
((1,4),(10,11)); 99
((1,4),(10,2)); 16
((1,4),(10,3)); 23
((1,4),(10,5)); 100
((1,4),(10,6)); 100
((1,4),(10,7)); 100
((1,4),(10,8)); 100
((1,4),(10,9)); 100
((1,4),(11,2)); 16
((1,4),(11,3)); 24
((1,4),(11,5)); 99
((1,4),(11,6)); 99
((1,4),(11,7)); 99
((1,4),(11,8)); 99
((1,4),(11,9)); 99
((1,4),(2,3)); 29
((1,4),(2,5)); 16
((1,4),(2,6)); 16
((1,4),(2,7)); 16
((1,4),(2,8)); 16
((1,4),(2,9)); 16
((1,4),(3,5)); 23
((1,4),(3,6)); 23
((1,4),(3,7)); 23
((1,4),(3,8)); 23
((1,4),(3,9)); 23
((1,4),(5,6)); 100
((1,4),(5,7)); 100
((1,4),(5,8)); 100
((1,4),(5,9)); 100
((1,4),(6,7)); 100
((1,4),(6,8)); 100
((1,4),(6,9)); 100
((1,4),(7,8)); 100
((1,4),(7,9)); 100
((1,4),(8,9)); 100
((1,5),(10,11)); 3
((1,5),(10,6)); 10
((1,5),(10,7)); 21
((1,5),(10,8)); 20
((1,5),(10,9)); 24
((1,5),(11,2)); 1
((1,5),(11,3)); 1
((1,5),(11,4)); 1
((1,5),(11,6)); 1
((1,5),(11,7)); 1
((1,5),(11,8)); 1
((1,5),(11,9)); 2
((1,5),(2,3)); 26
((1,5),(2,4)); 18
((1,5),(3,4)); 20
((1,5),(6,7)); 14
((1,5),(6,8)); 16
((1,5),(6,9)); 18
((1,5),(7,8)); 74
((1,5),(7,9)); 36
((1,5),(8,9)); 38
((1,6),(10,11)); 2
((1,6),(10,5)); 7
((1,6),(10,7)); 18
((1,6),(10,8)); 15
((1,6),(10,9)); 19
((1,6),(11,2)); 1
((1,6),(11,3)); 1
((1,6),(11,4)); 1
((1,6),(11,7)); 1
((1,6),(11,9)); 1
((1,6),(2,3)); 26
((1,6),(2,4)); 18
((1,6),(3,4)); 20
((1,6),(5,7)); 16
((1,6),(5,8)); 16
((1,6),(5,9)); 11
((1,6),(7,8)); 70
((1,6),(7,9)); 35
((1,6),(8,9)); 37
((1,7),(10,11)); 2
((1,7),(10,5)); 15
((1,7),(10,6)); 17
((1,7),(10,8)); 7
((1,7),(10,9)); 18
((1,7),(11,2)); 1
((1,7),(11,3)); 1
((1,7),(11,4)); 1
((1,7),(11,5)); 1
((1,7),(11,6)); 1
((1,7),(11,8)); 1
((1,7),(11,9)); 2
((1,7),(2,3)); 26
((1,7),(2,4)); 18
((1,7),(3,4)); 20
((1,7),(5,6)); 70
((1,7),(5,8)); 14
((1,7),(5,9)); 23
((1,7),(6,8)); 17
((1,7),(6,9)); 22
((1,7),(8,9)); 14
((1,8),(10,11)); 2
((1,8),(10,5)); 18
((1,8),(10,6)); 20
((1,8),(10,7)); 11
((1,8),(10,9)); 17
((1,8),(11,2)); 1
((1,8),(11,3)); 1
((1,8),(11,4)); 1
((1,8),(11,7)); 1
((1,8),(11,9)); 1
((1,8),(2,3)); 26
((1,8),(2,4)); 18
((1,8),(3,4)); 20
((1,8),(5,6)); 68
((1,8),(5,7)); 12
((1,8),(5,9)); 20
((1,8),(6,7)); 13
((1,8),(6,9)); 20
((1,8),(7,9)); 14
((1,9),(10,11)); 2
((1,9),(10,5)); 19
((1,9),(10,6)); 22
((1,9),(10,7)); 22
((1,9),(10,8)); 22
((1,9),(11,2)); 1
((1,9),(11,3)); 1
((1,9),(11,4)); 1
((1,9),(11,7)); 1
((1,9),(2,3)); 26
((1,9),(2,4)); 18
((1,9),(3,4)); 20
((1,9),(5,6)); 71
((1,9),(5,7)); 41
((1,9),(5,8)); 42
((1,9),(6,7)); 43
((1,9),(6,8)); 43
((1,9),(7,8)); 72
((10,11),(2,3)); 99
((10,11),(2,4)); 99
((10,11),(2,5)); 3
((10,11),(2,6)); 2
((10,11),(2,7)); 2
((10,11),(2,8)); 2
((10,11),(2,9)); 2
((10,11),(3,4)); 99
((10,11),(3,5)); 3
((10,11),(3,6)); 2
((10,11),(3,7)); 2
((10,11),(3,8)); 2
((10,11),(3,9)); 2
((10,11),(4,5)); 3
((10,11),(4,6)); 2
((10,11),(4,7)); 2
((10,11),(4,8)); 2
((10,11),(4,9)); 2
((10,11),(5,6)); 83
((10,11),(5,7)); 65
((10,11),(5,8)); 62
((10,11),(5,9)); 56
((10,11),(6,7)); 66
((10,11),(6,8)); 65
((10,11),(6,9)); 58
((10,11),(7,8)); 83
((10,11),(7,9)); 60
((10,11),(8,9)); 60
((10,2),(11,3)); 1
((10,2),(11,4)); 1
((10,2),(11,5)); 1
((10,2),(11,6)); 1
((10,2),(11,7)); 2
((10,2),(11,8)); 1
((10,2),(11,9)); 1
((10,2),(3,4)); 15
((10,2),(5,6)); 83
((10,2),(5,7)); 64
((10,2),(5,8)); 62
((10,2),(5,9)); 57
((10,2),(6,7)); 65
((10,2),(6,8)); 65
((10,2),(6,9)); 59
((10,2),(7,8)); 82
((10,2),(7,9)); 60
((10,2),(8,9)); 61
((10,3),(11,5)); 1
((10,3),(11,6)); 1
((10,3),(11,7)); 2
((10,3),(11,8)); 1
((10,3),(11,9)); 1
((10,3),(2,4)); 24
((10,3),(5,6)); 83
((10,3),(5,7)); 64
((10,3),(5,8)); 62
((10,3),(5,9)); 57
((10,3),(6,7)); 65
((10,3),(6,8)); 65
((10,3),(6,9)); 59
((10,3),(7,8)); 82
((10,3),(7,9)); 60
((10,3),(8,9)); 61
((10,4),(11,3)); 1
((10,4),(11,5)); 1
((10,4),(11,6)); 1
((10,4),(11,7)); 2
((10,4),(11,8)); 1
((10,4),(11,9)); 1
((10,4),(2,3)); 61
((10,4),(5,6)); 83
((10,4),(5,7)); 64
((10,4),(5,8)); 62
((10,4),(5,9)); 57
((10,4),(6,7)); 65
((10,4),(6,8)); 65
((10,4),(6,9)); 59
((10,4),(7,8)); 82
((10,4),(7,9)); 60
((10,4),(8,9)); 61
((10,5),(11,2)); 96
((10,5),(11,3)); 96
((10,5),(11,4)); 96
((10,5),(11,6)); 7
((10,5),(11,7)); 15
((10,5),(11,8)); 18
((10,5),(11,9)); 20
((10,5),(2,3)); 100
((10,5),(2,4)); 100
((10,5),(2,6)); 7
((10,5),(2,7)); 15
((10,5),(2,8)); 18
((10,5),(2,9)); 19
((10,5),(3,4)); 100
((10,5),(3,6)); 7
((10,5),(3,7)); 15
((10,5),(3,8)); 18
((10,5),(3,9)); 19
((10,5),(4,6)); 7
((10,5),(4,7)); 15
((10,5),(4,8)); 18
((10,5),(4,9)); 19
((10,5),(6,7)); 11
((10,5),(6,8)); 14
((10,5),(6,9)); 15
((10,5),(7,8)); 70
((10,5),(7,9)); 31
((10,5),(8,9)); 38
((10,6),(11,2)); 97
((10,6),(11,3)); 97
((10,6),(11,4)); 97
((10,6),(11,5)); 10
((10,6),(11,7)); 16
((10,6),(11,8)); 20
((10,6),(11,9)); 23
((10,6),(2,3)); 100
((10,6),(2,4)); 100
((10,6),(2,5)); 10
((10,6),(2,7)); 17
((10,6),(2,8)); 20
((10,6),(2,9)); 22
((10,6),(3,4)); 100
((10,6),(3,5)); 10
((10,6),(3,7)); 17
((10,6),(3,8)); 20
((10,6),(3,9)); 22
((10,6),(4,5)); 10
((10,6),(4,7)); 17
((10,6),(4,8)); 20
((10,6),(4,9)); 22
((10,6),(5,7)); 14
((10,6),(5,8)); 16
((10,6),(5,9)); 12
((10,6),(7,8)); 70
((10,6),(7,9)); 39
((10,6),(8,9)); 42
((10,7),(11,2)); 96
((10,7),(11,3)); 96
((10,7),(11,4)); 96
((10,7),(11,5)); 20
((10,7),(11,6)); 18
((10,7),(11,8)); 11
((10,7),(11,9)); 23
((10,7),(2,3)); 100
((10,7),(2,4)); 100
((10,7),(2,5)); 21
((10,7),(2,6)); 18
((10,7),(2,8)); 11
((10,7),(2,9)); 22
((10,7),(3,4)); 100
((10,7),(3,5)); 21
((10,7),(3,6)); 18
((10,7),(3,8)); 11
((10,7),(3,9)); 22
((10,7),(4,5)); 21
((10,7),(4,6)); 18
((10,7),(4,8)); 11
((10,7),(4,9)); 22
((10,7),(5,6)); 75
((10,7),(5,8)); 19
((10,7),(5,9)); 27
((10,7),(6,8)); 19
((10,7),(6,9)); 23
((10,7),(8,9)); 16
((10,8),(11,2)); 97
((10,8),(11,3)); 97
((10,8),(11,4)); 97
((10,8),(11,5)); 20
((10,8),(11,6)); 15
((10,8),(11,7)); 6
((10,8),(11,9)); 23
((10,8),(2,3)); 100
((10,8),(2,4)); 100
((10,8),(2,5)); 20
((10,8),(2,6)); 15
((10,8),(2,7)); 7
((10,8),(2,9)); 22
((10,8),(3,4)); 100
((10,8),(3,5)); 20
((10,8),(3,6)); 15
((10,8),(3,7)); 7
((10,8),(3,9)); 22
((10,8),(4,5)); 20
((10,8),(4,6)); 15
((10,8),(4,7)); 7
((10,8),(4,9)); 22
((10,8),(5,6)); 70
((10,8),(5,7)); 11
((10,8),(5,9)); 21
((10,8),(6,7)); 11
((10,8),(6,9)); 18
((10,8),(7,9)); 14
((10,9),(11,2)); 97
((10,9),(11,3)); 97
((10,9),(11,4)); 97
((10,9),(11,5)); 24
((10,9),(11,6)); 19
((10,9),(11,7)); 17
((10,9),(11,8)); 17
((10,9),(2,3)); 100
((10,9),(2,4)); 100
((10,9),(2,5)); 24
((10,9),(2,6)); 19
((10,9),(2,7)); 18
((10,9),(2,8)); 17
((10,9),(3,4)); 100
((10,9),(3,5)); 24
((10,9),(3,6)); 19
((10,9),(3,7)); 18
((10,9),(3,8)); 17
((10,9),(4,5)); 24
((10,9),(4,6)); 19
((10,9),(4,7)); 18
((10,9),(4,8)); 17
((10,9),(5,6)); 73
((10,9),(5,7)); 42
((10,9),(5,8)); 41
((10,9),(6,7)); 38
((10,9),(6,8)); 40
((10,9),(7,8)); 70
((11,2),(3,4)); 14
((11,2),(5,6)); 99
((11,2),(5,7)); 98
((11,2),(5,8)); 99
((11,2),(5,9)); 98
((11,2),(6,7)); 98
((11,2),(6,8)); 100
((11,2),(6,9)); 99
((11,2),(7,8)); 98
((11,2),(7,9)); 97
((11,2),(8,9)); 99
((11,3),(2,4)); 25
((11,3),(2,5)); 1
((11,3),(2,6)); 1
((11,3),(2,7)); 1
((11,3),(2,8)); 1
((11,3),(2,9)); 1
((11,3),(4,5)); 1
((11,3),(4,6)); 1
((11,3),(4,7)); 1
((11,3),(4,8)); 1
((11,3),(4,9)); 1
((11,3),(5,6)); 99
((11,3),(5,7)); 98
((11,3),(5,8)); 99
((11,3),(5,9)); 98
((11,3),(6,7)); 98
((11,3),(6,8)); 100
((11,3),(6,9)); 99
((11,3),(7,8)); 98
((11,3),(7,9)); 97
((11,3),(8,9)); 99
((11,4),(2,3)); 61
((11,4),(2,5)); 1
((11,4),(2,6)); 1
((11,4),(2,7)); 1
((11,4),(2,8)); 1
((11,4),(2,9)); 1
((11,4),(5,6)); 99
((11,4),(5,7)); 98
((11,4),(5,8)); 99
((11,4),(5,9)); 98
((11,4),(6,7)); 98
((11,4),(6,8)); 100
((11,4),(6,9)); 99
((11,4),(7,8)); 98
((11,4),(7,9)); 97
((11,4),(8,9)); 99
((11,5),(2,3)); 99
((11,5),(2,4)); 99
((11,5),(2,7)); 1
((11,5),(3,4)); 99
((11,5),(3,7)); 1
((11,5),(4,7)); 1
((11,5),(6,7)); 13
((11,5),(6,8)); 16
((11,5),(6,9)); 18
((11,5),(7,8)); 73
((11,5),(7,9)); 35
((11,5),(8,9)); 38
((11,6),(2,3)); 99
((11,6),(2,4)); 99
((11,6),(2,5)); 1
((11,6),(2,7)); 1
((11,6),(3,4)); 99
((11,6),(3,5)); 1
((11,6),(3,7)); 1
((11,6),(4,5)); 1
((11,6),(4,7)); 1
((11,6),(5,7)); 16
((11,6),(5,8)); 16
((11,6),(5,9)); 11
((11,6),(7,8)); 70
((11,6),(7,9)); 35
((11,6),(8,9)); 37
((11,7),(2,3)); 99
((11,7),(2,4)); 99
((11,7),(2,5)); 1
((11,7),(2,6)); 1
((11,7),(2,8)); 1
((11,7),(2,9)); 1
((11,7),(3,4)); 99
((11,7),(3,5)); 1
((11,7),(3,6)); 1
((11,7),(3,8)); 1
((11,7),(3,9)); 1
((11,7),(4,5)); 1
((11,7),(4,6)); 1
((11,7),(4,8)); 1
((11,7),(4,9)); 1
((11,7),(5,6)); 71
((11,7),(5,8)); 15
((11,7),(5,9)); 24
((11,7),(6,8)); 17
((11,7),(6,9)); 22
((11,7),(8,9)); 14
((11,8),(2,3)); 99
((11,8),(2,4)); 99
((11,8),(2,5)); 1
((11,8),(2,7)); 1
((11,8),(3,4)); 99
((11,8),(3,5)); 1
((11,8),(3,7)); 1
((11,8),(4,5)); 1
((11,8),(4,7)); 1
((11,8),(5,6)); 68
((11,8),(5,7)); 12
((11,8),(5,9)); 20
((11,8),(6,7)); 13
((11,8),(6,9)); 20
((11,8),(7,9)); 14
((11,9),(2,3)); 99
((11,9),(2,4)); 99
((11,9),(2,5)); 2
((11,9),(2,6)); 1
((11,9),(2,7)); 2
((11,9),(2,8)); 1
((11,9),(3,4)); 99
((11,9),(3,5)); 2
((11,9),(3,6)); 1
((11,9),(3,7)); 2
((11,9),(3,8)); 1
((11,9),(4,5)); 2
((11,9),(4,6)); 1
((11,9),(4,7)); 2
((11,9),(4,8)); 1
((11,9),(5,6)); 71
((11,9),(5,7)); 41
((11,9),(5,8)); 42
((11,9),(6,7)); 43
((11,9),(6,8)); 43
((11,9),(7,8)); 72
((2,3),(4,5)); 61
((2,3),(4,6)); 61
((2,3),(4,7)); 61
((2,3),(4,8)); 61
((2,3),(4,9)); 61
((2,3),(5,6)); 100
((2,3),(5,7)); 100
((2,3),(5,8)); 100
((2,3),(5,9)); 100
((2,3),(6,7)); 100
((2,3),(6,8)); 100
((2,3),(6,9)); 100
((2,3),(7,8)); 100
((2,3),(7,9)); 100
((2,3),(8,9)); 100
((2,4),(3,5)); 24
((2,4),(3,6)); 24
((2,4),(3,7)); 24
((2,4),(3,8)); 24
((2,4),(3,9)); 24
((2,4),(5,6)); 100
((2,4),(5,7)); 100
((2,4),(5,8)); 100
((2,4),(5,9)); 100
((2,4),(6,7)); 100
((2,4),(6,8)); 100
((2,4),(6,9)); 100
((2,4),(7,8)); 100
((2,4),(7,9)); 100
((2,4),(8,9)); 100
((2,5),(3,4)); 15
((2,5),(6,7)); 14
((2,5),(6,8)); 16
((2,5),(6,9)); 18
((2,5),(7,8)); 74
((2,5),(7,9)); 36
((2,5),(8,9)); 38
((2,6),(3,4)); 15
((2,6),(5,7)); 16
((2,6),(5,8)); 16
((2,6),(5,9)); 11
((2,6),(7,8)); 70
((2,6),(7,9)); 35
((2,6),(8,9)); 37
((2,7),(3,4)); 15
((2,7),(5,6)); 70
((2,7),(5,8)); 14
((2,7),(5,9)); 23
((2,7),(6,8)); 17
((2,7),(6,9)); 22
((2,7),(8,9)); 14
((2,8),(3,4)); 15
((2,8),(5,6)); 68
((2,8),(5,7)); 12
((2,8),(5,9)); 20
((2,8),(6,7)); 13
((2,8),(6,9)); 20
((2,8),(7,9)); 14
((2,9),(3,4)); 15
((2,9),(5,6)); 71
((2,9),(5,7)); 41
((2,9),(5,8)); 42
((2,9),(6,7)); 43
((2,9),(6,8)); 43
((2,9),(7,8)); 72
((3,4),(5,6)); 100
((3,4),(5,7)); 100
((3,4),(5,8)); 100
((3,4),(5,9)); 100
((3,4),(6,7)); 100
((3,4),(6,8)); 100
((3,4),(6,9)); 100
((3,4),(7,8)); 100
((3,4),(7,9)); 100
((3,4),(8,9)); 100
((3,5),(6,7)); 14
((3,5),(6,8)); 16
((3,5),(6,9)); 18
((3,5),(7,8)); 74
((3,5),(7,9)); 36
((3,5),(8,9)); 38
((3,6),(5,7)); 16
((3,6),(5,8)); 16
((3,6),(5,9)); 11
((3,6),(7,8)); 70
((3,6),(7,9)); 35
((3,6),(8,9)); 37
((3,7),(5,6)); 70
((3,7),(5,8)); 14
((3,7),(5,9)); 23
((3,7),(6,8)); 17
((3,7),(6,9)); 22
((3,7),(8,9)); 14
((3,8),(5,6)); 68
((3,8),(5,7)); 12
((3,8),(5,9)); 20
((3,8),(6,7)); 13
((3,8),(6,9)); 20
((3,8),(7,9)); 14
((3,9),(5,6)); 71
((3,9),(5,7)); 41
((3,9),(5,8)); 42
((3,9),(6,7)); 43
((3,9),(6,8)); 43
((3,9),(7,8)); 72
((4,5),(6,7)); 14
((4,5),(6,8)); 16
((4,5),(6,9)); 18
((4,5),(7,8)); 74
((4,5),(7,9)); 36
((4,5),(8,9)); 38
((4,6),(5,7)); 16
((4,6),(5,8)); 16
((4,6),(5,9)); 11
((4,6),(7,8)); 70
((4,6),(7,9)); 35
((4,6),(8,9)); 37
((4,7),(5,6)); 70
((4,7),(5,8)); 14
((4,7),(5,9)); 23
((4,7),(6,8)); 17
((4,7),(6,9)); 22
((4,7),(8,9)); 14
((4,8),(5,6)); 68
((4,8),(5,7)); 12
((4,8),(5,9)); 20
((4,8),(6,7)); 13
((4,8),(6,9)); 20
((4,8),(7,9)); 14
((4,9),(5,6)); 71
((4,9),(5,7)); 41
((4,9),(5,8)); 42
((4,9),(6,7)); 43
((4,9),(6,8)); 43
((4,9),(7,8)); 72
((5,6),(7,8)); 86
((5,6),(7,9)); 75
((5,6),(8,9)); 78
((5,7),(6,8)); 9
((5,7),(6,9)); 14
((5,7),(8,9)); 18
((5,8),(6,7)); 5
((5,8),(6,9)); 11
((5,8),(7,9)); 16
((5,9),(6,7)); 11
((5,9),(6,8)); 11
((5,9),(7,8)); 66
((6,7),(8,9)); 17
((6,8),(7,9)); 16
((6,9),(7,8)); 67
