((1.1,10.10),(2.2,3.3)); 19
((1.1,10.10),(2.2,4.4)); 4
((1.1,10.10),(3.3,4.4)); 8
((1.1,10.10),(5.5,6.6)); 100
((1.1,10.10),(5.5,7.7)); 93
((1.1,10.10),(5.5,8.8)); 92
((1.1,10.10),(5.5,9.9)); 79
((1.1,10.10),(6.6,7.7)); 93
((1.1,10.10),(6.6,8.8)); 92
((1.1,10.10),(6.6,9.9)); 79
((1.1,10.10),(7.7,8.8)); 99
((1.1,10.10),(7.7,9.9)); 82
((1.1,10.10),(8.8,9.9)); 81
((1.1,11.11),(10.10,5.5)); 100
((1.1,11.11),(10.10,6.6)); 100
((1.1,11.11),(10.10,7.7)); 100
((1.1,11.11),(10.10,8.8)); 100
((1.1,11.11),(10.10,9.9)); 100
((1.1,11.11),(2.2,3.3)); 19
((1.1,11.11),(2.2,4.4)); 4
((1.1,11.11),(3.3,4.4)); 8
((1.1,11.11),(5.5,6.6)); 100
((1.1,11.11),(5.5,7.7)); 100
((1.1,11.11),(5.5,8.8)); 100
((1.1,11.11),(5.5,9.9)); 100
((1.1,11.11),(6.6,7.7)); 100
((1.1,11.11),(6.6,8.8)); 100
((1.1,11.11),(6.6,9.9)); 100
((1.1,11.11),(7.7,8.8)); 100
((1.1,11.11),(7.7,9.9)); 100
((1.1,11.11),(8.8,9.9)); 100
((1.1,2.2),(10.10,11.11)); 100
((1.1,2.2),(10.10,3.3)); 57
((1.1,2.2),(10.10,4.4)); 92
((1.1,2.2),(10.10,5.5)); 100
((1.1,2.2),(10.10,6.6)); 100
((1.1,2.2),(10.10,7.7)); 100
((1.1,2.2),(10.10,8.8)); 100
((1.1,2.2),(10.10,9.9)); 100
((1.1,2.2),(11.11,3.3)); 57
((1.1,2.2),(11.11,4.4)); 92
((1.1,2.2),(11.11,5.5)); 100
((1.1,2.2),(11.11,6.6)); 100
((1.1,2.2),(11.11,7.7)); 100
((1.1,2.2),(11.11,8.8)); 100
((1.1,2.2),(11.11,9.9)); 100
((1.1,2.2),(3.3,4.4)); 57
((1.1,2.2),(3.3,5.5)); 57
((1.1,2.2),(3.3,6.6)); 57
((1.1,2.2),(3.3,7.7)); 57
((1.1,2.2),(3.3,8.8)); 57
((1.1,2.2),(3.3,9.9)); 57
((1.1,2.2),(4.4,5.5)); 92
((1.1,2.2),(4.4,6.6)); 92
((1.1,2.2),(4.4,7.7)); 92
((1.1,2.2),(4.4,8.8)); 92
((1.1,2.2),(4.4,9.9)); 92
((1.1,2.2),(5.5,6.6)); 100
((1.1,2.2),(5.5,7.7)); 100
((1.1,2.2),(5.5,8.8)); 100
((1.1,2.2),(5.5,9.9)); 100
((1.1,2.2),(6.6,7.7)); 100
((1.1,2.2),(6.6,8.8)); 100
((1.1,2.2),(6.6,9.9)); 100
((1.1,2.2),(7.7,8.8)); 100
((1.1,2.2),(7.7,9.9)); 100
((1.1,2.2),(8.8,9.9)); 100
((1.1,3.3),(10.10,11.11)); 100
((1.1,3.3),(10.10,2.2)); 24
((1.1,3.3),(10.10,4.4)); 90
((1.1,3.3),(10.10,5.5)); 100
((1.1,3.3),(10.10,6.6)); 100
((1.1,3.3),(10.10,7.7)); 100
((1.1,3.3),(10.10,8.8)); 100
((1.1,3.3),(10.10,9.9)); 100
((1.1,3.3),(11.11,2.2)); 24
((1.1,3.3),(11.11,4.4)); 90
((1.1,3.3),(11.11,5.5)); 100
((1.1,3.3),(11.11,6.6)); 100
((1.1,3.3),(11.11,7.7)); 100
((1.1,3.3),(11.11,8.8)); 100
((1.1,3.3),(11.11,9.9)); 100
((1.1,3.3),(2.2,4.4)); 24
((1.1,3.3),(2.2,5.5)); 24
((1.1,3.3),(2.2,6.6)); 24
((1.1,3.3),(2.2,7.7)); 24
((1.1,3.3),(2.2,8.8)); 24
((1.1,3.3),(2.2,9.9)); 24
((1.1,3.3),(4.4,5.5)); 90
((1.1,3.3),(4.4,6.6)); 90
((1.1,3.3),(4.4,7.7)); 90
((1.1,3.3),(4.4,8.8)); 90
((1.1,3.3),(4.4,9.9)); 90
((1.1,3.3),(5.5,6.6)); 100
((1.1,3.3),(5.5,7.7)); 100
((1.1,3.3),(5.5,8.8)); 100
((1.1,3.3),(5.5,9.9)); 100
((1.1,3.3),(6.6,7.7)); 100
((1.1,3.3),(6.6,8.8)); 100
((1.1,3.3),(6.6,9.9)); 100
((1.1,3.3),(7.7,8.8)); 100
((1.1,3.3),(7.7,9.9)); 100
((1.1,3.3),(8.8,9.9)); 100
((1.1,4.4),(10.10,11.11)); 100
((1.1,4.4),(10.10,2.2)); 4
((1.1,4.4),(10.10,3.3)); 2
((1.1,4.4),(10.10,5.5)); 100
((1.1,4.4),(10.10,6.6)); 100
((1.1,4.4),(10.10,7.7)); 100
((1.1,4.4),(10.10,8.8)); 100
((1.1,4.4),(10.10,9.9)); 100
((1.1,4.4),(11.11,2.2)); 4
((1.1,4.4),(11.11,3.3)); 2
((1.1,4.4),(11.11,5.5)); 100
((1.1,4.4),(11.11,6.6)); 100
((1.1,4.4),(11.11,7.7)); 100
((1.1,4.4),(11.11,8.8)); 100
((1.1,4.4),(11.11,9.9)); 100
((1.1,4.4),(2.2,3.3)); 19
((1.1,4.4),(2.2,5.5)); 4
((1.1,4.4),(2.2,6.6)); 4
((1.1,4.4),(2.2,7.7)); 4
((1.1,4.4),(2.2,8.8)); 4
((1.1,4.4),(2.2,9.9)); 4
((1.1,4.4),(3.3,5.5)); 2
((1.1,4.4),(3.3,6.6)); 2
((1.1,4.4),(3.3,7.7)); 2
((1.1,4.4),(3.3,8.8)); 2
((1.1,4.4),(3.3,9.9)); 2
((1.1,4.4),(5.5,6.6)); 100
((1.1,4.4),(5.5,7.7)); 100
((1.1,4.4),(5.5,8.8)); 100
((1.1,4.4),(5.5,9.9)); 100
((1.1,4.4),(6.6,7.7)); 100
((1.1,4.4),(6.6,8.8)); 100
((1.1,4.4),(6.6,9.9)); 100
((1.1,4.4),(7.7,8.8)); 100
((1.1,4.4),(7.7,9.9)); 100
((1.1,4.4),(8.8,9.9)); 100
((1.1,5.5),(10.10,7.7)); 3
((1.1,5.5),(10.10,8.8)); 4
((1.1,5.5),(10.10,9.9)); 10
((1.1,5.5),(2.2,3.3)); 19
((1.1,5.5),(2.2,4.4)); 4
((1.1,5.5),(3.3,4.4)); 8
((1.1,5.5),(7.7,8.8)); 98
((1.1,5.5),(7.7,9.9)); 27
((1.1,5.5),(8.8,9.9)); 27
((1.1,6.6),(10.10,7.7)); 3
((1.1,6.6),(10.10,8.8)); 4
((1.1,6.6),(10.10,9.9)); 10
((1.1,6.6),(2.2,3.3)); 19
((1.1,6.6),(2.2,4.4)); 4
((1.1,6.6),(3.3,4.4)); 8
((1.1,6.6),(7.7,8.8)); 98
((1.1,6.6),(7.7,9.9)); 27
((1.1,6.6),(8.8,9.9)); 27
((1.1,7.7),(10.10,5.5)); 4
((1.1,7.7),(10.10,6.6)); 4
((1.1,7.7),(10.10,8.8)); 1
((1.1,7.7),(10.10,9.9)); 9
((1.1,7.7),(2.2,3.3)); 19
((1.1,7.7),(2.2,4.4)); 4
((1.1,7.7),(3.3,4.4)); 8
((1.1,7.7),(5.5,6.6)); 100
((1.1,7.7),(5.5,8.8)); 1
((1.1,7.7),(5.5,9.9)); 24
((1.1,7.7),(6.6,8.8)); 1
((1.1,7.7),(6.6,9.9)); 24
((1.1,8.8),(10.10,5.5)); 4
((1.1,8.8),(10.10,6.6)); 4
((1.1,8.8),(10.10,9.9)); 9
((1.1,8.8),(2.2,3.3)); 19
((1.1,8.8),(2.2,4.4)); 4
((1.1,8.8),(3.3,4.4)); 8
((1.1,8.8),(5.5,6.6)); 100
((1.1,8.8),(5.5,7.7)); 1
((1.1,8.8),(5.5,9.9)); 25
((1.1,8.8),(6.6,7.7)); 1
((1.1,8.8),(6.6,9.9)); 25
((1.1,8.8),(7.7,9.9)); 1
((1.1,9.9),(10.10,5.5)); 11
((1.1,9.9),(10.10,6.6)); 11
((1.1,9.9),(10.10,7.7)); 9
((1.1,9.9),(10.10,8.8)); 10
((1.1,9.9),(2.2,3.3)); 19
((1.1,9.9),(2.2,4.4)); 4
((1.1,9.9),(3.3,4.4)); 8
((1.1,9.9),(5.5,6.6)); 100
((1.1,9.9),(5.5,7.7)); 49
((1.1,9.9),(5.5,8.8)); 48
((1.1,9.9),(6.6,7.7)); 49
((1.1,9.9),(6.6,8.8)); 48
((1.1,9.9),(7.7,8.8)); 99
((10.10,11.11),(2.2,3.3)); 100
((10.10,11.11),(2.2,4.4)); 100
((10.10,11.11),(3.3,4.4)); 100
((10.10,11.11),(5.5,6.6)); 100
((10.10,11.11),(5.5,7.7)); 93
((10.10,11.11),(5.5,8.8)); 92
((10.10,11.11),(5.5,9.9)); 79
((10.10,11.11),(6.6,7.7)); 93
((10.10,11.11),(6.6,8.8)); 92
((10.10,11.11),(6.6,9.9)); 79
((10.10,11.11),(7.7,8.8)); 99
((10.10,11.11),(7.7,9.9)); 82
((10.10,11.11),(8.8,9.9)); 81
((10.10,2.2),(3.3,4.4)); 10
((10.10,2.2),(5.5,6.6)); 100
((10.10,2.2),(5.5,7.7)); 93
((10.10,2.2),(5.5,8.8)); 92
((10.10,2.2),(5.5,9.9)); 79
((10.10,2.2),(6.6,7.7)); 93
((10.10,2.2),(6.6,8.8)); 92
((10.10,2.2),(6.6,9.9)); 79
((10.10,2.2),(7.7,8.8)); 99
((10.10,2.2),(7.7,9.9)); 82
((10.10,2.2),(8.8,9.9)); 81
((10.10,3.3),(2.2,4.4)); 4
((10.10,3.3),(5.5,6.6)); 100
((10.10,3.3),(5.5,7.7)); 93
((10.10,3.3),(5.5,8.8)); 92
((10.10,3.3),(5.5,9.9)); 79
((10.10,3.3),(6.6,7.7)); 93
((10.10,3.3),(6.6,8.8)); 92
((10.10,3.3),(6.6,9.9)); 79
((10.10,3.3),(7.7,8.8)); 99
((10.10,3.3),(7.7,9.9)); 82
((10.10,3.3),(8.8,9.9)); 81
((10.10,4.4),(2.2,3.3)); 86
((10.10,4.4),(5.5,6.6)); 100
((10.10,4.4),(5.5,7.7)); 93
((10.10,4.4),(5.5,8.8)); 92
((10.10,4.4),(5.5,9.9)); 79
((10.10,4.4),(6.6,7.7)); 93
((10.10,4.4),(6.6,8.8)); 92
((10.10,4.4),(6.6,9.9)); 79
((10.10,4.4),(7.7,8.8)); 99
((10.10,4.4),(7.7,9.9)); 82
((10.10,4.4),(8.8,9.9)); 81
((10.10,5.5),(11.11,2.2)); 100
((10.10,5.5),(11.11,3.3)); 100
((10.10,5.5),(11.11,4.4)); 100
((10.10,5.5),(11.11,7.7)); 4
((10.10,5.5),(11.11,8.8)); 4
((10.10,5.5),(11.11,9.9)); 11
((10.10,5.5),(2.2,3.3)); 100
((10.10,5.5),(2.2,4.4)); 100
((10.10,5.5),(2.2,7.7)); 4
((10.10,5.5),(2.2,8.8)); 4
((10.10,5.5),(2.2,9.9)); 11
((10.10,5.5),(3.3,4.4)); 100
((10.10,5.5),(3.3,7.7)); 4
((10.10,5.5),(3.3,8.8)); 4
((10.10,5.5),(3.3,9.9)); 11
((10.10,5.5),(4.4,7.7)); 4
((10.10,5.5),(4.4,8.8)); 4
((10.10,5.5),(4.4,9.9)); 11
((10.10,5.5),(7.7,8.8)); 98
((10.10,5.5),(7.7,9.9)); 27
((10.10,5.5),(8.8,9.9)); 27
((10.10,6.6),(11.11,2.2)); 100
((10.10,6.6),(11.11,3.3)); 100
((10.10,6.6),(11.11,4.4)); 100
((10.10,6.6),(11.11,7.7)); 4
((10.10,6.6),(11.11,8.8)); 4
((10.10,6.6),(11.11,9.9)); 11
((10.10,6.6),(2.2,3.3)); 100
((10.10,6.6),(2.2,4.4)); 100
((10.10,6.6),(2.2,7.7)); 4
((10.10,6.6),(2.2,8.8)); 4
((10.10,6.6),(2.2,9.9)); 11
((10.10,6.6),(3.3,4.4)); 100
((10.10,6.6),(3.3,7.7)); 4
((10.10,6.6),(3.3,8.8)); 4
((10.10,6.6),(3.3,9.9)); 11
((10.10,6.6),(4.4,7.7)); 4
((10.10,6.6),(4.4,8.8)); 4
((10.10,6.6),(4.4,9.9)); 11
((10.10,6.6),(7.7,8.8)); 98
((10.10,6.6),(7.7,9.9)); 27
((10.10,6.6),(8.8,9.9)); 27
((10.10,7.7),(11.11,2.2)); 100
((10.10,7.7),(11.11,3.3)); 100
((10.10,7.7),(11.11,4.4)); 100
((10.10,7.7),(11.11,5.5)); 3
((10.10,7.7),(11.11,6.6)); 3
((10.10,7.7),(11.11,9.9)); 9
((10.10,7.7),(2.2,3.3)); 100
((10.10,7.7),(2.2,4.4)); 100
((10.10,7.7),(2.2,5.5)); 3
((10.10,7.7),(2.2,6.6)); 3
((10.10,7.7),(2.2,9.9)); 9
((10.10,7.7),(3.3,4.4)); 100
((10.10,7.7),(3.3,5.5)); 3
((10.10,7.7),(3.3,6.6)); 3
((10.10,7.7),(3.3,9.9)); 9
((10.10,7.7),(4.4,5.5)); 3
((10.10,7.7),(4.4,6.6)); 3
((10.10,7.7),(4.4,9.9)); 9
((10.10,7.7),(5.5,6.6)); 100
((10.10,7.7),(5.5,8.8)); 1
((10.10,7.7),(5.5,9.9)); 24
((10.10,7.7),(6.6,8.8)); 1
((10.10,7.7),(6.6,9.9)); 24
((10.10,8.8),(11.11,2.2)); 100
((10.10,8.8),(11.11,3.3)); 100
((10.10,8.8),(11.11,4.4)); 100
((10.10,8.8),(11.11,5.5)); 4
((10.10,8.8),(11.11,6.6)); 4
((10.10,8.8),(11.11,7.7)); 1
((10.10,8.8),(11.11,9.9)); 10
((10.10,8.8),(2.2,3.3)); 100
((10.10,8.8),(2.2,4.4)); 100
((10.10,8.8),(2.2,5.5)); 4
((10.10,8.8),(2.2,6.6)); 4
((10.10,8.8),(2.2,7.7)); 1
((10.10,8.8),(2.2,9.9)); 10
((10.10,8.8),(3.3,4.4)); 100
((10.10,8.8),(3.3,5.5)); 4
((10.10,8.8),(3.3,6.6)); 4
((10.10,8.8),(3.3,7.7)); 1
((10.10,8.8),(3.3,9.9)); 10
((10.10,8.8),(4.4,5.5)); 4
((10.10,8.8),(4.4,6.6)); 4
((10.10,8.8),(4.4,7.7)); 1
((10.10,8.8),(4.4,9.9)); 10
((10.10,8.8),(5.5,6.6)); 100
((10.10,8.8),(5.5,7.7)); 1
((10.10,8.8),(5.5,9.9)); 25
((10.10,8.8),(6.6,7.7)); 1
((10.10,8.8),(6.6,9.9)); 25
((10.10,8.8),(7.7,9.9)); 1
((10.10,9.9),(11.11,2.2)); 100
((10.10,9.9),(11.11,3.3)); 100
((10.10,9.9),(11.11,4.4)); 100
((10.10,9.9),(11.11,5.5)); 10
((10.10,9.9),(11.11,6.6)); 10
((10.10,9.9),(11.11,7.7)); 9
((10.10,9.9),(11.11,8.8)); 9
((10.10,9.9),(2.2,3.3)); 100
((10.10,9.9),(2.2,4.4)); 100
((10.10,9.9),(2.2,5.5)); 10
((10.10,9.9),(2.2,6.6)); 10
((10.10,9.9),(2.2,7.7)); 9
((10.10,9.9),(2.2,8.8)); 9
((10.10,9.9),(3.3,4.4)); 100
((10.10,9.9),(3.3,5.5)); 10
((10.10,9.9),(3.3,6.6)); 10
((10.10,9.9),(3.3,7.7)); 9
((10.10,9.9),(3.3,8.8)); 9
((10.10,9.9),(4.4,5.5)); 10
((10.10,9.9),(4.4,6.6)); 10
((10.10,9.9),(4.4,7.7)); 9
((10.10,9.9),(4.4,8.8)); 9
((10.10,9.9),(5.5,6.6)); 100
((10.10,9.9),(5.5,7.7)); 49
((10.10,9.9),(5.5,8.8)); 48
((10.10,9.9),(6.6,7.7)); 49
((10.10,9.9),(6.6,8.8)); 48
((10.10,9.9),(7.7,8.8)); 99
((11.11,2.2),(3.3,4.4)); 10
((11.11,2.2),(5.5,6.6)); 100
((11.11,2.2),(5.5,7.7)); 100
((11.11,2.2),(5.5,8.8)); 100
((11.11,2.2),(5.5,9.9)); 100
((11.11,2.2),(6.6,7.7)); 100
((11.11,2.2),(6.6,8.8)); 100
((11.11,2.2),(6.6,9.9)); 100
((11.11,2.2),(7.7,8.8)); 100
((11.11,2.2),(7.7,9.9)); 100
((11.11,2.2),(8.8,9.9)); 100
((11.11,3.3),(2.2,4.4)); 4
((11.11,3.3),(5.5,6.6)); 100
((11.11,3.3),(5.5,7.7)); 100
((11.11,3.3),(5.5,8.8)); 100
((11.11,3.3),(5.5,9.9)); 100
((11.11,3.3),(6.6,7.7)); 100
((11.11,3.3),(6.6,8.8)); 100
((11.11,3.3),(6.6,9.9)); 100
((11.11,3.3),(7.7,8.8)); 100
((11.11,3.3),(7.7,9.9)); 100
((11.11,3.3),(8.8,9.9)); 100
((11.11,4.4),(2.2,3.3)); 86
((11.11,4.4),(5.5,6.6)); 100
((11.11,4.4),(5.5,7.7)); 100
((11.11,4.4),(5.5,8.8)); 100
((11.11,4.4),(5.5,9.9)); 100
((11.11,4.4),(6.6,7.7)); 100
((11.11,4.4),(6.6,8.8)); 100
((11.11,4.4),(6.6,9.9)); 100
((11.11,4.4),(7.7,8.8)); 100
((11.11,4.4),(7.7,9.9)); 100
((11.11,4.4),(8.8,9.9)); 100
((11.11,5.5),(2.2,3.3)); 100
((11.11,5.5),(2.2,4.4)); 100
((11.11,5.5),(3.3,4.4)); 100
((11.11,5.5),(7.7,8.8)); 98
((11.11,5.5),(7.7,9.9)); 27
((11.11,5.5),(8.8,9.9)); 27
((11.11,6.6),(2.2,3.3)); 100
((11.11,6.6),(2.2,4.4)); 100
((11.11,6.6),(3.3,4.4)); 100
((11.11,6.6),(7.7,8.8)); 98
((11.11,6.6),(7.7,9.9)); 27
((11.11,6.6),(8.8,9.9)); 27
((11.11,7.7),(2.2,3.3)); 100
((11.11,7.7),(2.2,4.4)); 100
((11.11,7.7),(3.3,4.4)); 100
((11.11,7.7),(5.5,6.6)); 100
((11.11,7.7),(5.5,8.8)); 1
((11.11,7.7),(5.5,9.9)); 24
((11.11,7.7),(6.6,8.8)); 1
((11.11,7.7),(6.6,9.9)); 24
((11.11,8.8),(2.2,3.3)); 100
((11.11,8.8),(2.2,4.4)); 100
((11.11,8.8),(3.3,4.4)); 100
((11.11,8.8),(5.5,6.6)); 100
((11.11,8.8),(5.5,7.7)); 1
((11.11,8.8),(5.5,9.9)); 25
((11.11,8.8),(6.6,7.7)); 1
((11.11,8.8),(6.6,9.9)); 25
((11.11,8.8),(7.7,9.9)); 1
((11.11,9.9),(2.2,3.3)); 100
((11.11,9.9),(2.2,4.4)); 100
((11.11,9.9),(3.3,4.4)); 100
((11.11,9.9),(5.5,6.6)); 100
((11.11,9.9),(5.5,7.7)); 49
((11.11,9.9),(5.5,8.8)); 48
((11.11,9.9),(6.6,7.7)); 49
((11.11,9.9),(6.6,8.8)); 48
((11.11,9.9),(7.7,8.8)); 99
((2.2,3.3),(4.4,5.5)); 86
((2.2,3.3),(4.4,6.6)); 86
((2.2,3.3),(4.4,7.7)); 86
((2.2,3.3),(4.4,8.8)); 86
((2.2,3.3),(4.4,9.9)); 86
((2.2,3.3),(5.5,6.6)); 100
((2.2,3.3),(5.5,7.7)); 100
((2.2,3.3),(5.5,8.8)); 100
((2.2,3.3),(5.5,9.9)); 100
((2.2,3.3),(6.6,7.7)); 100
((2.2,3.3),(6.6,8.8)); 100
((2.2,3.3),(6.6,9.9)); 100
((2.2,3.3),(7.7,8.8)); 100
((2.2,3.3),(7.7,9.9)); 100
((2.2,3.3),(8.8,9.9)); 100
((2.2,4.4),(3.3,5.5)); 4
((2.2,4.4),(3.3,6.6)); 4
((2.2,4.4),(3.3,7.7)); 4
((2.2,4.4),(3.3,8.8)); 4
((2.2,4.4),(3.3,9.9)); 4
((2.2,4.4),(5.5,6.6)); 100
((2.2,4.4),(5.5,7.7)); 100
((2.2,4.4),(5.5,8.8)); 100
((2.2,4.4),(5.5,9.9)); 100
((2.2,4.4),(6.6,7.7)); 100
((2.2,4.4),(6.6,8.8)); 100
((2.2,4.4),(6.6,9.9)); 100
((2.2,4.4),(7.7,8.8)); 100
((2.2,4.4),(7.7,9.9)); 100
((2.2,4.4),(8.8,9.9)); 100
((2.2,5.5),(3.3,4.4)); 10
((2.2,5.5),(7.7,8.8)); 98
((2.2,5.5),(7.7,9.9)); 27
((2.2,5.5),(8.8,9.9)); 27
((2.2,6.6),(3.3,4.4)); 10
((2.2,6.6),(7.7,8.8)); 98
((2.2,6.6),(7.7,9.9)); 27
((2.2,6.6),(8.8,9.9)); 27
((2.2,7.7),(3.3,4.4)); 10
((2.2,7.7),(5.5,6.6)); 100
((2.2,7.7),(5.5,8.8)); 1
((2.2,7.7),(5.5,9.9)); 24
((2.2,7.7),(6.6,8.8)); 1
((2.2,7.7),(6.6,9.9)); 24
((2.2,8.8),(3.3,4.4)); 10
((2.2,8.8),(5.5,6.6)); 100
((2.2,8.8),(5.5,7.7)); 1
((2.2,8.8),(5.5,9.9)); 25
((2.2,8.8),(6.6,7.7)); 1
((2.2,8.8),(6.6,9.9)); 25
((2.2,8.8),(7.7,9.9)); 1
((2.2,9.9),(3.3,4.4)); 10
((2.2,9.9),(5.5,6.6)); 100
((2.2,9.9),(5.5,7.7)); 49
((2.2,9.9),(5.5,8.8)); 48
((2.2,9.9),(6.6,7.7)); 49
((2.2,9.9),(6.6,8.8)); 48
((2.2,9.9),(7.7,8.8)); 99
((3.3,4.4),(5.5,6.6)); 100
((3.3,4.4),(5.5,7.7)); 100
((3.3,4.4),(5.5,8.8)); 100
((3.3,4.4),(5.5,9.9)); 100
((3.3,4.4),(6.6,7.7)); 100
((3.3,4.4),(6.6,8.8)); 100
((3.3,4.4),(6.6,9.9)); 100
((3.3,4.4),(7.7,8.8)); 100
((3.3,4.4),(7.7,9.9)); 100
((3.3,4.4),(8.8,9.9)); 100
((3.3,5.5),(7.7,8.8)); 98
((3.3,5.5),(7.7,9.9)); 27
((3.3,5.5),(8.8,9.9)); 27
((3.3,6.6),(7.7,8.8)); 98
((3.3,6.6),(7.7,9.9)); 27
((3.3,6.6),(8.8,9.9)); 27
((3.3,7.7),(5.5,6.6)); 100
((3.3,7.7),(5.5,8.8)); 1
((3.3,7.7),(5.5,9.9)); 24
((3.3,7.7),(6.6,8.8)); 1
((3.3,7.7),(6.6,9.9)); 24
((3.3,8.8),(5.5,6.6)); 100
((3.3,8.8),(5.5,7.7)); 1
((3.3,8.8),(5.5,9.9)); 25
((3.3,8.8),(6.6,7.7)); 1
((3.3,8.8),(6.6,9.9)); 25
((3.3,8.8),(7.7,9.9)); 1
((3.3,9.9),(5.5,6.6)); 100
((3.3,9.9),(5.5,7.7)); 49
((3.3,9.9),(5.5,8.8)); 48
((3.3,9.9),(6.6,7.7)); 49
((3.3,9.9),(6.6,8.8)); 48
((3.3,9.9),(7.7,8.8)); 99
((4.4,5.5),(7.7,8.8)); 98
((4.4,5.5),(7.7,9.9)); 27
((4.4,5.5),(8.8,9.9)); 27
((4.4,6.6),(7.7,8.8)); 98
((4.4,6.6),(7.7,9.9)); 27
((4.4,6.6),(8.8,9.9)); 27
((4.4,7.7),(5.5,6.6)); 100
((4.4,7.7),(5.5,8.8)); 1
((4.4,7.7),(5.5,9.9)); 24
((4.4,7.7),(6.6,8.8)); 1
((4.4,7.7),(6.6,9.9)); 24
((4.4,8.8),(5.5,6.6)); 100
((4.4,8.8),(5.5,7.7)); 1
((4.4,8.8),(5.5,9.9)); 25
((4.4,8.8),(6.6,7.7)); 1
((4.4,8.8),(6.6,9.9)); 25
((4.4,8.8),(7.7,9.9)); 1
((4.4,9.9),(5.5,6.6)); 100
((4.4,9.9),(5.5,7.7)); 49
((4.4,9.9),(5.5,8.8)); 48
((4.4,9.9),(6.6,7.7)); 49
((4.4,9.9),(6.6,8.8)); 48
((4.4,9.9),(7.7,8.8)); 99
((5.5,6.6),(7.7,8.8)); 100
((5.5,6.6),(7.7,9.9)); 100
((5.5,6.6),(8.8,9.9)); 100
((5.5,7.7),(8.8,9.9)); 1
((5.5,8.8),(7.7,9.9)); 1
((5.5,9.9),(7.7,8.8)); 98
((6.6,7.7),(8.8,9.9)); 1
((6.6,8.8),(7.7,9.9)); 1
((6.6,9.9),(7.7,8.8)); 98
