((1,10),(11,2)); 4
((1,10),(11,3)); 4
((1,10),(11,4)); 3
((1,10),(11,5)); 5
((1,10),(11,6)); 3
((1,10),(11,7)); 3
((1,10),(11,8)); 4
((1,10),(11,9)); 3
((1,10),(2,3)); 30
((1,10),(2,4)); 26
((1,10),(2,5)); 1
((1,10),(2,6)); 2
((1,10),(2,9)); 2
((1,10),(3,4)); 32
((1,10),(3,6)); 2
((1,10),(3,7)); 2
((1,10),(3,8)); 1
((1,10),(3,9)); 1
((1,10),(4,5)); 1
((1,10),(4,8)); 1
((1,10),(5,6)); 81
((1,10),(5,7)); 59
((1,10),(5,8)); 58
((1,10),(5,9)); 46
((1,10),(6,7)); 59
((1,10),(6,8)); 53
((1,10),(6,9)); 48
((1,10),(7,8)); 76
((1,10),(7,9)); 44
((1,10),(8,9)); 45
((1,11),(10,2)); 3
((1,11),(10,3)); 3
((1,11),(10,4)); 6
((1,11),(10,5)); 94
((1,11),(10,6)); 96
((1,11),(10,7)); 95
((1,11),(10,8)); 96
((1,11),(10,9)); 96
((1,11),(2,3)); 30
((1,11),(2,4)); 25
((1,11),(2,5)); 2
((1,11),(2,6)); 4
((1,11),(2,7)); 2
((1,11),(2,8)); 3
((1,11),(2,9)); 4
((1,11),(3,4)); 33
((1,11),(3,5)); 2
((1,11),(3,6)); 3
((1,11),(3,7)); 3
((1,11),(3,8)); 3
((1,11),(3,9)); 3
((1,11),(4,5)); 3
((1,11),(4,6)); 4
((1,11),(4,7)); 4
((1,11),(4,8)); 5
((1,11),(4,9)); 4
((1,11),(5,6)); 97
((1,11),(5,7)); 96
((1,11),(5,8)); 96
((1,11),(5,9)); 96
((1,11),(6,7)); 96
((1,11),(6,8)); 97
((1,11),(6,9)); 99
((1,11),(7,8)); 98
((1,11),(7,9)); 96
((1,11),(8,9)); 97
((1,2),(10,11)); 93
((1,2),(10,3)); 45
((1,2),(10,4)); 46
((1,2),(10,5)); 98
((1,2),(10,6)); 98
((1,2),(10,7)); 99
((1,2),(10,8)); 100
((1,2),(10,9)); 96
((1,2),(11,3)); 43
((1,2),(11,4)); 45
((1,2),(11,5)); 95
((1,2),(11,6)); 93
((1,2),(11,7)); 93
((1,2),(11,8)); 93
((1,2),(11,9)); 93
((1,2),(3,4)); 42
((1,2),(3,5)); 44
((1,2),(3,6)); 44
((1,2),(3,7)); 45
((1,2),(3,8)); 45
((1,2),(3,9)); 43
((1,2),(4,5)); 44
((1,2),(4,6)); 44
((1,2),(4,7)); 45
((1,2),(4,8)); 46
((1,2),(4,9)); 42
((1,2),(5,6)); 98
((1,2),(5,7)); 98
((1,2),(5,8)); 98
((1,2),(5,9)); 97
((1,2),(6,7)); 97
((1,2),(6,8)); 98
((1,2),(6,9)); 97
((1,2),(7,8)); 99
((1,2),(7,9)); 96
((1,2),(8,9)); 96
((1,3),(10,11)); 93
((1,3),(10,2)); 25
((1,3),(10,4)); 37
((1,3),(10,5)); 99
((1,3),(10,6)); 97
((1,3),(10,7)); 98
((1,3),(10,8)); 99
((1,3),(10,9)); 97
((1,3),(11,2)); 27
((1,3),(11,4)); 37
((1,3),(11,5)); 94
((1,3),(11,6)); 93
((1,3),(11,7)); 93
((1,3),(11,8)); 93
((1,3),(11,9)); 93
((1,3),(2,4)); 24
((1,3),(2,5)); 26
((1,3),(2,6)); 27
((1,3),(2,7)); 25
((1,3),(2,8)); 25
((1,3),(2,9)); 27
((1,3),(4,5)); 37
((1,3),(4,6)); 35
((1,3),(4,7)); 36
((1,3),(4,8)); 37
((1,3),(4,9)); 35
((1,3),(5,6)); 98
((1,3),(5,7)); 98
((1,3),(5,8)); 99
((1,3),(5,9)); 98
((1,3),(6,7)); 98
((1,3),(6,8)); 97
((1,3),(6,9)); 99
((1,3),(7,8)); 98
((1,3),(7,9)); 97
((1,3),(8,9)); 97
((1,4),(10,11)); 91
((1,4),(10,2)); 28
((1,4),(10,3)); 31
((1,4),(10,5)); 96
((1,4),(10,6)); 97
((1,4),(10,7)); 97
((1,4),(10,8)); 98
((1,4),(10,9)); 96
((1,4),(11,2)); 30
((1,4),(11,3)); 30
((1,4),(11,5)); 94
((1,4),(11,6)); 92
((1,4),(11,7)); 91
((1,4),(11,8)); 92
((1,4),(11,9)); 92
((1,4),(2,3)); 34
((1,4),(2,5)); 29
((1,4),(2,6)); 30
((1,4),(2,7)); 28
((1,4),(2,8)); 28
((1,4),(2,9)); 30
((1,4),(3,5)); 30
((1,4),(3,6)); 32
((1,4),(3,7)); 32
((1,4),(3,8)); 31
((1,4),(3,9)); 31
((1,4),(5,6)); 97
((1,4),(5,7)); 96
((1,4),(5,8)); 97
((1,4),(5,9)); 97
((1,4),(6,7)); 97
((1,4),(6,8)); 96
((1,4),(6,9)); 98
((1,4),(7,8)); 97
((1,4),(7,9)); 96
((1,4),(8,9)); 96
((1,5),(10,11)); 1
((1,5),(10,2)); 1
((1,5),(10,3)); 1
((1,5),(10,4)); 3
((1,5),(10,6)); 8
((1,5),(10,7)); 22
((1,5),(10,8)); 24
((1,5),(10,9)); 32
((1,5),(11,2)); 3
((1,5),(11,3)); 4
((1,5),(11,4)); 3
((1,5),(11,6)); 1
((1,5),(11,7)); 1
((1,5),(11,8)); 2
((1,5),(11,9)); 1
((1,5),(2,3)); 30
((1,5),(2,4)); 27
((1,5),(2,6)); 2
((1,5),(2,8)); 1
((1,5),(2,9)); 2
((1,5),(3,4)); 33
((1,5),(3,6)); 2
((1,5),(3,7)); 2
((1,5),(3,8)); 1
((1,5),(3,9)); 1
((1,5),(4,6)); 1
((1,5),(4,7)); 1
((1,5),(4,8)); 2
((1,5),(4,9)); 1
((1,5),(6,7)); 20
((1,5),(6,8)); 16
((1,5),(6,9)); 12
((1,5),(7,8)); 68
((1,5),(7,9)); 25
((1,5),(8,9)); 28
((1,6),(10,11)); 1
((1,6),(10,3)); 1
((1,6),(10,4)); 3
((1,6),(10,5)); 11
((1,6),(10,7)); 23
((1,6),(10,8)); 27
((1,6),(10,9)); 28
((1,6),(11,2)); 3
((1,6),(11,3)); 4
((1,6),(11,4)); 4
((1,6),(11,5)); 2
((1,6),(11,7)); 2
((1,6),(11,8)); 2
((1,6),(2,3)); 29
((1,6),(2,4)); 26
((1,6),(3,4)); 33
((1,6),(3,7)); 1
((1,6),(3,8)); 1
((1,6),(4,5)); 2
((1,6),(4,7)); 2
((1,6),(4,8)); 4
((1,6),(5,7)); 11
((1,6),(5,8)); 17
((1,6),(5,9)); 10
((1,6),(7,8)); 71
((1,6),(7,9)); 26
((1,6),(8,9)); 29
((1,7),(10,11)); 2
((1,7),(10,2)); 1
((1,7),(10,4)); 3
((1,7),(10,5)); 19
((1,7),(10,6)); 18
((1,7),(10,8)); 14
((1,7),(10,9)); 31
((1,7),(11,2)); 5
((1,7),(11,3)); 4
((1,7),(11,4)); 5
((1,7),(11,5)); 3
((1,7),(11,6)); 2
((1,7),(11,8)); 2
((1,7),(11,9)); 2
((1,7),(2,3)); 30
((1,7),(2,4)); 27
((1,7),(2,5)); 2
((1,7),(2,6)); 3
((1,7),(2,8)); 1
((1,7),(2,9)); 3
((1,7),(3,4)); 32
((1,7),(3,6)); 1
((1,7),(3,9)); 1
((1,7),(4,5)); 3
((1,7),(4,6)); 1
((1,7),(4,8)); 3
((1,7),(4,9)); 1
((1,7),(5,6)); 69
((1,7),(5,8)); 21
((1,7),(5,9)); 28
((1,7),(6,8)); 13
((1,7),(6,9)); 27
((1,7),(8,9)); 15
((1,8),(10,4)); 1
((1,8),(10,5)); 18
((1,8),(10,6)); 20
((1,8),(10,7)); 10
((1,8),(10,9)); 29
((1,8),(11,2)); 4
((1,8),(11,3)); 4
((1,8),(11,4)); 3
((1,8),(11,5)); 2
((1,8),(11,6)); 1
((1,8),(11,9)); 1
((1,8),(2,3)); 30
((1,8),(2,4)); 26
((1,8),(2,5)); 1
((1,8),(2,6)); 2
((1,8),(2,9)); 2
((1,8),(3,4)); 32
((1,8),(3,6)); 2
((1,8),(3,7)); 2
((1,8),(3,9)); 1
((1,8),(4,5)); 1
((1,8),(5,6)); 67
((1,8),(5,7)); 11
((1,8),(5,9)); 25
((1,8),(6,7)); 16
((1,8),(6,9)); 26
((1,8),(7,9)); 13
((1,9),(10,11)); 1
((1,9),(10,2)); 2
((1,9),(10,3)); 2
((1,9),(10,4)); 4
((1,9),(10,5)); 22
((1,9),(10,6)); 24
((1,9),(10,7)); 25
((1,9),(10,8)); 26
((1,9),(11,2)); 3
((1,9),(11,3)); 4
((1,9),(11,4)); 4
((1,9),(11,5)); 3
((1,9),(11,6)); 1
((1,9),(11,7)); 2
((1,9),(11,8)); 2
((1,9),(2,3)); 30
((1,9),(2,4)); 28
((1,9),(2,5)); 1
((1,9),(2,6)); 3
((1,9),(2,7)); 1
((1,9),(2,8)); 2
((1,9),(3,4)); 34
((1,9),(3,5)); 1
((1,9),(3,6)); 1
((1,9),(3,7)); 2
((1,9),(3,8)); 2
((1,9),(4,5)); 2
((1,9),(4,6)); 2
((1,9),(4,7)); 3
((1,9),(4,8)); 4
((1,9),(5,6)); 78
((1,9),(5,7)); 47
((1,9),(5,8)); 47
((1,9),(6,7)); 47
((1,9),(6,8)); 45
((1,9),(7,8)); 72
((10,11),(2,3)); 93
((10,11),(2,4)); 92
((10,11),(2,5)); 1
((10,11),(2,6)); 1
((10,11),(2,7)); 1
((10,11),(2,9)); 1
((10,11),(3,4)); 92
((10,11),(3,5)); 1
((10,11),(3,6)); 2
((10,11),(3,7)); 4
((10,11),(3,8)); 1
((10,11),(3,9)); 1
((10,11),(4,5)); 2
((10,11),(4,8)); 1
((10,11),(5,6)); 81
((10,11),(5,7)); 59
((10,11),(5,8)); 57
((10,11),(5,9)); 45
((10,11),(6,7)); 60
((10,11),(6,8)); 53
((10,11),(6,9)); 47
((10,11),(7,8)); 76
((10,11),(7,9)); 45
((10,11),(8,9)); 45
((10,2),(11,3)); 3
((10,2),(11,4)); 2
((10,2),(11,5)); 5
((10,2),(11,6)); 3
((10,2),(11,7)); 4
((10,2),(11,8)); 4
((10,2),(11,9)); 5
((10,2),(3,4)); 28
((10,2),(3,5)); 1
((10,2),(3,6)); 1
((10,2),(3,7)); 3
((10,2),(3,8)); 1
((10,2),(3,9)); 1
((10,2),(4,5)); 1
((10,2),(4,8)); 1
((10,2),(5,6)); 81
((10,2),(5,7)); 60
((10,2),(5,8)); 58
((10,2),(5,9)); 47
((10,2),(6,7)); 59
((10,2),(6,8)); 53
((10,2),(6,9)); 47
((10,2),(7,8)); 76
((10,2),(7,9)); 45
((10,2),(8,9)); 45
((10,3),(11,2)); 4
((10,3),(11,4)); 4
((10,3),(11,5)); 5
((10,3),(11,6)); 3
((10,3),(11,7)); 3
((10,3),(11,8)); 4
((10,3),(11,9)); 4
((10,3),(2,4)); 30
((10,3),(2,5)); 1
((10,3),(2,6)); 2
((10,3),(2,9)); 3
((10,3),(4,5)); 2
((10,3),(4,6)); 1
((10,3),(4,8)); 1
((10,3),(4,9)); 1
((10,3),(5,6)); 81
((10,3),(5,7)); 59
((10,3),(5,8)); 58
((10,3),(5,9)); 46
((10,3),(6,7)); 59
((10,3),(6,8)); 53
((10,3),(6,9)); 48
((10,3),(7,8)); 75
((10,3),(7,9)); 44
((10,3),(8,9)); 45
((10,4),(11,2)); 6
((10,4),(11,3)); 4
((10,4),(11,5)); 5
((10,4),(11,6)); 5
((10,4),(11,7)); 6
((10,4),(11,8)); 4
((10,4),(11,9)); 6
((10,4),(2,3)); 42
((10,4),(2,5)); 3
((10,4),(2,6)); 3
((10,4),(2,7)); 3
((10,4),(2,8)); 1
((10,4),(2,9)); 4
((10,4),(3,5)); 2
((10,4),(3,6)); 2
((10,4),(3,7)); 4
((10,4),(3,8)); 2
((10,4),(3,9)); 3
((10,4),(5,6)); 82
((10,4),(5,7)); 61
((10,4),(5,8)); 58
((10,4),(5,9)); 48
((10,4),(6,7)); 60
((10,4),(6,8)); 54
((10,4),(6,9)); 49
((10,4),(7,8)); 77
((10,4),(7,9)); 47
((10,4),(8,9)); 46
((10,5),(11,2)); 94
((10,5),(11,3)); 94
((10,5),(11,4)); 93
((10,5),(11,6)); 10
((10,5),(11,7)); 18
((10,5),(11,8)); 20
((10,5),(11,9)); 21
((10,5),(2,3)); 98
((10,5),(2,4)); 96
((10,5),(2,6)); 11
((10,5),(2,7)); 18
((10,5),(2,8)); 18
((10,5),(2,9)); 22
((10,5),(3,4)); 96
((10,5),(3,6)); 11
((10,5),(3,7)); 20
((10,5),(3,8)); 19
((10,5),(3,9)); 22
((10,5),(4,6)); 9
((10,5),(4,7)); 16
((10,5),(4,8)); 19
((10,5),(4,9)); 20
((10,5),(6,7)); 19
((10,5),(6,8)); 16
((10,5),(6,9)); 10
((10,5),(7,8)); 70
((10,5),(7,9)); 25
((10,5),(8,9)); 24
((10,6),(11,2)); 96
((10,6),(11,3)); 95
((10,6),(11,4)); 95
((10,6),(11,5)); 9
((10,6),(11,7)); 18
((10,6),(11,8)); 21
((10,6),(11,9)); 24
((10,6),(2,3)); 97
((10,6),(2,4)); 97
((10,6),(2,5)); 8
((10,6),(2,7)); 18
((10,6),(2,8)); 20
((10,6),(2,9)); 24
((10,6),(3,4)); 97
((10,6),(3,5)); 8
((10,6),(3,7)); 19
((10,6),(3,8)); 21
((10,6),(3,9)); 23
((10,6),(4,5)); 9
((10,6),(4,7)); 18
((10,6),(4,8)); 20
((10,6),(4,9)); 23
((10,6),(5,7)); 12
((10,6),(5,8)); 15
((10,6),(5,9)); 8
((10,6),(7,8)); 71
((10,6),(7,9)); 24
((10,6),(8,9)); 25
((10,7),(11,2)); 95
((10,7),(11,3)); 93
((10,7),(11,4)); 94
((10,7),(11,5)); 23
((10,7),(11,6)); 22
((10,7),(11,8)); 11
((10,7),(11,9)); 24
((10,7),(2,3)); 97
((10,7),(2,4)); 97
((10,7),(2,5)); 22
((10,7),(2,6)); 23
((10,7),(2,8)); 10
((10,7),(2,9)); 25
((10,7),(3,4)); 96
((10,7),(3,5)); 21
((10,7),(3,6)); 22
((10,7),(3,8)); 10
((10,7),(3,9)); 23
((10,7),(4,5)); 23
((10,7),(4,6)); 22
((10,7),(4,8)); 11
((10,7),(4,9)); 23
((10,7),(5,6)); 69
((10,7),(5,8)); 18
((10,7),(5,9)); 27
((10,7),(6,8)); 12
((10,7),(6,9)); 26
((10,7),(8,9)); 9
((10,8),(11,2)); 96
((10,8),(11,3)); 95
((10,8),(11,4)); 95
((10,8),(11,5)); 23
((10,8),(11,6)); 26
((10,8),(11,7)); 13
((10,8),(11,9)); 25
((10,8),(2,3)); 99
((10,8),(2,4)); 98
((10,8),(2,5)); 24
((10,8),(2,6)); 27
((10,8),(2,7)); 14
((10,8),(2,9)); 26
((10,8),(3,4)); 97
((10,8),(3,5)); 23
((10,8),(3,6)); 26
((10,8),(3,7)); 15
((10,8),(3,9)); 25
((10,8),(4,5)); 23
((10,8),(4,6)); 26
((10,8),(4,7)); 12
((10,8),(4,9)); 24
((10,8),(5,6)); 69
((10,8),(5,7)); 12
((10,8),(5,9)); 26
((10,8),(6,7)); 17
((10,8),(6,9)); 28
((10,8),(7,9)); 14
((10,9),(11,2)); 94
((10,9),(11,3)); 95
((10,9),(11,4)); 94
((10,9),(11,5)); 34
((10,9),(11,6)); 29
((10,9),(11,7)); 31
((10,9),(11,8)); 30
((10,9),(2,3)); 96
((10,9),(2,4)); 96
((10,9),(2,5)); 31
((10,9),(2,6)); 29
((10,9),(2,7)); 30
((10,9),(2,8)); 29
((10,9),(3,4)); 96
((10,9),(3,5)); 32
((10,9),(3,6)); 29
((10,9),(3,7)); 33
((10,9),(3,8)); 30
((10,9),(4,5)); 32
((10,9),(4,6)); 28
((10,9),(4,7)); 30
((10,9),(4,8)); 30
((10,9),(5,6)); 82
((10,9),(5,7)); 48
((10,9),(5,8)); 50
((10,9),(6,7)); 50
((10,9),(6,8)); 47
((10,9),(7,8)); 77
((11,2),(3,4)); 29
((11,2),(3,5)); 3
((11,2),(3,6)); 3
((11,2),(3,7)); 5
((11,2),(3,8)); 4
((11,2),(3,9)); 2
((11,2),(4,5)); 3
((11,2),(4,6)); 4
((11,2),(4,7)); 4
((11,2),(4,8)); 5
((11,2),(4,9)); 2
((11,2),(5,6)); 97
((11,2),(5,7)); 96
((11,2),(5,8)); 96
((11,2),(5,9)); 95
((11,2),(6,7)); 96
((11,2),(6,8)); 97
((11,2),(6,9)); 96
((11,2),(7,8)); 98
((11,2),(7,9)); 95
((11,2),(8,9)); 95
((11,3),(2,4)); 31
((11,3),(2,5)); 2
((11,3),(2,6)); 4
((11,3),(2,7)); 2
((11,3),(2,8)); 3
((11,3),(2,9)); 4
((11,3),(4,5)); 2
((11,3),(4,6)); 2
((11,3),(4,7)); 1
((11,3),(4,8)); 3
((11,3),(4,9)); 2
((11,3),(5,6)); 96
((11,3),(5,7)); 95
((11,3),(5,8)); 96
((11,3),(5,9)); 95
((11,3),(6,7)); 96
((11,3),(6,8)); 96
((11,3),(6,9)); 98
((11,3),(7,8)); 96
((11,3),(7,9)); 95
((11,3),(8,9)); 96
((11,4),(2,3)); 40
((11,4),(2,5)); 2
((11,4),(2,6)); 3
((11,4),(2,7)); 3
((11,4),(2,8)); 2
((11,4),(2,9)); 3
((11,4),(3,5)); 3
((11,4),(3,6)); 5
((11,4),(3,7)); 7
((11,4),(3,8)); 4
((11,4),(3,9)); 4
((11,4),(5,6)); 96
((11,4),(5,7)); 95
((11,4),(5,8)); 95
((11,4),(5,9)); 95
((11,4),(6,7)); 97
((11,4),(6,8)); 95
((11,4),(6,9)); 97
((11,4),(7,8)); 97
((11,4),(7,9)); 96
((11,4),(8,9)); 95
((11,5),(2,3)); 95
((11,5),(2,4)); 95
((11,5),(2,6)); 2
((11,5),(2,7)); 3
((11,5),(2,8)); 2
((11,5),(2,9)); 3
((11,5),(3,4)); 95
((11,5),(3,6)); 3
((11,5),(3,7)); 4
((11,5),(3,8)); 2
((11,5),(3,9)); 3
((11,5),(4,6)); 2
((11,5),(4,7)); 3
((11,5),(4,8)); 2
((11,5),(4,9)); 3
((11,5),(6,7)); 21
((11,5),(6,8)); 15
((11,5),(6,9)); 12
((11,5),(7,8)); 69
((11,5),(7,9)); 27
((11,5),(8,9)); 28
((11,6),(2,3)); 93
((11,6),(2,4)); 93
((11,6),(2,5)); 1
((11,6),(2,7)); 1
((11,6),(2,8)); 1
((11,6),(2,9)); 1
((11,6),(3,4)); 93
((11,6),(3,5)); 1
((11,6),(3,7)); 2
((11,6),(3,8)); 1
((11,6),(3,9)); 1
((11,6),(4,5)); 2
((11,6),(4,7)); 1
((11,6),(4,8)); 3
((11,6),(4,9)); 1
((11,6),(5,7)); 10
((11,6),(5,8)); 16
((11,6),(5,9)); 10
((11,6),(7,8)); 70
((11,6),(7,9)); 27
((11,6),(8,9)); 30
((11,7),(2,3)); 93
((11,7),(2,4)); 93
((11,7),(2,5)); 1
((11,7),(2,6)); 3
((11,7),(2,8)); 1
((11,7),(2,9)); 3
((11,7),(3,4)); 92
((11,7),(3,5)); 1
((11,7),(3,6)); 2
((11,7),(3,9)); 2
((11,7),(4,5)); 2
((11,7),(4,6)); 2
((11,7),(4,8)); 2
((11,7),(4,9)); 2
((11,7),(5,6)); 69
((11,7),(5,8)); 19
((11,7),(5,9)); 27
((11,7),(6,8)); 13
((11,7),(6,9)); 26
((11,7),(8,9)); 15
((11,8),(2,3)); 93
((11,8),(2,4)); 93
((11,8),(2,5)); 2
((11,8),(2,6)); 2
((11,8),(2,7)); 1
((11,8),(2,9)); 2
((11,8),(3,4)); 93
((11,8),(3,5)); 2
((11,8),(3,6)); 3
((11,8),(3,7)); 4
((11,8),(3,9)); 2
((11,8),(4,5)); 3
((11,8),(4,6)); 2
((11,8),(4,7)); 1
((11,8),(4,9)); 2
((11,8),(5,6)); 69
((11,8),(5,7)); 12
((11,8),(5,9)); 26
((11,8),(6,7)); 17
((11,8),(6,9)); 25
((11,8),(7,9)); 14
((11,9),(2,3)); 94
((11,9),(2,4)); 95
((11,9),(2,5)); 2
((11,9),(2,6)); 3
((11,9),(2,7)); 2
((11,9),(2,8)); 3
((11,9),(3,4)); 94
((11,9),(3,5)); 2
((11,9),(3,6)); 1
((11,9),(3,7)); 3
((11,9),(3,8)); 2
((11,9),(4,5)); 2
((11,9),(4,6)); 2
((11,9),(4,7)); 2
((11,9),(4,8)); 3
((11,9),(5,6)); 78
((11,9),(5,7)); 46
((11,9),(5,8)); 46
((11,9),(6,7)); 47
((11,9),(6,8)); 45
((11,9),(7,8)); 71
((2,3),(4,5)); 41
((2,3),(4,6)); 40
((2,3),(4,7)); 40
((2,3),(4,8)); 42
((2,3),(4,9)); 39
((2,3),(5,6)); 97
((2,3),(5,7)); 97
((2,3),(5,8)); 98
((2,3),(5,9)); 97
((2,3),(6,7)); 97
((2,3),(6,8)); 97
((2,3),(6,9)); 97
((2,3),(7,8)); 97
((2,3),(7,9)); 96
((2,3),(8,9)); 96
((2,4),(3,5)); 30
((2,4),(3,6)); 30
((2,4),(3,7)); 32
((2,4),(3,8)); 30
((2,4),(3,9)); 30
((2,4),(5,6)); 97
((2,4),(5,7)); 97
((2,4),(5,8)); 97
((2,4),(5,9)); 98
((2,4),(6,7)); 97
((2,4),(6,8)); 96
((2,4),(6,9)); 97
((2,4),(7,8)); 97
((2,4),(7,9)); 97
((2,4),(8,9)); 96
((2,5),(3,4)); 29
((2,5),(3,6)); 1
((2,5),(3,7)); 3
((2,5),(3,8)); 1
((2,5),(4,6)); 1
((2,5),(4,7)); 1
((2,5),(4,8)); 2
((2,5),(6,7)); 20
((2,5),(6,8)); 16
((2,5),(6,9)); 10
((2,5),(7,8)); 68
((2,5),(7,9)); 25
((2,5),(8,9)); 27
((2,6),(3,4)); 30
((2,6),(3,5)); 2
((2,6),(3,7)); 3
((2,6),(3,8)); 2
((2,6),(3,9)); 2
((2,6),(4,5)); 2
((2,6),(4,7)); 2
((2,6),(4,8)); 4
((2,6),(4,9)); 1
((2,6),(5,7)); 12
((2,6),(5,8)); 17
((2,6),(5,9)); 12
((2,6),(7,8)); 71
((2,6),(7,9)); 28
((2,6),(8,9)); 30
((2,7),(3,4)); 28
((2,7),(4,5)); 2
((2,7),(4,6)); 1
((2,7),(4,8)); 3
((2,7),(5,6)); 68
((2,7),(5,8)); 20
((2,7),(5,9)); 27
((2,7),(6,8)); 13
((2,7),(6,9)); 25
((2,7),(8,9)); 14
((2,8),(3,4)); 28
((2,8),(3,5)); 1
((2,8),(3,6)); 1
((2,8),(3,7)); 3
((2,8),(3,9)); 1
((2,8),(4,5)); 1
((2,8),(5,6)); 67
((2,8),(5,7)); 12
((2,8),(5,9)); 26
((2,8),(6,7)); 16
((2,8),(6,9)); 25
((2,8),(7,9)); 14
((2,9),(3,4)); 31
((2,9),(3,5)); 3
((2,9),(3,6)); 1
((2,9),(3,7)); 4
((2,9),(3,8)); 3
((2,9),(4,5)); 2
((2,9),(4,6)); 2
((2,9),(4,7)); 3
((2,9),(4,8)); 4
((2,9),(5,6)); 78
((2,9),(5,7)); 48
((2,9),(5,8)); 47
((2,9),(6,7)); 47
((2,9),(6,8)); 45
((2,9),(7,8)); 72
((3,4),(5,6)); 97
((3,4),(5,7)); 96
((3,4),(5,8)); 97
((3,4),(5,9)); 97
((3,4),(6,7)); 97
((3,4),(6,8)); 96
((3,4),(6,9)); 98
((3,4),(7,8)); 96
((3,4),(7,9)); 96
((3,4),(8,9)); 96
((3,5),(4,6)); 1
((3,5),(4,8)); 1
((3,5),(4,9)); 1
((3,5),(6,7)); 20
((3,5),(6,8)); 16
((3,5),(6,9)); 12
((3,5),(7,8)); 67
((3,5),(7,9)); 25
((3,5),(8,9)); 28
((3,6),(4,5)); 2
((3,6),(4,7)); 1
((3,6),(4,8)); 3
((3,6),(4,9)); 1
((3,6),(5,7)); 11
((3,6),(5,8)); 17
((3,6),(5,9)); 11
((3,6),(7,8)); 70
((3,6),(7,9)); 26
((3,6),(8,9)); 30
((3,7),(4,5)); 4
((3,7),(4,6)); 2
((3,7),(4,8)); 4
((3,7),(4,9)); 3
((3,7),(5,6)); 69
((3,7),(5,8)); 22
((3,7),(5,9)); 29
((3,7),(6,8)); 14
((3,7),(6,9)); 27
((3,7),(8,9)); 17
((3,8),(4,5)); 2
((3,8),(4,6)); 1
((3,8),(4,9)); 1
((3,8),(5,6)); 67
((3,8),(5,7)); 11
((3,8),(5,9)); 25
((3,8),(6,7)); 16
((3,8),(6,9)); 26
((3,8),(7,9)); 13
((3,9),(4,5)); 2
((3,9),(4,6)); 1
((3,9),(4,7)); 1
((3,9),(4,8)); 3
((3,9),(5,6)); 77
((3,9),(5,7)); 46
((3,9),(5,8)); 47
((3,9),(6,7)); 47
((3,9),(6,8)); 44
((3,9),(7,8)); 70
((4,5),(6,7)); 21
((4,5),(6,8)); 16
((4,5),(6,9)); 12
((4,5),(7,8)); 69
((4,5),(7,9)); 27
((4,5),(8,9)); 28
((4,6),(5,7)); 11
((4,6),(5,8)); 16
((4,6),(5,9)); 11
((4,6),(7,8)); 70
((4,6),(7,9)); 27
((4,6),(8,9)); 29
((4,7),(5,6)); 68
((4,7),(5,8)); 19
((4,7),(5,9)); 27
((4,7),(6,8)); 12
((4,7),(6,9)); 26
((4,7),(8,9)); 14
((4,8),(5,6)); 68
((4,8),(5,7)); 12
((4,8),(5,9)); 26
((4,8),(6,7)); 18
((4,8),(6,9)); 28
((4,8),(7,9)); 16
((4,9),(5,6)); 77
((4,9),(5,7)); 46
((4,9),(5,8)); 46
((4,9),(6,7)); 47
((4,9),(6,8)); 43
((4,9),(7,8)); 70
((5,6),(7,8)); 83
((5,6),(7,9)); 66
((5,6),(8,9)); 69
((5,7),(6,8)); 6
((5,7),(6,9)); 16
((5,7),(8,9)); 15
((5,8),(6,7)); 11
((5,8),(6,9)); 17
((5,8),(7,9)); 20
((5,9),(6,7)); 18
((5,9),(6,8)); 14
((5,9),(7,8)); 65
((6,7),(8,9)); 18
((6,8),(7,9)); 14
((6,9),(7,8)); 68
