((1.1,10.10),(2.2,3.3)); 21
((1.1,10.10),(2.2,4.4)); 3
((1.1,10.10),(3.3,4.4)); 9
((1.1,10.10),(5.5,6.6)); 100
((1.1,10.10),(5.5,7.7)); 91
((1.1,10.10),(5.5,8.8)); 91
((1.1,10.10),(5.5,9.9)); 87
((1.1,10.10),(6.6,7.7)); 91
((1.1,10.10),(6.6,8.8)); 91
((1.1,10.10),(6.6,9.9)); 87
((1.1,10.10),(7.7,8.8)); 100
((1.1,10.10),(7.7,9.9)); 88
((1.1,10.10),(8.8,9.9)); 88
((1.1,11.11),(10.10,5.5)); 100
((1.1,11.11),(10.10,6.6)); 100
((1.1,11.11),(10.10,7.7)); 100
((1.1,11.11),(10.10,8.8)); 100
((1.1,11.11),(10.10,9.9)); 100
((1.1,11.11),(2.2,3.3)); 21
((1.1,11.11),(2.2,4.4)); 3
((1.1,11.11),(3.3,4.4)); 9
((1.1,11.11),(5.5,6.6)); 100
((1.1,11.11),(5.5,7.7)); 100
((1.1,11.11),(5.5,8.8)); 100
((1.1,11.11),(5.5,9.9)); 100
((1.1,11.11),(6.6,7.7)); 100
((1.1,11.11),(6.6,8.8)); 100
((1.1,11.11),(6.6,9.9)); 100
((1.1,11.11),(7.7,8.8)); 100
((1.1,11.11),(7.7,9.9)); 100
((1.1,11.11),(8.8,9.9)); 100
((1.1,2.2),(10.10,11.11)); 100
((1.1,2.2),(10.10,3.3)); 57
((1.1,2.2),(10.10,4.4)); 95
((1.1,2.2),(10.10,5.5)); 100
((1.1,2.2),(10.10,6.6)); 100
((1.1,2.2),(10.10,7.7)); 100
((1.1,2.2),(10.10,8.8)); 100
((1.1,2.2),(10.10,9.9)); 100
((1.1,2.2),(11.11,3.3)); 57
((1.1,2.2),(11.11,4.4)); 95
((1.1,2.2),(11.11,5.5)); 100
((1.1,2.2),(11.11,6.6)); 100
((1.1,2.2),(11.11,7.7)); 100
((1.1,2.2),(11.11,8.8)); 100
((1.1,2.2),(11.11,9.9)); 100
((1.1,2.2),(3.3,4.4)); 57
((1.1,2.2),(3.3,5.5)); 57
((1.1,2.2),(3.3,6.6)); 57
((1.1,2.2),(3.3,7.7)); 57
((1.1,2.2),(3.3,8.8)); 57
((1.1,2.2),(3.3,9.9)); 57
((1.1,2.2),(4.4,5.5)); 95
((1.1,2.2),(4.4,6.6)); 95
((1.1,2.2),(4.4,7.7)); 95
((1.1,2.2),(4.4,8.8)); 95
((1.1,2.2),(4.4,9.9)); 95
((1.1,2.2),(5.5,6.6)); 100
((1.1,2.2),(5.5,7.7)); 100
((1.1,2.2),(5.5,8.8)); 100
((1.1,2.2),(5.5,9.9)); 100
((1.1,2.2),(6.6,7.7)); 100
((1.1,2.2),(6.6,8.8)); 100
((1.1,2.2),(6.6,9.9)); 100
((1.1,2.2),(7.7,8.8)); 100
((1.1,2.2),(7.7,9.9)); 100
((1.1,2.2),(8.8,9.9)); 100
((1.1,3.3),(10.10,11.11)); 100
((1.1,3.3),(10.10,2.2)); 22
((1.1,3.3),(10.10,4.4)); 86
((1.1,3.3),(10.10,5.5)); 100
((1.1,3.3),(10.10,6.6)); 100
((1.1,3.3),(10.10,7.7)); 100
((1.1,3.3),(10.10,8.8)); 100
((1.1,3.3),(10.10,9.9)); 100
((1.1,3.3),(11.11,2.2)); 22
((1.1,3.3),(11.11,4.4)); 86
((1.1,3.3),(11.11,5.5)); 100
((1.1,3.3),(11.11,6.6)); 100
((1.1,3.3),(11.11,7.7)); 100
((1.1,3.3),(11.11,8.8)); 100
((1.1,3.3),(11.11,9.9)); 100
((1.1,3.3),(2.2,4.4)); 22
((1.1,3.3),(2.2,5.5)); 22
((1.1,3.3),(2.2,6.6)); 22
((1.1,3.3),(2.2,7.7)); 22
((1.1,3.3),(2.2,8.8)); 22
((1.1,3.3),(2.2,9.9)); 22
((1.1,3.3),(4.4,5.5)); 86
((1.1,3.3),(4.4,6.6)); 86
((1.1,3.3),(4.4,7.7)); 86
((1.1,3.3),(4.4,8.8)); 86
((1.1,3.3),(4.4,9.9)); 86
((1.1,3.3),(5.5,6.6)); 100
((1.1,3.3),(5.5,7.7)); 100
((1.1,3.3),(5.5,8.8)); 100
((1.1,3.3),(5.5,9.9)); 100
((1.1,3.3),(6.6,7.7)); 100
((1.1,3.3),(6.6,8.8)); 100
((1.1,3.3),(6.6,9.9)); 100
((1.1,3.3),(7.7,8.8)); 100
((1.1,3.3),(7.7,9.9)); 100
((1.1,3.3),(8.8,9.9)); 100
((1.1,4.4),(10.10,11.11)); 100
((1.1,4.4),(10.10,2.2)); 2
((1.1,4.4),(10.10,3.3)); 5
((1.1,4.4),(10.10,5.5)); 100
((1.1,4.4),(10.10,6.6)); 100
((1.1,4.4),(10.10,7.7)); 100
((1.1,4.4),(10.10,8.8)); 100
((1.1,4.4),(10.10,9.9)); 100
((1.1,4.4),(11.11,2.2)); 2
((1.1,4.4),(11.11,3.3)); 5
((1.1,4.4),(11.11,5.5)); 100
((1.1,4.4),(11.11,6.6)); 100
((1.1,4.4),(11.11,7.7)); 100
((1.1,4.4),(11.11,8.8)); 100
((1.1,4.4),(11.11,9.9)); 100
((1.1,4.4),(2.2,3.3)); 21
((1.1,4.4),(2.2,5.5)); 2
((1.1,4.4),(2.2,6.6)); 2
((1.1,4.4),(2.2,7.7)); 2
((1.1,4.4),(2.2,8.8)); 2
((1.1,4.4),(2.2,9.9)); 2
((1.1,4.4),(3.3,5.5)); 5
((1.1,4.4),(3.3,6.6)); 5
((1.1,4.4),(3.3,7.7)); 5
((1.1,4.4),(3.3,8.8)); 5
((1.1,4.4),(3.3,9.9)); 5
((1.1,4.4),(5.5,6.6)); 100
((1.1,4.4),(5.5,7.7)); 100
((1.1,4.4),(5.5,8.8)); 100
((1.1,4.4),(5.5,9.9)); 100
((1.1,4.4),(6.6,7.7)); 100
((1.1,4.4),(6.6,8.8)); 100
((1.1,4.4),(6.6,9.9)); 100
((1.1,4.4),(7.7,8.8)); 100
((1.1,4.4),(7.7,9.9)); 100
((1.1,4.4),(8.8,9.9)); 100
((1.1,5.5),(10.10,7.7)); 6
((1.1,5.5),(10.10,8.8)); 6
((1.1,5.5),(10.10,9.9)); 6
((1.1,5.5),(2.2,3.3)); 21
((1.1,5.5),(2.2,4.4)); 3
((1.1,5.5),(3.3,4.4)); 9
((1.1,5.5),(7.7,8.8)); 97
((1.1,5.5),(7.7,9.9)); 30
((1.1,5.5),(8.8,9.9)); 30
((1.1,6.6),(10.10,7.7)); 6
((1.1,6.6),(10.10,8.8)); 6
((1.1,6.6),(10.10,9.9)); 6
((1.1,6.6),(2.2,3.3)); 21
((1.1,6.6),(2.2,4.4)); 3
((1.1,6.6),(3.3,4.4)); 9
((1.1,6.6),(5.5,7.7)); 1
((1.1,6.6),(5.5,8.8)); 1
((1.1,6.6),(5.5,9.9)); 1
((1.1,6.6),(7.7,8.8)); 97
((1.1,6.6),(7.7,9.9)); 31
((1.1,6.6),(8.8,9.9)); 31
((1.1,7.7),(10.10,5.5)); 3
((1.1,7.7),(10.10,6.6)); 3
((1.1,7.7),(10.10,9.9)); 4
((1.1,7.7),(2.2,3.3)); 21
((1.1,7.7),(2.2,4.4)); 3
((1.1,7.7),(3.3,4.4)); 9
((1.1,7.7),(5.5,6.6)); 99
((1.1,7.7),(5.5,8.8)); 1
((1.1,7.7),(5.5,9.9)); 22
((1.1,7.7),(6.6,8.8)); 1
((1.1,7.7),(6.6,9.9)); 21
((1.1,7.7),(8.8,9.9)); 1
((1.1,8.8),(10.10,5.5)); 3
((1.1,8.8),(10.10,6.6)); 3
((1.1,8.8),(10.10,9.9)); 4
((1.1,8.8),(2.2,3.3)); 21
((1.1,8.8),(2.2,4.4)); 3
((1.1,8.8),(3.3,4.4)); 9
((1.1,8.8),(5.5,6.6)); 99
((1.1,8.8),(5.5,7.7)); 2
((1.1,8.8),(5.5,9.9)); 22
((1.1,8.8),(6.6,7.7)); 2
((1.1,8.8),(6.6,9.9)); 21
((1.1,8.8),(7.7,9.9)); 1
((1.1,9.9),(10.10,5.5)); 7
((1.1,9.9),(10.10,6.6)); 7
((1.1,9.9),(10.10,7.7)); 8
((1.1,9.9),(10.10,8.8)); 8
((1.1,9.9),(2.2,3.3)); 21
((1.1,9.9),(2.2,4.4)); 3
((1.1,9.9),(3.3,4.4)); 9
((1.1,9.9),(5.5,6.6)); 99
((1.1,9.9),(5.5,7.7)); 48
((1.1,9.9),(5.5,8.8)); 48
((1.1,9.9),(6.6,7.7)); 48
((1.1,9.9),(6.6,8.8)); 48
((1.1,9.9),(7.7,8.8)); 98
((10.10,11.11),(2.2,3.3)); 100
((10.10,11.11),(2.2,4.4)); 100
((10.10,11.11),(3.3,4.4)); 100
((10.10,11.11),(5.5,6.6)); 100
((10.10,11.11),(5.5,7.7)); 91
((10.10,11.11),(5.5,8.8)); 91
((10.10,11.11),(5.5,9.9)); 87
((10.10,11.11),(6.6,7.7)); 91
((10.10,11.11),(6.6,8.8)); 91
((10.10,11.11),(6.6,9.9)); 87
((10.10,11.11),(7.7,8.8)); 100
((10.10,11.11),(7.7,9.9)); 88
((10.10,11.11),(8.8,9.9)); 88
((10.10,2.2),(3.3,4.4)); 8
((10.10,2.2),(5.5,6.6)); 100
((10.10,2.2),(5.5,7.7)); 91
((10.10,2.2),(5.5,8.8)); 91
((10.10,2.2),(5.5,9.9)); 87
((10.10,2.2),(6.6,7.7)); 91
((10.10,2.2),(6.6,8.8)); 91
((10.10,2.2),(6.6,9.9)); 87
((10.10,2.2),(7.7,8.8)); 100
((10.10,2.2),(7.7,9.9)); 88
((10.10,2.2),(8.8,9.9)); 88
((10.10,3.3),(2.2,4.4)); 5
((10.10,3.3),(5.5,6.6)); 100
((10.10,3.3),(5.5,7.7)); 91
((10.10,3.3),(5.5,8.8)); 91
((10.10,3.3),(5.5,9.9)); 87
((10.10,3.3),(6.6,7.7)); 91
((10.10,3.3),(6.6,8.8)); 91
((10.10,3.3),(6.6,9.9)); 87
((10.10,3.3),(7.7,8.8)); 100
((10.10,3.3),(7.7,9.9)); 88
((10.10,3.3),(8.8,9.9)); 88
((10.10,4.4),(2.2,3.3)); 87
((10.10,4.4),(5.5,6.6)); 100
((10.10,4.4),(5.5,7.7)); 91
((10.10,4.4),(5.5,8.8)); 91
((10.10,4.4),(5.5,9.9)); 87
((10.10,4.4),(6.6,7.7)); 91
((10.10,4.4),(6.6,8.8)); 91
((10.10,4.4),(6.6,9.9)); 87
((10.10,4.4),(7.7,8.8)); 100
((10.10,4.4),(7.7,9.9)); 88
((10.10,4.4),(8.8,9.9)); 88
((10.10,5.5),(11.11,2.2)); 100
((10.10,5.5),(11.11,3.3)); 100
((10.10,5.5),(11.11,4.4)); 100
((10.10,5.5),(11.11,7.7)); 3
((10.10,5.5),(11.11,8.8)); 3
((10.10,5.5),(11.11,9.9)); 7
((10.10,5.5),(2.2,3.3)); 100
((10.10,5.5),(2.2,4.4)); 100
((10.10,5.5),(2.2,7.7)); 3
((10.10,5.5),(2.2,8.8)); 3
((10.10,5.5),(2.2,9.9)); 7
((10.10,5.5),(3.3,4.4)); 100
((10.10,5.5),(3.3,7.7)); 3
((10.10,5.5),(3.3,8.8)); 3
((10.10,5.5),(3.3,9.9)); 7
((10.10,5.5),(4.4,7.7)); 3
((10.10,5.5),(4.4,8.8)); 3
((10.10,5.5),(4.4,9.9)); 7
((10.10,5.5),(7.7,8.8)); 97
((10.10,5.5),(7.7,9.9)); 30
((10.10,5.5),(8.8,9.9)); 30
((10.10,6.6),(11.11,2.2)); 100
((10.10,6.6),(11.11,3.3)); 100
((10.10,6.6),(11.11,4.4)); 100
((10.10,6.6),(11.11,7.7)); 3
((10.10,6.6),(11.11,8.8)); 3
((10.10,6.6),(11.11,9.9)); 7
((10.10,6.6),(2.2,3.3)); 100
((10.10,6.6),(2.2,4.4)); 100
((10.10,6.6),(2.2,7.7)); 3
((10.10,6.6),(2.2,8.8)); 3
((10.10,6.6),(2.2,9.9)); 7
((10.10,6.6),(3.3,4.4)); 100
((10.10,6.6),(3.3,7.7)); 3
((10.10,6.6),(3.3,8.8)); 3
((10.10,6.6),(3.3,9.9)); 7
((10.10,6.6),(4.4,7.7)); 3
((10.10,6.6),(4.4,8.8)); 3
((10.10,6.6),(4.4,9.9)); 7
((10.10,6.6),(5.5,7.7)); 1
((10.10,6.6),(5.5,8.8)); 1
((10.10,6.6),(5.5,9.9)); 1
((10.10,6.6),(7.7,8.8)); 97
((10.10,6.6),(7.7,9.9)); 31
((10.10,6.6),(8.8,9.9)); 31
((10.10,7.7),(11.11,2.2)); 100
((10.10,7.7),(11.11,3.3)); 100
((10.10,7.7),(11.11,4.4)); 100
((10.10,7.7),(11.11,5.5)); 6
((10.10,7.7),(11.11,6.6)); 6
((10.10,7.7),(11.11,9.9)); 8
((10.10,7.7),(2.2,3.3)); 100
((10.10,7.7),(2.2,4.4)); 100
((10.10,7.7),(2.2,5.5)); 6
((10.10,7.7),(2.2,6.6)); 6
((10.10,7.7),(2.2,9.9)); 8
((10.10,7.7),(3.3,4.4)); 100
((10.10,7.7),(3.3,5.5)); 6
((10.10,7.7),(3.3,6.6)); 6
((10.10,7.7),(3.3,9.9)); 8
((10.10,7.7),(4.4,5.5)); 6
((10.10,7.7),(4.4,6.6)); 6
((10.10,7.7),(4.4,9.9)); 8
((10.10,7.7),(5.5,6.6)); 99
((10.10,7.7),(5.5,8.8)); 1
((10.10,7.7),(5.5,9.9)); 22
((10.10,7.7),(6.6,8.8)); 1
((10.10,7.7),(6.6,9.9)); 21
((10.10,7.7),(8.8,9.9)); 1
((10.10,8.8),(11.11,2.2)); 100
((10.10,8.8),(11.11,3.3)); 100
((10.10,8.8),(11.11,4.4)); 100
((10.10,8.8),(11.11,5.5)); 6
((10.10,8.8),(11.11,6.6)); 6
((10.10,8.8),(11.11,9.9)); 8
((10.10,8.8),(2.2,3.3)); 100
((10.10,8.8),(2.2,4.4)); 100
((10.10,8.8),(2.2,5.5)); 6
((10.10,8.8),(2.2,6.6)); 6
((10.10,8.8),(2.2,9.9)); 8
((10.10,8.8),(3.3,4.4)); 100
((10.10,8.8),(3.3,5.5)); 6
((10.10,8.8),(3.3,6.6)); 6
((10.10,8.8),(3.3,9.9)); 8
((10.10,8.8),(4.4,5.5)); 6
((10.10,8.8),(4.4,6.6)); 6
((10.10,8.8),(4.4,9.9)); 8
((10.10,8.8),(5.5,6.6)); 99
((10.10,8.8),(5.5,7.7)); 2
((10.10,8.8),(5.5,9.9)); 22
((10.10,8.8),(6.6,7.7)); 2
((10.10,8.8),(6.6,9.9)); 21
((10.10,8.8),(7.7,9.9)); 1
((10.10,9.9),(11.11,2.2)); 100
((10.10,9.9),(11.11,3.3)); 100
((10.10,9.9),(11.11,4.4)); 100
((10.10,9.9),(11.11,5.5)); 6
((10.10,9.9),(11.11,6.6)); 6
((10.10,9.9),(11.11,7.7)); 4
((10.10,9.9),(11.11,8.8)); 4
((10.10,9.9),(2.2,3.3)); 100
((10.10,9.9),(2.2,4.4)); 100
((10.10,9.9),(2.2,5.5)); 6
((10.10,9.9),(2.2,6.6)); 6
((10.10,9.9),(2.2,7.7)); 4
((10.10,9.9),(2.2,8.8)); 4
((10.10,9.9),(3.3,4.4)); 100
((10.10,9.9),(3.3,5.5)); 6
((10.10,9.9),(3.3,6.6)); 6
((10.10,9.9),(3.3,7.7)); 4
((10.10,9.9),(3.3,8.8)); 4
((10.10,9.9),(4.4,5.5)); 6
((10.10,9.9),(4.4,6.6)); 6
((10.10,9.9),(4.4,7.7)); 4
((10.10,9.9),(4.4,8.8)); 4
((10.10,9.9),(5.5,6.6)); 99
((10.10,9.9),(5.5,7.7)); 48
((10.10,9.9),(5.5,8.8)); 48
((10.10,9.9),(6.6,7.7)); 48
((10.10,9.9),(6.6,8.8)); 48
((10.10,9.9),(7.7,8.8)); 98
((11.11,2.2),(3.3,4.4)); 8
((11.11,2.2),(5.5,6.6)); 100
((11.11,2.2),(5.5,7.7)); 100
((11.11,2.2),(5.5,8.8)); 100
((11.11,2.2),(5.5,9.9)); 100
((11.11,2.2),(6.6,7.7)); 100
((11.11,2.2),(6.6,8.8)); 100
((11.11,2.2),(6.6,9.9)); 100
((11.11,2.2),(7.7,8.8)); 100
((11.11,2.2),(7.7,9.9)); 100
((11.11,2.2),(8.8,9.9)); 100
((11.11,3.3),(2.2,4.4)); 5
((11.11,3.3),(5.5,6.6)); 100
((11.11,3.3),(5.5,7.7)); 100
((11.11,3.3),(5.5,8.8)); 100
((11.11,3.3),(5.5,9.9)); 100
((11.11,3.3),(6.6,7.7)); 100
((11.11,3.3),(6.6,8.8)); 100
((11.11,3.3),(6.6,9.9)); 100
((11.11,3.3),(7.7,8.8)); 100
((11.11,3.3),(7.7,9.9)); 100
((11.11,3.3),(8.8,9.9)); 100
((11.11,4.4),(2.2,3.3)); 87
((11.11,4.4),(5.5,6.6)); 100
((11.11,4.4),(5.5,7.7)); 100
((11.11,4.4),(5.5,8.8)); 100
((11.11,4.4),(5.5,9.9)); 100
((11.11,4.4),(6.6,7.7)); 100
((11.11,4.4),(6.6,8.8)); 100
((11.11,4.4),(6.6,9.9)); 100
((11.11,4.4),(7.7,8.8)); 100
((11.11,4.4),(7.7,9.9)); 100
((11.11,4.4),(8.8,9.9)); 100
((11.11,5.5),(2.2,3.3)); 100
((11.11,5.5),(2.2,4.4)); 100
((11.11,5.5),(3.3,4.4)); 100
((11.11,5.5),(7.7,8.8)); 97
((11.11,5.5),(7.7,9.9)); 30
((11.11,5.5),(8.8,9.9)); 30
((11.11,6.6),(2.2,3.3)); 100
((11.11,6.6),(2.2,4.4)); 100
((11.11,6.6),(3.3,4.4)); 100
((11.11,6.6),(5.5,7.7)); 1
((11.11,6.6),(5.5,8.8)); 1
((11.11,6.6),(5.5,9.9)); 1
((11.11,6.6),(7.7,8.8)); 97
((11.11,6.6),(7.7,9.9)); 31
((11.11,6.6),(8.8,9.9)); 31
((11.11,7.7),(2.2,3.3)); 100
((11.11,7.7),(2.2,4.4)); 100
((11.11,7.7),(3.3,4.4)); 100
((11.11,7.7),(5.5,6.6)); 99
((11.11,7.7),(5.5,8.8)); 1
((11.11,7.7),(5.5,9.9)); 22
((11.11,7.7),(6.6,8.8)); 1
((11.11,7.7),(6.6,9.9)); 21
((11.11,7.7),(8.8,9.9)); 1
((11.11,8.8),(2.2,3.3)); 100
((11.11,8.8),(2.2,4.4)); 100
((11.11,8.8),(3.3,4.4)); 100
((11.11,8.8),(5.5,6.6)); 99
((11.11,8.8),(5.5,7.7)); 2
((11.11,8.8),(5.5,9.9)); 22
((11.11,8.8),(6.6,7.7)); 2
((11.11,8.8),(6.6,9.9)); 21
((11.11,8.8),(7.7,9.9)); 1
((11.11,9.9),(2.2,3.3)); 100
((11.11,9.9),(2.2,4.4)); 100
((11.11,9.9),(3.3,4.4)); 100
((11.11,9.9),(5.5,6.6)); 99
((11.11,9.9),(5.5,7.7)); 48
((11.11,9.9),(5.5,8.8)); 48
((11.11,9.9),(6.6,7.7)); 48
((11.11,9.9),(6.6,8.8)); 48
((11.11,9.9),(7.7,8.8)); 98
((2.2,3.3),(4.4,5.5)); 87
((2.2,3.3),(4.4,6.6)); 87
((2.2,3.3),(4.4,7.7)); 87
((2.2,3.3),(4.4,8.8)); 87
((2.2,3.3),(4.4,9.9)); 87
((2.2,3.3),(5.5,6.6)); 100
((2.2,3.3),(5.5,7.7)); 100
((2.2,3.3),(5.5,8.8)); 100
((2.2,3.3),(5.5,9.9)); 100
((2.2,3.3),(6.6,7.7)); 100
((2.2,3.3),(6.6,8.8)); 100
((2.2,3.3),(6.6,9.9)); 100
((2.2,3.3),(7.7,8.8)); 100
((2.2,3.3),(7.7,9.9)); 100
((2.2,3.3),(8.8,9.9)); 100
((2.2,4.4),(3.3,5.5)); 5
((2.2,4.4),(3.3,6.6)); 5
((2.2,4.4),(3.3,7.7)); 5
((2.2,4.4),(3.3,8.8)); 5
((2.2,4.4),(3.3,9.9)); 5
((2.2,4.4),(5.5,6.6)); 100
((2.2,4.4),(5.5,7.7)); 100
((2.2,4.4),(5.5,8.8)); 100
((2.2,4.4),(5.5,9.9)); 100
((2.2,4.4),(6.6,7.7)); 100
((2.2,4.4),(6.6,8.8)); 100
((2.2,4.4),(6.6,9.9)); 100
((2.2,4.4),(7.7,8.8)); 100
((2.2,4.4),(7.7,9.9)); 100
((2.2,4.4),(8.8,9.9)); 100
((2.2,5.5),(3.3,4.4)); 8
((2.2,5.5),(7.7,8.8)); 97
((2.2,5.5),(7.7,9.9)); 30
((2.2,5.5),(8.8,9.9)); 30
((2.2,6.6),(3.3,4.4)); 8
((2.2,6.6),(5.5,7.7)); 1
((2.2,6.6),(5.5,8.8)); 1
((2.2,6.6),(5.5,9.9)); 1
((2.2,6.6),(7.7,8.8)); 97
((2.2,6.6),(7.7,9.9)); 31
((2.2,6.6),(8.8,9.9)); 31
((2.2,7.7),(3.3,4.4)); 8
((2.2,7.7),(5.5,6.6)); 99
((2.2,7.7),(5.5,8.8)); 1
((2.2,7.7),(5.5,9.9)); 22
((2.2,7.7),(6.6,8.8)); 1
((2.2,7.7),(6.6,9.9)); 21
((2.2,7.7),(8.8,9.9)); 1
((2.2,8.8),(3.3,4.4)); 8
((2.2,8.8),(5.5,6.6)); 99
((2.2,8.8),(5.5,7.7)); 2
((2.2,8.8),(5.5,9.9)); 22
((2.2,8.8),(6.6,7.7)); 2
((2.2,8.8),(6.6,9.9)); 21
((2.2,8.8),(7.7,9.9)); 1
((2.2,9.9),(3.3,4.4)); 8
((2.2,9.9),(5.5,6.6)); 99
((2.2,9.9),(5.5,7.7)); 48
((2.2,9.9),(5.5,8.8)); 48
((2.2,9.9),(6.6,7.7)); 48
((2.2,9.9),(6.6,8.8)); 48
((2.2,9.9),(7.7,8.8)); 98
((3.3,4.4),(5.5,6.6)); 100
((3.3,4.4),(5.5,7.7)); 100
((3.3,4.4),(5.5,8.8)); 100
((3.3,4.4),(5.5,9.9)); 100
((3.3,4.4),(6.6,7.7)); 100
((3.3,4.4),(6.6,8.8)); 100
((3.3,4.4),(6.6,9.9)); 100
((3.3,4.4),(7.7,8.8)); 100
((3.3,4.4),(7.7,9.9)); 100
((3.3,4.4),(8.8,9.9)); 100
((3.3,5.5),(7.7,8.8)); 97
((3.3,5.5),(7.7,9.9)); 30
((3.3,5.5),(8.8,9.9)); 30
((3.3,6.6),(5.5,7.7)); 1
((3.3,6.6),(5.5,8.8)); 1
((3.3,6.6),(5.5,9.9)); 1
((3.3,6.6),(7.7,8.8)); 97
((3.3,6.6),(7.7,9.9)); 31
((3.3,6.6),(8.8,9.9)); 31
((3.3,7.7),(5.5,6.6)); 99
((3.3,7.7),(5.5,8.8)); 1
((3.3,7.7),(5.5,9.9)); 22
((3.3,7.7),(6.6,8.8)); 1
((3.3,7.7),(6.6,9.9)); 21
((3.3,7.7),(8.8,9.9)); 1
((3.3,8.8),(5.5,6.6)); 99
((3.3,8.8),(5.5,7.7)); 2
((3.3,8.8),(5.5,9.9)); 22
((3.3,8.8),(6.6,7.7)); 2
((3.3,8.8),(6.6,9.9)); 21
((3.3,8.8),(7.7,9.9)); 1
((3.3,9.9),(5.5,6.6)); 99
((3.3,9.9),(5.5,7.7)); 48
((3.3,9.9),(5.5,8.8)); 48
((3.3,9.9),(6.6,7.7)); 48
((3.3,9.9),(6.6,8.8)); 48
((3.3,9.9),(7.7,8.8)); 98
((4.4,5.5),(7.7,8.8)); 97
((4.4,5.5),(7.7,9.9)); 30
((4.4,5.5),(8.8,9.9)); 30
((4.4,6.6),(5.5,7.7)); 1
((4.4,6.6),(5.5,8.8)); 1
((4.4,6.6),(5.5,9.9)); 1
((4.4,6.6),(7.7,8.8)); 97
((4.4,6.6),(7.7,9.9)); 31
((4.4,6.6),(8.8,9.9)); 31
((4.4,7.7),(5.5,6.6)); 99
((4.4,7.7),(5.5,8.8)); 1
((4.4,7.7),(5.5,9.9)); 22
((4.4,7.7),(6.6,8.8)); 1
((4.4,7.7),(6.6,9.9)); 21
((4.4,7.7),(8.8,9.9)); 1
((4.4,8.8),(5.5,6.6)); 99
((4.4,8.8),(5.5,7.7)); 2
((4.4,8.8),(5.5,9.9)); 22
((4.4,8.8),(6.6,7.7)); 2
((4.4,8.8),(6.6,9.9)); 21
((4.4,8.8),(7.7,9.9)); 1
((4.4,9.9),(5.5,6.6)); 99
((4.4,9.9),(5.5,7.7)); 48
((4.4,9.9),(5.5,8.8)); 48
((4.4,9.9),(6.6,7.7)); 48
((4.4,9.9),(6.6,8.8)); 48
((4.4,9.9),(7.7,8.8)); 98
((5.5,6.6),(7.7,8.8)); 100
((5.5,6.6),(7.7,9.9)); 99
((5.5,6.6),(8.8,9.9)); 99
((5.5,7.7),(8.8,9.9)); 2
((5.5,8.8),(7.7,9.9)); 1
((5.5,9.9),(6.6,7.7)); 1
((5.5,9.9),(6.6,8.8)); 1
((5.5,9.9),(7.7,8.8)); 97
((6.6,7.7),(8.8,9.9)); 2
((6.6,8.8),(7.7,9.9)); 1
((6.6,9.9),(7.7,8.8)); 97
